id label data 
0 1 72.0 56.0 51.0 84.0 87.0 157.0 33.0 
1 -1 78.0 62.0 65.0 65.0 82.0 156.0 60.0 
2 1 83.0 70.0 77.0 65.0 96.0 165.0 62.0 
3 1 76.0 62.0 52.0 72.0 58.0 156.0 31.0 
4 1 98.0 92.0 121.0 83.0 159.0 171.0 103.0 
5 1 72.0 54.0 44.0 83.0 78.0 154.0 38.0 
6 -1 94.0 80.0 91.0 64.0 93.0 163.0 73.0 
7 1 87.0 80.0 102.0 78.0 161.0 169.0 111.0 
8 1 86.0 75.0 92.0 66.0 104.0 170.0 82.0 
9 1 98.0 89.0 113.0 75.0 160.0 172.0 109.0 
10 1 98.0 88.0 99.0 67.0 114.0 169.0 82.0 
11 1 68.0 51.0 43.0 76.0 83.0 165.0 39.0 
12 -1 75.0 60.0 55.0 59.0 63.0 154.0 42.0 
13 -1 88.0 72.0 81.0 71.0 102.0 162.0 77.0 
14 1 94.0 80.0 95.0 68.0 77.0 161.0 54.0 
15 1 71.0 57.0 46.0 85.0 88.0 159.0 43.0 
16 -1 79.0 63.0 64.0 61.0 101.0 155.0 85.0 
17 1 81.0 68.0 83.0 64.0 112.0 156.0 83.0 
18 1 89.0 79.0 88.0 69.0 89.0 167.0 54.0 
19 -1 95.0 82.0 93.0 63.0 99.0 160.0 70.0 
20 -1 92.0 79.0 87.0 63.0 85.0 159.0 69.0 
21 1 93.0 85.0 103.0 66.0 138.0 169.0 101.0 
22 -1 87.0 74.0 82.0 70.0 109.0 163.0 73.0 
23 -1 88.0 77.0 90.0 64.0 102.0 165.0 78.0 
24 -1 92.0 73.0 76.0 50.0 73.0 159.0 63.0 
25 1 81.0 64.0 54.0 77.0 73.0 156.0 47.0 
26 -1 93.0 79.0 85.0 68.0 85.0 160.0 65.0 
27 1 74.0 59.0 54.0 78.0 85.0 160.0 54.0 
28 -1 98.0 79.0 87.0 57.0 89.0 154.0 72.0 
29 -1 89.0 76.0 74.0 71.0 85.0 160.0 61.0 
