id label data 
0 -1 0.31420991071279614 -0.12327548007956861 -0.30971417055607214 -0.7157155407861332 -0.14911747030638905 -0.8463588187990465 0.09551412673163438 
1 1 0.10242456986443572 0.31576161071702696 0.5075654267917477 0.6501082828807379 0.2743626962119814 1.3592305923529437 0.4251355371747122 
2 -1 -0.10936077098392467 -0.2110828982388877 -0.5651140447272659 0.22985479867554676 -0.8805832124744835 -1.0301579363950457 -0.5166399212340815 
3 -1 -0.7447167935290059 -0.5623125708761642 -0.7183539692299821 -0.6106521697348354 -0.26461206117503555 -0.2949614660110489 0.14260289965207407 
4 1 -1.1682874752257266 -0.9135422435134406 -0.922673868566937 0.12479142762424898 -0.534099439868544 -0.2949614660110489 -1.1287939691997975 
5 1 -1.4859654864982672 -1.879423843265951 -1.535633566577802 -0.8207789118374309 -1.6505471515987933 -0.6625597012030473 -1.8822143359268324 
6 -1 -0.0034681005597444713 -0.03546806192024949 0.3543255022890315 -0.1903986855296443 1.2368176201173688 0.624034121968947 1.1314671309813074 
7 -1 -0.3211461118322851 -0.5623125708761642 -0.7183539692299821 -1.7663492512991108 -2.1125255150733793 -0.8463588187990465 -1.929303108847272 
8 1 0.6318879219853367 1.0182209559915798 1.1205251248026127 -0.1903986855296443 1.2753158170735843 1.1754314747569448 1.2727334497426266 
9 1 -2.0154288386191683 -2.055038679584589 -2.148593264588667 2.1209954775989064 -0.9575796063869144 -1.7653544067790425 -1.788036790085953 
10 -1 1.0554586036820575 0.5791838651949843 0.4054054771232702 -0.8207789118374309 -0.9575796063869144 -0.2949614660110489 -0.6579062399954005 
11 1 1.0554586036820575 1.0182209559915798 1.427004973808045 -0.08533531447834655 1.5448031957670927 0.9916323571609454 1.4610885414243853 
12 -1 -0.21525344140810487 -0.2110828982388877 0.25216555262055396 0.8602350249833334 0.46685368099305885 -1.3977561715870441 0.896023266379109 
13 1 0.9495659332578773 0.6669912833543034 1.0183651751341352 0.12479142762424898 2.6227527105411266 1.9106279451409414 1.8377987247879026 
14 -1 -0.21525344140810487 -0.6501199890354833 -0.6672739943957433 -1.8714126223504086 -1.304063378992854 -0.6625597012030473 -1.0817051962793578 
15 -1 0.10242456986443572 -0.38669773455752593 -0.6161940195615047 -1.3460957670939198 -1.4195579698615004 0.2564358867769487 -0.7520837858362799 
16 -1 1.9025999670754992 1.5450654649474946 0.9162052254656576 -0.5055887986835377 -0.4186048489998975 -0.6625597012030473 0.14260289965207407 
17 1 0.31420991071279614 0.22795419255770785 0.20108557778631525 -0.2954620565809421 1.2368176201173688 1.1754314747569448 0.7076681746973503 
18 1 -0.0034681005597444713 -0.12327548007956861 -0.5140340698930271 0.6501082828807379 0.8133374535989983 2.2782261803329398 0.37804676425427247 
19 1 -0.850609463953186 -0.9135422435134406 -0.25863419572183344 -2.711919590760791 -1.1500705911679918 1.7268288275449422 -0.37537360247276247 
20 -1 1.1613512741062377 1.4572580467881755 1.069445149968374 0.6501082828807379 0.9673302414238603 0.07263676918094948 0.6134906288564709 
21 -1 0.31420991071279614 -0.12327548007956861 -0.30971417055607214 -0.08533531447834655 -0.3416084550874665 -1.0301579363950457 0.18969167257251376 
22 -1 -0.21525344140810487 0.31576161071702696 -0.3607941453903109 0.019728056572951215 -0.14911747030638905 0.07263676918094948 0.0013365808907550164 
23 1 -1.1682874752257266 -1.0013496616727597 -1.4845535917435633 0.4399815407781423 -1.8045399394236554 -1.213957053991045 -2.0234806546881514 
24 1 1.1613512741062377 1.6328728831068136 1.9378047221504324 1.070361767085929 1.9682833622854632 1.7268288275449422 1.6023548601857043 
25 1 1.373136614954598 2.423139646540686 3.1126441433379233 2.856439074957991 3.3157202557530057 1.3592305923529437 2.26159768107186 
26 -1 1.4790292853787783 2.0719099739034093 2.2442845711558648 1.7007419933937156 1.1213230292487222 0.4402350043729479 1.0843783580608677 
27 -1 0.42010258113697635 -0.2110828982388877 -0.15647424605335594 0.019728056572951215 0.8518356505552138 0.4402350043729479 1.0843783580608677 
28 -1 0.737780592409517 0.40356902887634605 0.20108557778631525 -0.5055887986835377 0.5438500749054899 -0.8463588187990465 1.2256446768221867 
29 1 -0.21525344140810487 0.05233935623906962 0.5075654267917477 -0.8207789118374309 0.1973663022995504 0.9916323571609454 -0.13992973787056404 
30 -1 0.31420991071279614 -0.03546806192024949 -0.3607941453903109 -1.9764759934017064 -1.2655651820366385 -0.11116234841504971 -0.7520837858362799 
31 -1 1.796707296651319 1.4572580467881755 0.9162052254656576 -0.2954620565809421 0.1973663022995504 -0.6625597012030473 0.6605794017769105 
32 -1 0.737780592409517 0.6669912833543034 0.5586454016259864 0.54504491182944 0.8518356505552138 -0.6625597012030473 0.8489344934586693 
33 1 -0.850609463953186 -0.9135422435134406 -0.922673868566937 -0.9258422828887287 -0.7265904246496214 -0.11116234841504971 -0.7049950129158402 
34 1 2.008492637499679 1.4572580467881755 0.45648545195750895 0.8602350249833334 -0.5725976368247595 -1.213957053991045 -0.13992973787056404 
35 1 1.1613512741062377 1.3694506286288564 1.631324873145 0.7551716539320356 2.1222761501103253 1.7268288275449422 1.649443633106144 
36 1 -0.21525344140810487 -0.2110828982388877 -0.15647424605335594 0.7551716539320356 1.6987959835919546 1.1754314747569448 0.4251355371747122 
37 -1 0.20831724028861592 0.31576161071702696 0.45648545195750895 0.54504491182944 -0.611095833780975 -0.8463588187990465 -0.5637286941545212 
38 1 -0.6388241231048257 -0.7379274071948024 -0.6672739943957433 -0.1903986855296443 0.7748392566427829 0.624034121968947 0.18969167257251376 
39 -1 0.10242456986443572 -0.03546806192024949 -0.30971417055607214 -0.08533531447834655 -0.4186048489998975 -0.8463588187990465 -0.2811960566318831 
40 1 -1.1682874752257266 -0.9135422435134406 -1.0759137930696532 1.1754251381372267 -0.611095833780975 -0.11116234841504971 -1.0817051962793578 
41 1 -0.0034681005597444713 0.40356902887634605 0.5586454016259864 1.3855518802398221 2.160774347066541 1.3592305923529437 1.5552660872652646 
42 -1 0.5259952515611566 0.14014677439838874 0.3032455274547927 -0.5055887986835377 -0.7265904246496214 -0.6625597012030473 -0.13992973787056404 
43 -1 1.1613512741062377 0.4913764470356652 0.3032455274547927 -1.1359690249913241 -0.611095833780975 -1.5815552891830433 -0.09284096495012435 
44 1 -1.3800728160740872 -1.4403867524693552 -1.5867135414120406 0.8602350249833334 1.5063049988108772 -0.2949614660110489 -1.4113266067224355 
45 1 -0.3211461118322851 0.31576161071702696 -0.30971417055607214 -0.5055887986835377 -0.7265904246496214 0.9916323571609454 -0.7520837858362799 
46 1 -1.8036434977708078 -1.7916164251066318 -1.4334736169093245 0.22985479867554676 -0.6495940307371905 -1.5815552891830433 -1.5996816984041942 
47 -1 0.6318879219853367 0.6669912833543034 0.4054054771232702 -0.1903986855296443 -0.11061927335017355 -0.4787605836070481 0.09551412673163438 
48 1 -0.3211461118322851 0.22795419255770785 0.45648545195750895 -1.9764759934017064 -0.842085015518268 1.9106279451409414 -0.3282848295523228 
49 -1 -0.4270387822564653 -0.47450515271684507 -0.5140340698930271 0.4399815407781423 0.2743626962119814 -1.0301579363950457 0.3309579913338328 
50 -1 0.6318879219853367 0.31576161071702696 0.3032455274547927 -0.8207789118374309 -0.534099439868544 -0.8463588187990465 -0.09284096495012435 
51 1 0.6318879219853367 0.9304135378322608 1.3759249989738063 -0.8207789118374309 -0.07212107639395805 1.9106279451409414 0.6134906288564709 
52 -1 1.267243944530418 0.5791838651949843 0.25216555262055396 -2.2916661065555997 -1.0730741972555609 1.1754314747569448 -0.4695511483136418 
53 -1 -1.274180145649907 -1.5281941706286744 -1.4845535917435633 -2.606856219709493 -1.843038136379871 -1.213957053991045 -1.4584153796428752 
54 -1 -0.6388241231048257 -0.38669773455752593 -0.10539427121911721 -1.0309056539400265 0.7748392566427829 -0.6625597012030473 1.5552660872652646 
55 -1 -0.3211461118322851 0.05233935623906962 -0.20755422088759468 0.3349181697268445 0.15886810534333493 -0.8463588187990465 0.37804676425427247 
56 1 -0.10936077098392467 -0.38669773455752593 -0.05431429638487846 0.6501082828807379 2.2377707409789718 0.2564358867769487 1.6965324060265836 
57 1 -1.6977508273466277 -1.176964497991398 -1.4334736169093245 0.9652983960346311 -0.14911747030638905 -1.0301579363950457 -1.0817051962793578 
58 1 0.10242456986443572 0.40356902887634605 0.7118853261287027 0.12479142762424898 1.0058284383800757 0.4402350043729479 0.7076681746973503 
59 1 -1.274180145649907 -1.176964497991398 -1.0248338182354146 -0.40052542763223986 0.3898572870806279 -1.5815552891830433 -0.37537360247276247 
60 -1 1.1613512741062377 1.896295137584771 1.835644772481955 1.7007419933937156 1.4293086048984462 0.2564358867769487 1.8848874977083423 
61 -1 1.0554586036820575 0.9304135378322608 0.7118853261287027 -0.7157155407861332 -0.4186048489998975 -0.6625597012030473 0.18969167257251376 
62 -1 -0.4270387822564653 -0.47450515271684507 -0.15647424605335594 -0.2954620565809421 0.5823482718617053 -1.3977561715870441 1.508177314344825 
63 -1 0.10242456986443572 0.14014677439838874 0.3543255022890315 -0.1903986855296443 -0.14911747030638905 0.07263676918094948 0.4251355371747122 
64 -1 -0.3211461118322851 -0.5623125708761642 -0.6672739943957433 -1.3460957670939198 0.04337351447468843 -0.11116234841504971 0.9902008122199883 
65 1 -0.6388241231048257 -0.5623125708761642 -0.6161940195615047 0.7551716539320356 0.7363410596865674 0.4402350043729479 0.0013365808907550164 
66 1 -1.6977508273466277 -1.4403867524693552 -1.7910334407489956 1.8058053644450132 -0.6495940307371905 -0.6625597012030473 -1.4584153796428752 
67 1 -0.21525344140810487 0.05233935623906962 0.25216555262055396 0.4399815407781423 0.7363410596865674 -1.213957053991045 0.4251355371747122 
68 -1 -0.9565021343773663 -1.0013496616727597 -0.8205139188984596 -0.2954620565809421 -0.8805832124744835 -1.213957053991045 -0.6579062399954005 
69 1 1.6908146262271389 1.8084877194254518 2.2442845711558648 0.9652983960346311 1.5063049988108772 0.07263676918094948 1.366910995583506 
70 -1 2.008492637499679 1.7206803012661327 1.2737650493053287 -1.0309056539400265 -0.4186048489998975 -0.6625597012030473 0.3309579913338328 
71 1 -0.9565021343773663 -0.6501199890354833 -0.8205139188984596 1.1754251381372267 0.12036990838711942 0.07263676918094948 -0.3282848295523228 
72 -1 0.31420991071279614 -0.03546806192024949 -0.41187412022454967 -0.9258422828887287 -2.0355291211609483 -1.5815552891830433 -1.7409480171655134 
73 1 -0.0034681005597444713 0.05233935623906962 -0.15647424605335594 0.6501082828807379 1.0443266353362912 0.624034121968947 0.47222431009515187 
74 -1 -0.4270387822564653 -0.6501199890354833 -0.6672739943957433 -0.1903986855296443 -0.4956012429123285 -1.0301579363950457 0.14260289965207407 
75 -1 0.737780592409517 0.5791838651949843 0.20108557778631525 -1.5562225091965154 -0.457103045956113 0.07263676918094948 0.0484253538111947 
76 -1 -0.7447167935290059 -0.29889031639820685 -0.30971417055607214 -0.2954620565809421 -0.26461206117503555 -1.5815552891830433 0.5664018559360312 
77 1 -0.5329314526806455 -1.0891570798320789 -0.6672739943957433 -2.606856219709493 -1.0345760002993454 1.543029709948943 -0.5637286941545212 
78 1 0.42010258113697635 0.7547987015136225 0.9162052254656576 0.54504491182944 1.5063049988108772 1.1754314747569448 1.037289585140428 
79 -1 0.20831724028861592 0.40356902887634605 1.4780849486422838 -0.1903986855296443 1.1598212262049379 0.624034121968947 2.1674201352309805 
80 -1 0.20831724028861592 0.05233935623906962 0.1500056029520765 0.019728056572951215 -1.0345760002993454 -0.6625597012030473 -0.9404388775180387 
81 -1 2.1143853079238597 1.6328728831068136 1.3248450241395675 -1.241032396042622 -0.22611386421882004 -0.2949614660110489 0.4251355371747122 
82 -1 -0.21525344140810487 0.22795419255770785 0.3543255022890315 0.12479142762424898 -0.4186048489998975 0.4402350043729479 -0.04575219202968467 
83 -1 -0.850609463953186 -0.9135422435134406 -0.8715938937326984 -0.7157155407861332 -0.14911747030638905 -1.3977561715870441 0.5193130830155915 
84 -1 0.10242456986443572 -0.12327548007956861 -0.003234321550639723 0.3349181697268445 -0.11061927335017355 -0.11116234841504971 0.14260289965207407 
85 1 -0.5329314526806455 -0.2110828982388877 -0.003234321550639723 0.8602350249833334 -0.26461206117503555 0.9916323571609454 -0.6108174670749609 
86 1 0.31420991071279614 0.40356902887634605 1.069445149968374 -0.7157155407861332 0.15886810534333493 2.645824415524938 0.28386921841339313 
87 1 -0.21525344140810487 0.14014677439838874 -0.003234321550639723 2.015932106547609 0.8133374535989983 1.9106279451409414 0.09551412673163438 
88 -1 -0.0034681005597444713 0.22795419255770785 0.09892562811783776 -0.1903986855296443 -0.26461206117503555 0.07263676918094948 -0.04575219202968467 
89 1 0.20831724028861592 0.31576161071702696 0.45648545195750895 0.7551716539320356 1.3138140140297998 1.543029709948943 0.6134906288564709 
90 -1 0.10242456986443572 0.31576161071702696 0.1500056029520765 0.8602350249833334 0.8133374535989983 -0.4787605836070481 0.47222431009515187 
91 1 0.20831724028861592 -0.2110828982388877 0.20108557778631525 -0.2954620565809421 1.6217995896795236 0.624034121968947 1.0843783580608677 
92 1 -1.274180145649907 -0.47450515271684507 -0.6161940195615047 0.6501082828807379 0.6978428627303519 -0.11116234841504971 -0.18701851079100373 
93 1 -0.9565021343773663 -0.7379274071948024 -0.4629540950587884 -1.1359690249913241 -0.611095833780975 0.9916323571609454 -0.5637286941545212 
94 1 -0.10936077098392467 0.05233935623906962 0.3543255022890315 -1.9764759934017064 -0.8805832124744835 1.7268288275449422 -0.37537360247276247 
95 -1 -0.7447167935290059 -0.29889031639820685 0.09892562811783776 0.22985479867554676 -0.611095833780975 -1.0301579363950457 -0.2811960566318831 
96 1 0.5259952515611566 0.31576161071702696 0.5075654267917477 0.3349181697268445 1.3908104079422308 2.0944270627369406 0.6605794017769105 
97 1 -1.274180145649907 -1.5281941706286744 -1.4845535917435633 -0.1903986855296443 0.42835548403684337 0.07263676918094948 0.6134906288564709 
98 -1 1.796707296651319 1.2816432104695372 1.069445149968374 0.3349181697268445 -0.11061927335017355 -0.6625597012030473 0.3309579913338328 
99 -1 0.20831724028861592 -0.2110828982388877 -0.20755422088759468 -1.1359690249913241 -0.18761566726260454 -0.6625597012030473 0.23678044549295343 
100 1 0.737780592409517 0.7547987015136225 1.069445149968374 0.6501082828807379 1.8142905744606013 1.7268288275449422 1.508177314344825 
101 1 0.6318879219853367 0.6669912833543034 1.1716050996368512 -0.5055887986835377 1.2368176201173688 1.7268288275449422 1.508177314344825 
102 -1 1.267243944530418 0.8426061196729416 1.0183651751341352 -0.5055887986835377 -0.26461206117503555 -0.11116234841504971 0.3309579913338328 
103 -1 0.42010258113697635 0.4913764470356652 0.20108557778631525 0.6501082828807379 0.12036990838711942 -0.4787605836070481 -0.5637286941545212 
104 -1 -0.10936077098392467 -0.03546806192024949 0.047845653283599014 -0.1903986855296443 0.7748392566427829 0.624034121968947 0.7076681746973503 
105 1 -0.850609463953186 -1.176964497991398 -1.126993767903892 -0.40052542763223986 0.3128608931681969 -0.11116234841504971 -0.18701851079100373 
106 -1 -1.1682874752257266 -1.0013496616727597 -0.922673868566937 0.6501082828807379 -0.4956012429123285 -0.6625597012030473 -0.7049950129158402 
107 -1 -0.10936077098392467 -0.03546806192024949 -0.003234321550639723 0.019728056572951215 0.04337351447468843 -0.4787605836070481 0.3309579913338328 
108 1 -1.3800728160740872 -1.2647719161507172 -1.3823936420750857 1.070361767085929 -0.765088621605837 -0.4787605836070481 -0.9404388775180387 
109 -1 0.5259952515611566 0.5791838651949843 0.8140452757971801 0.12479142762424898 1.0058284383800757 1.3592305923529437 1.508177314344825 
110 -1 1.796707296651319 1.6328728831068136 1.3248450241395675 -0.2954620565809421 0.2743626962119814 -0.6625597012030473 0.7076681746973503 
111 1 0.20831724028861592 0.9304135378322608 1.2737650493053287 1.3855518802398221 2.1992725440227563 0.624034121968947 1.2727334497426266 
112 -1 -1.0623948048015466 -1.0891570798320789 -1.0759137930696532 -0.40052542763223986 -0.30311025813125103 -1.5815552891830433 0.09551412673163438 
113 1 -1.6977508273466277 -1.7916164251066318 -1.9953533400859507 0.3349181697268445 -1.4965543637739314 -1.5815552891830433 -2.0234806546881514 
114 1 0.31420991071279614 0.40356902887634605 0.4054054771232702 0.54504491182944 1.1598212262049379 0.8078332395649462 0.896023266379109 
115 1 -0.9565021343773663 -0.9135422435134406 -1.1780737427381307 0.22985479867554676 -0.14911747030638905 -0.8463588187990465 -0.2811960566318831 
116 1 0.42010258113697635 0.40356902887634605 0.5075654267917477 0.3349181697268445 0.3898572870806279 1.1754314747569448 0.3309579913338328 
117 1 0.42010258113697635 0.40356902887634605 0.7118853261287027 0.54504491182944 2.1222761501103253 1.3592305923529437 1.4610885414243853 
118 -1 -0.0034681005597444713 -0.12327548007956861 0.1500056029520765 -0.40052542763223986 0.9673302414238603 0.07263676918094948 0.9431120392995487 
119 -1 1.5849219558029586 0.5791838651949843 0.25216555262055396 -1.5562225091965154 -0.9575796063869144 1.9106279451409414 -0.5166399212340815 
120 -1 1.4790292853787783 1.6328728831068136 1.1716050996368512 -1.3460957670939198 -0.4186048489998975 0.07263676918094948 0.28386921841339313 
121 -1 -0.0034681005597444713 -0.47450515271684507 -0.5651140447272659 -1.1359690249913241 0.2743626962119814 -0.6625597012030473 0.8489344934586693 
122 -1 -0.4270387822564653 -0.38669773455752593 -0.25863419572183344 -0.7157155407861332 0.0048753175184729335 -0.11116234841504971 -0.18701851079100373 
123 1 0.8436732628336971 1.2816432104695372 1.5291649234765226 1.3855518802398221 1.7372941805481703 1.543029709948943 1.037289585140428 
124 1 -0.850609463953186 -0.47450515271684507 -0.05431429638487846 -2.2916661065555997 -1.2655651820366385 1.1754314747569448 -0.6579062399954005 
125 1 0.31420991071279614 0.22795419255770785 0.4054054771232702 0.4399815407781423 0.3513590901244124 1.3592305923529437 -0.2341072837114434 
126 1 -0.6388241231048257 -0.47450515271684507 -0.30971417055607214 0.6501082828807379 0.9288320444676448 0.4402350043729479 0.37804676425427247 
127 1 -0.850609463953186 -0.7379274071948024 -1.3823936420750857 1.8058053644450132 0.5823482718617053 -1.5815552891830433 -0.13992973787056404 
128 -1 -0.0034681005597444713 -0.29889031639820685 -0.41187412022454967 -1.3460957670939198 -1.1500705911679918 -0.4787605836070481 -0.7991725587567197 
129 -1 1.0554586036820575 0.6669912833543034 0.8651252506314189 -0.6106521697348354 0.12036990838711942 -1.0301579363950457 0.47222431009515187 
130 1 -0.4270387822564653 -0.38669773455752593 -0.30971417055607214 -1.9764759934017064 -0.7265904246496214 1.3592305923529437 -0.18701851079100373 
131 1 -1.5918581569224475 -1.352579334310036 -1.535633566577802 1.3855518802398221 -0.9960778033431299 -1.5815552891830433 -1.788036790085953 
132 -1 1.796707296651319 1.896295137584771 1.9378047221504324 0.6501082828807379 1.8527887714168167 -0.6625597012030473 1.931976270628782 
133 1 -0.0034681005597444713 0.40356902887634605 0.45648545195750895 0.4399815407781423 0.3513590901244124 0.2564358867769487 0.5193130830155915 
134 -1 -0.21525344140810487 0.05233935623906962 -0.10539427121911721 -0.08533531447834655 -0.14911747030638905 -0.2949614660110489 -0.2811960566318831 
135 1 -1.0623948048015466 -1.7916164251066318 -1.7399534659147569 -0.1903986855296443 -1.304063378992854 -1.7653544067790425 -1.3171490608815561 
136 1 0.20831724028861592 0.14014677439838874 0.20108557778631525 0.22985479867554676 1.5063049988108772 0.2564358867769487 1.037289585140428 
137 1 0.9495659332578773 1.0182209559915798 1.5291649234765226 1.070361767085929 1.6217995896795236 1.543029709948943 1.0843783580608677 
138 1 -2.1213215090433484 -2.142846097743908 -2.1996732394229057 -0.2954620565809421 -1.0730741972555609 -2.31675175956704 -1.6938592442450735 
139 -1 0.31420991071279614 0.14014677439838874 0.6608053512944639 -0.6106521697348354 0.5823482718617053 -1.0301579363950457 1.6023548601857043 
140 1 -0.21525344140810487 -0.03546806192024949 0.5075654267917477 -1.9764759934017064 -0.6495940307371905 1.3592305923529437 0.23678044549295343 
141 -1 0.10242456986443572 -0.03546806192024949 0.3032455274547927 -0.6106521697348354 0.0048753175184729335 -0.11116234841504971 0.0013365808907550164 
142 1 -1.274180145649907 -1.0013496616727597 -1.2291537175723695 2.2260588486502044 -0.18761566726260454 -1.0301579363950457 -0.6108174670749609 
143 1 -0.21525344140810487 -0.47450515271684507 -0.6672739943957433 -0.1903986855296443 -0.9190814094306989 -0.8463588187990465 -0.5166399212340815 
144 1 -1.274180145649907 -1.0013496616727597 -0.9737538434011758 1.5956786223424178 -0.534099439868544 0.2564358867769487 -1.2229715150406768 
145 -1 4.020453375559103 4.530517682364344 4.032083690354221 2.5412489618040977 3.1617274679281437 0.2564358867769487 3.862615960366809 
146 1 1.267243944530418 1.4572580467881755 1.7845647976477161 -0.1903986855296443 1.0828248322925067 0.4402350043729479 2.26159768107186 
147 -1 0.10242456986443572 0.14014677439838874 0.20108557778631525 -0.5055887986835377 0.9673302414238603 0.8078332395649462 0.8489344934586693 
148 1 -0.3211461118322851 0.05233935623906962 0.3543255022890315 -1.1359690249913241 -0.842085015518268 0.9916323571609454 -0.3282848295523228 
149 1 1.1613512741062377 1.6328728831068136 2.0399646718189097 1.5956786223424178 2.08377795315411 1.543029709948943 1.366910995583506 
150 1 -1.1682874752257266 -1.0891570798320789 -1.126993767903892 0.54504491182944 0.15886810534333493 -0.2949614660110489 -0.5637286941545212 
151 1 0.737780592409517 1.2816432104695372 1.3759249989738063 0.8602350249833334 1.7372941805481703 1.543029709948943 1.2256446768221867 
152 -1 -0.10936077098392467 0.22795419255770785 -0.003234321550639723 1.070361767085929 0.5438500749054899 -1.0301579363950457 0.47222431009515187 
153 1 -1.4859654864982672 -1.2647719161507172 -1.2802336924066082 0.7551716539320356 -0.6495940307371905 0.2564358867769487 -1.2229715150406768 
154 -1 -0.5329314526806455 -0.6501199890354833 -0.5651140447272659 -1.9764759934017064 -0.9960778033431299 -0.4787605836070481 -0.3282848295523228 
155 -1 0.20831724028861592 0.22795419255770785 -0.3607941453903109 0.3349181697268445 -0.765088621605837 -0.4787605836070481 -0.6108174670749609 
156 1 -1.6977508273466277 -2.2306535159032275 -2.2507532142571445 0.6501082828807379 -1.1115723942117763 -1.5815552891830433 -1.6938592442450735 
157 1 -0.0034681005597444713 0.5791838651949843 1.069445149968374 1.070361767085929 2.160774347066541 1.1754314747569448 1.7436211789470233 
158 -1 0.9495659332578773 0.8426061196729416 0.8651252506314189 -0.5055887986835377 0.3898572870806279 -0.4787605836070481 0.6134906288564709 
159 1 -1.8036434977708078 -1.879423843265951 -1.8421134155832344 0.54504491182944 -1.9970309242047328 -1.213957053991045 -2.21183574636991 
160 -1 -0.21525344140810487 -0.38669773455752593 -0.6161940195615047 -0.40052542763223986 -0.765088621605837 -0.4787605836070481 -0.9404388775180387 
161 1 -0.3211461118322851 -0.47450515271684507 -0.6161940195615047 1.49061525129112 0.0048753175184729335 -1.5815552891830433 -0.18701851079100373 
162 -1 0.8436732628336971 0.4913764470356652 0.25216555262055396 -1.4511591381452176 -0.688092227693406 -1.0301579363950457 0.0484253538111947 
163 -1 2.008492637499679 1.896295137584771 1.631324873145 0.019728056572951215 0.6208464688179208 0.4402350043729479 0.9431120392995487 
164 1 -0.4270387822564653 -0.7379274071948024 -0.6672739943957433 -0.5055887986835377 -0.688092227693406 0.8078332395649462 -0.9404388775180387 
165 1 0.5259952515611566 0.7547987015136225 1.1716050996368512 0.4399815407781423 1.7372941805481703 0.4402350043729479 0.9902008122199883 
166 1 -1.8036434977708078 -2.055038679584589 -1.944273365251712 0.54504491182944 -1.1115723942117763 -1.0301579363950457 -1.5525929254837545 
167 1 -0.21525344140810487 0.05233935623906962 0.4054054771232702 -0.1903986855296443 1.0828248322925067 0.4402350043729479 0.6134906288564709 
168 -1 -0.4270387822564653 -0.5623125708761642 -0.41187412022454967 0.12479142762424898 0.3513590901244124 -1.3977561715870441 0.5193130830155915 
169 1 0.31420991071279614 0.9304135378322608 1.1205251248026127 0.54504491182944 1.1598212262049379 0.8078332395649462 1.366910995583506 
170 -1 0.6318879219853367 0.40356902887634605 0.1500056029520765 -0.9258422828887287 -0.457103045956113 -0.2949614660110489 -0.2341072837114434 
171 1 0.20831724028861592 0.4913764470356652 0.6097253764602252 -0.1903986855296443 0.5438500749054899 2.0944270627369406 0.9431120392995487 
172 -1 0.6318879219853367 0.4913764470356652 0.20108557778631525 0.019728056572951215 -0.765088621605837 -0.4787605836070481 -0.42246237539320214 
173 1 1.1613512741062377 1.2816432104695372 0.9162052254656576 -0.08533531447834655 0.3513590901244124 1.1754314747569448 0.37804676425427247 
174 1 0.5259952515611566 0.6669912833543034 0.6097253764602252 0.3349181697268445 1.5063049988108772 1.9106279451409414 1.0843783580608677 
175 -1 0.10242456986443572 0.31576161071702696 0.45648545195750895 -0.40052542763223986 -0.11061927335017355 0.4402350043729479 0.18969167257251376 
176 -1 1.1613512741062377 0.9304135378322608 1.069445149968374 -1.241032396042622 -0.30311025813125103 0.07263676918094948 0.6605794017769105 
177 -1 -0.9565021343773663 -0.9135422435134406 -0.8715938937326984 -0.1903986855296443 -1.0730741972555609 -0.6625597012030473 -0.9404388775180387 
178 -1 -1.274180145649907 -1.4403867524693552 -1.2291537175723695 -0.7157155407861332 -1.381059772905285 -0.8463588187990465 -1.3171490608815561 
179 -1 0.31420991071279614 0.31576161071702696 0.6608053512944639 0.12479142762424898 0.5823482718617053 -0.4787605836070481 1.366910995583506 
180 1 -1.8036434977708078 -1.96723126142527 -1.9953533400859507 2.1209954775989064 -1.0345760002993454 -1.5815552891830433 -1.8822143359268324 
181 1 -2.1213215090433484 -1.879423843265951 -1.9953533400859507 1.7007419933937156 -1.304063378992854 -0.4787605836070481 -1.929303108847272 
182 1 -0.21525344140810487 -0.03546806192024949 0.5075654267917477 -1.661285880247813 -0.8035868185620525 0.624034121968947 -0.2811960566318831 
183 -1 -0.4270387822564653 -0.12327548007956861 0.1500056029520765 0.22985479867554676 1.1598212262049379 0.07263676918094948 0.7076681746973503 
184 -1 -0.10936077098392467 -0.12327548007956861 0.047845653283599014 -0.08533531447834655 0.5053518779492744 0.4402350043729479 0.28386921841339313 
185 -1 0.8436732628336971 0.6669912833543034 0.6097253764602252 -0.08533531447834655 -0.26461206117503555 -0.6625597012030473 0.28386921841339313 
186 -1 0.6318879219853367 0.7547987015136225 0.20108557778631525 -1.241032396042622 -0.5725976368247595 1.1754314747569448 -0.04575219202968467 
187 -1 2.6438486600447604 2.2475248102220475 1.6824048479792386 -0.08533531447834655 -0.5725976368247595 -0.8463588187990465 -0.2811960566318831 
188 -1 -0.0034681005597444713 0.05233935623906962 -0.003234321550639723 0.12479142762424898 -0.7265904246496214 -0.6625597012030473 -0.7520837858362799 
189 1 -0.850609463953186 -0.47450515271684507 -0.6161940195615047 1.2804885091885245 0.6593446657741363 -0.2949614660110489 -0.09284096495012435 
190 1 -0.9565021343773663 -0.5623125708761642 -0.6672739943957433 0.8602350249833334 0.3128608931681969 -1.213957053991045 -0.4695511483136418 
191 -1 0.5259952515611566 0.4913764470356652 0.3032455274547927 -0.5055887986835377 -0.765088621605837 -0.6625597012030473 -0.2341072837114434 
192 -1 0.5259952515611566 0.40356902887634605 0.3543255022890315 0.12479142762424898 0.2743626962119814 -0.4787605836070481 0.5193130830155915 
193 -1 -1.3800728160740872 -1.2647719161507172 -1.3823936420750857 -0.1903986855296443 -0.9190814094306989 -1.9491535243750417 -1.0346164233589181 
194 1 -1.1682874752257266 -0.5623125708761642 -0.20755422088759468 -1.0309056539400265 -1.0730741972555609 1.9106279451409414 -0.37537360247276247 
195 1 1.373136614954598 1.6328728831068136 2.0910446466531485 0.9652983960346311 1.8527887714168167 0.8078332395649462 1.366910995583506 
196 -1 -0.10936077098392467 0.05233935623906962 0.25216555262055396 -0.6106521697348354 -0.611095833780975 0.624034121968947 -0.3282848295523228 
197 -1 0.10242456986443572 -0.03546806192024949 0.5586454016259864 -0.8207789118374309 0.0048753175184729335 0.07263676918094948 0.14260289965207407 
198 -1 0.737780592409517 0.4913764470356652 0.1500056029520765 -0.08533531447834655 -0.22611386421882004 0.07263676918094948 -0.18701851079100373 
199 1 0.8436732628336971 1.0182209559915798 1.069445149968374 0.7551716539320356 2.3917635288038337 1.3592305923529437 1.6965324060265836 
200 1 -0.7447167935290059 -1.0013496616727597 -1.0759137930696532 0.4399815407781423 -0.8805832124744835 -1.0301579363950457 -0.9404388775180387 
201 -1 -0.21525344140810487 -0.29889031639820685 -0.8205139188984596 2.5412489618040977 -0.07212107639395805 0.2564358867769487 -0.42246237539320214 
202 -1 2.855634000893121 1.9841025557440901 1.3248450241395675 0.54504491182944 0.5053518779492744 -0.8463588187990465 1.0843783580608677 
203 1 -0.10936077098392467 -0.47450515271684507 -0.25863419572183344 -1.0309056539400265 0.1973663022995504 0.624034121968947 0.3309579913338328 
204 1 0.31420991071279614 0.31576161071702696 0.5075654267917477 -0.1903986855296443 1.1983194231611534 1.7268288275449422 1.0843783580608677 
205 -1 0.20831724028861592 -0.12327548007956861 -0.25863419572183344 2.2260588486502044 -0.26461206117503555 -1.5815552891830433 -0.5166399212340815 
206 -1 2.32617064877222 2.5109470647000047 1.9378047221504324 0.6501082828807379 0.7363410596865674 -0.11116234841504971 1.4139997685039456 
207 -1 0.6318879219853367 0.31576161071702696 0.3032455274547927 -0.8207789118374309 -0.534099439868544 -0.8463588187990465 -0.09284096495012435 
208 1 -1.3800728160740872 -1.0891570798320789 -1.0248338182354146 -0.5055887986835377 -1.2655651820366385 -0.11116234841504971 -1.2229715150406768 
209 1 0.5259952515611566 0.14014677439838874 0.7118853261287027 -0.7157155407861332 1.2368176201173688 0.9916323571609454 1.2727334497426266 
210 -1 -1.0623948048015466 -0.8257348253541215 -0.8205139188984596 0.8602350249833334 -0.457103045956113 -0.6625597012030473 -0.37537360247276247 
211 1 -1.274180145649907 -1.352579334310036 -1.535633566577802 2.331122219701502 -0.7265904246496214 -1.0301579363950457 -1.5525929254837545 
212 1 0.31420991071279614 0.4913764470356652 0.8140452757971801 0.22985479867554676 1.5833013927233082 1.9106279451409414 1.1314671309813074 
213 1 0.737780592409517 0.6669912833543034 0.9162052254656576 0.12479142762424898 0.5438500749054899 1.1754314747569448 0.18969167257251376 
214 1 -1.4859654864982672 -1.0891570798320789 -1.535633566577802 1.49061525129112 -0.6495940307371905 -0.8463588187990465 -1.3642378338019958 
215 -1 -0.3211461118322851 -1.0891570798320789 -1.0759137930696532 -1.5562225091965154 -1.1115723942117763 -0.8463588187990465 -0.7049950129158402 
216 -1 1.267243944530418 1.0182209559915798 0.9162052254656576 -0.5055887986835377 0.3128608931681969 0.4402350043729479 0.6134906288564709 
217 1 -1.1682874752257266 -1.0891570798320789 -1.4845535917435633 3.4868193012657778 -0.4186048489998975 -1.3977561715870441 -1.3642378338019958 
218 -1 -0.5329314526806455 -0.8257348253541215 -0.6672739943957433 0.54504491182944 -0.380106652043682 0.07263676918094948 -0.8462613316771593 
219 1 0.42010258113697635 0.40356902887634605 0.7629653009629414 0.8602350249833334 2.353265331847618 2.0944270627369406 1.8848874977083423 
220 -1 0.20831724028861592 -0.03546806192024949 -0.003234321550639723 -0.2954620565809421 -0.688092227693406 0.8078332395649462 -0.18701851079100373 
221 1 0.20831724028861592 0.4913764470356652 0.3543255022890315 0.12479142762424898 -0.611095833780975 0.8078332395649462 -0.9404388775180387 
222 1 -0.6388241231048257 -0.12327548007956861 0.5075654267917477 -1.7663492512991108 -0.8805832124744835 2.2782261803329398 -0.04575219202968467 
223 1 0.20831724028861592 0.14014677439838874 -0.8715938937326984 1.3855518802398221 -0.14911747030638905 -1.5815552891830433 -0.09284096495012435 
224 1 -0.7447167935290059 -0.7379274071948024 -0.7694339440642208 1.070361767085929 0.15886810534333493 -0.2949614660110489 -0.2811960566318831 
225 1 -0.0034681005597444713 0.14014677439838874 0.45648545195750895 -0.40052542763223986 1.1983194231611534 1.7268288275449422 1.178555903901747 
226 -1 0.20831724028861592 0.14014677439838874 0.1500056029520765 -1.0309056539400265 0.3128608931681969 0.2564358867769487 0.4251355371747122 
227 -1 0.5259952515611566 -0.03546806192024949 -0.25863419572183344 -1.8714126223504086 -1.227066985080423 -0.6625597012030473 -0.5166399212340815 
228 1 -0.3211461118322851 0.05233935623906962 0.09892562811783776 1.7007419933937156 1.5833013927233082 0.624034121968947 0.8489344934586693 
229 -1 0.5259952515611566 0.7547987015136225 0.45648545195750895 -0.2954620565809421 -0.380106652043682 -0.4787605836070481 -0.09284096495012435 
230 1 -1.6977508273466277 -1.7916164251066318 -2.148593264588667 0.4399815407781423 -1.227066985080423 -1.7653544067790425 -1.929303108847272 
231 -1 -0.5329314526806455 -0.8257348253541215 -1.3823936420750857 -0.9258422828887287 -1.6120489546425778 -1.0301579363950457 -1.3171490608815561 
232 -1 0.20831724028861592 -0.03546806192024949 0.09892562811783776 -0.40052542763223986 -0.3416084550874665 -0.8463588187990465 0.09551412673163438 
233 -1 0.5259952515611566 0.14014677439838874 -0.05431429638487846 0.019728056572951215 0.08187171143090392 -0.2949614660110489 -0.13992973787056404 
234 1 -1.0623948048015466 -1.0891570798320789 -0.6672739943957433 0.4399815407781423 -0.611095833780975 -0.4787605836070481 -1.0346164233589181 
235 1 -1.0623948048015466 -1.2647719161507172 -1.331313667240847 -1.4511591381452176 -0.842085015518268 0.07263676918094948 -0.7520837858362799 
236 1 -1.8036434977708078 -1.7916164251066318 -1.944273365251712 2.856439074957991 -0.4956012429123285 -1.213957053991045 -1.6938592442450735 
237 1 -1.5918581569224475 -1.5281941706286744 -1.535633566577802 1.7007419933937156 -0.688092227693406 -1.0301579363950457 -1.929303108847272 
238 -1 -0.3211461118322851 -0.29889031639820685 -0.20755422088759468 0.54504491182944 0.15886810534333493 0.07263676918094948 -0.2341072837114434 
239 -1 -0.7447167935290059 -0.6501199890354833 -0.7694339440642208 0.4399815407781423 -0.07212107639395805 0.4402350043729479 -0.5637286941545212 
240 -1 -0.5329314526806455 -0.38669773455752593 -0.15647424605335594 -0.2954620565809421 0.5823482718617053 -0.6625597012030473 0.18969167257251376 
241 -1 0.6318879219853367 0.8426061196729416 0.6608053512944639 -0.2954620565809421 0.3128608931681969 1.1754314747569448 1.0843783580608677 
242 -1 -0.10936077098392467 -0.38669773455752593 -0.4629540950587884 -1.5562225091965154 -0.9190814094306989 -0.4787605836070481 -0.7049950129158402 
243 -1 1.1613512741062377 1.2816432104695372 1.0183651751341352 1.5956786223424178 1.2368176201173688 0.07263676918094948 1.6023548601857043 
244 1 -0.3211461118322851 -0.29889031639820685 0.09892562811783776 -0.9258422828887287 -0.30311025813125103 2.0944270627369406 -0.3282848295523228 
245 -1 -0.10936077098392467 -0.29889031639820685 -0.3607941453903109 0.54504491182944 -0.6495940307371905 -0.6625597012030473 -0.9875276504384783 
246 1 -1.0623948048015466 -0.8257348253541215 -0.6672739943957433 -0.5055887986835377 -0.380106652043682 0.8078332395649462 -0.2811960566318831 
247 1 0.5259952515611566 0.7547987015136225 0.9162052254656576 -0.1903986855296443 1.0443266353362912 1.7268288275449422 1.366910995583506 
248 1 -0.0034681005597444713 0.31576161071702696 0.5586454016259864 0.019728056572951215 0.5053518779492744 -0.8463588187990465 0.4251355371747122 
249 -1 0.8436732628336971 0.7547987015136225 0.6097253764602252 -0.5055887986835377 -0.22611386421882004 -0.4787605836070481 -0.18701851079100373 
250 1 -0.0034681005597444713 -0.03546806192024949 0.09892562811783776 0.22985479867554676 1.3908104079422308 0.624034121968947 0.8018457205382297 
251 1 -0.9565021343773663 -1.176964497991398 -1.2291537175723695 0.22985479867554676 0.7748392566427829 -0.4787605836070481 -0.04575219202968467 
252 1 0.31420991071279614 0.31576161071702696 0.9162052254656576 0.6501082828807379 1.6987959835919546 1.3592305923529437 1.2727334497426266 
253 1 -1.8036434977708078 -2.055038679584589 -2.0464333149201894 0.7551716539320356 -0.9960778033431299 -0.8463588187990465 -1.7409480171655134 
254 -1 -0.10936077098392467 -0.03546806192024949 -0.003234321550639723 -1.241032396042622 -1.0730741972555609 -0.2949614660110489 -0.5637286941545212 
255 -1 0.737780592409517 0.9304135378322608 0.5586454016259864 0.8602350249833334 -0.22611386421882004 -0.2949614660110489 -0.04575219202968467 
256 -1 0.31420991071279614 -0.03546806192024949 -0.25863419572183344 -0.5055887986835377 -0.611095833780975 -0.11116234841504971 -0.42246237539320214 
257 1 -1.909536168194988 -2.055038679584589 -2.0464333149201894 0.3349181697268445 -1.4195579698615004 -1.5815552891830433 -1.7409480171655134 
258 1 -0.850609463953186 -0.7379274071948024 -0.9737538434011758 1.3855518802398221 0.1973663022995504 -0.11116234841504971 -0.9875276504384783 
259 1 -0.3211461118322851 0.14014677439838874 0.3543255022890315 -0.40052542763223986 -0.4186048489998975 0.2564358867769487 -0.42246237539320214 
260 1 -0.4270387822564653 -0.03546806192024949 0.09892562811783776 0.9652983960346311 0.6593446657741363 -0.11116234841504971 0.0484253538111947 
261 -1 -0.21525344140810487 -0.29889031639820685 -0.6161940195615047 0.9652983960346311 0.0048753175184729335 -1.213957053991045 -0.5637286941545212 
262 1 -0.6388241231048257 -0.47450515271684507 0.09892562811783776 -0.40052542763223986 0.2743626962119814 -1.213957053991045 0.4251355371747122 
263 1 1.5849219558029586 2.2475248102220475 2.652924369829775 1.49061525129112 2.08377795315411 1.9106279451409414 1.931976270628782 
264 -1 -0.4270387822564653 -0.38669773455752593 -0.30971417055607214 -0.5055887986835377 -0.611095833780975 1.1754314747569448 -0.893350104597599 
265 -1 -0.21525344140810487 0.05233935623906962 0.09892562811783776 -0.08533531447834655 0.5438500749054899 0.2564358867769487 0.23678044549295343 
266 -1 0.10242456986443572 0.4913764470356652 0.09892562811783776 -0.8207789118374309 -0.8805832124744835 -0.6625597012030473 -0.3282848295523228 
267 1 -1.0623948048015466 -1.0013496616727597 -1.0248338182354146 0.6501082828807379 -0.457103045956113 0.624034121968947 -0.6108174670749609 
268 -1 -0.10936077098392467 0.05233935623906962 -0.10539427121911721 -0.5055887986835377 -0.3416084550874665 -0.2949614660110489 -0.37537360247276247 
269 -1 0.31420991071279614 0.40356902887634605 0.5075654267917477 -0.5055887986835377 -0.26461206117503555 -0.4787605836070481 0.23678044549295343 
270 1 1.267243944530418 1.8084877194254518 1.9378047221504324 0.22985479867554676 1.0828248322925067 1.9106279451409414 0.9431120392995487 
271 1 -0.21525344140810487 -0.47450515271684507 -0.10539427121911721 -0.6106521697348354 1.1213230292487222 0.8078332395649462 0.3309579913338328 
272 1 -0.21525344140810487 -0.38669773455752593 -0.4629540950587884 1.910868735496311 0.5823482718617053 -0.6625597012030473 -0.04575219202968467 
273 1 -0.0034681005597444713 0.40356902887634605 0.6608053512944639 0.7551716539320356 -1.4965543637739314 0.624034121968947 -1.929303108847272 
274 -1 1.267243944530418 0.9304135378322608 0.7629653009629414 -0.2954620565809421 0.3513590901244124 -0.11116234841504971 0.75475694761779 
275 -1 0.31420991071279614 -0.03546806192024949 -0.15647424605335594 -0.5055887986835377 -0.765088621605837 0.4402350043729479 -0.3282848295523228 
276 1 -2.0154288386191683 -2.055038679584589 -2.148593264588667 -0.6106521697348354 -1.5735507576863623 -0.8463588187990465 -2.0234806546881514 
277 -1 0.5259952515611566 -0.03546806192024949 -0.25863419572183344 -1.8714126223504086 -1.3425615759490694 0.07263676918094948 -0.893350104597599 
278 1 -0.10936077098392467 0.14014677439838874 0.6608053512944639 -0.5055887986835377 0.1973663022995504 2.2782261803329398 0.09551412673163438 
279 -1 -0.5329314526806455 -0.47450515271684507 -0.25863419572183344 0.54504491182944 -0.03362287943774256 0.07263676918094948 -0.3282848295523228 
280 1 -1.3800728160740872 -1.2647719161507172 -1.126993767903892 2.1209954775989064 -0.4956012429123285 -0.8463588187990465 -1.3171490608815561 
281 -1 0.9495659332578773 0.9304135378322608 1.069445149968374 0.019728056572951215 0.42835548403684337 -0.6625597012030473 1.178555903901747 
282 1 0.8436732628336971 1.106028374150899 0.9162052254656576 0.019728056572951215 1.4678068018546617 0.624034121968947 1.508177314344825 
283 1 -2.0154288386191683 -1.96723126142527 -1.944273365251712 0.8602350249833334 -0.842085015518268 0.4402350043729479 -1.6467704713246338 
284 1 1.796707296651319 2.598754482859324 2.397524495658581 0.9652983960346311 1.4293086048984462 0.4402350043729479 1.508177314344825 
285 1 0.31420991071279614 0.4913764470356652 0.6608053512944639 0.12479142762424898 1.8142905744606013 1.3592305923529437 1.4610885414243853 
286 -1 1.9025999670754992 1.5450654649474946 0.9162052254656576 0.3349181697268445 -0.26461206117503555 -0.2949614660110489 0.28386921841339313 
287 -1 1.796707296651319 1.6328728831068136 1.1716050996368512 -0.2954620565809421 -0.03362287943774256 -0.4787605836070481 0.47222431009515187 
288 1 0.20831724028861592 0.31576161071702696 0.6097253764602252 0.4399815407781423 2.160774347066541 1.543029709948943 1.6965324060265836 
289 1 -0.9565021343773663 -0.8257348253541215 -1.0759137930696532 -0.40052542763223986 -0.8035868185620525 -0.4787605836070481 -1.1758827421202371 
290 -1 -0.4270387822564653 -0.5623125708761642 -0.41187412022454967 -0.7157155407861332 -0.03362287943774256 -0.6625597012030473 0.8018457205382297 
291 1 1.4790292853787783 -0.8257348253541215 -0.7694339440642208 0.54504491182944 0.2743626962119814 -0.2949614660110489 -0.13992973787056404 
292 1 -0.6388241231048257 -0.8257348253541215 -1.3823936420750857 0.9652983960346311 -1.227066985080423 -1.213957053991045 -1.2700602879611165 
293 1 0.9495659332578773 1.106028374150899 1.631324873145 0.7551716539320356 1.8527887714168167 1.3592305923529437 1.037289585140428 
294 -1 -0.3211461118322851 -0.47450515271684507 -0.8205139188984596 -0.8207789118374309 -1.0730741972555609 -0.6625597012030473 -0.893350104597599 
295 -1 -1.4859654864982672 -1.176964497991398 -1.6377935162462793 0.6501082828807379 -1.227066985080423 -1.3977561715870441 -1.5996816984041942 
296 1 0.20831724028861592 0.22795419255770785 0.1500056029520765 0.12479142762424898 1.2753158170735843 0.07263676918094948 0.8018457205382297 
297 1 0.5259952515611566 0.4913764470356652 0.7629653009629414 0.019728056572951215 1.0828248322925067 1.3592305923529437 1.037289585140428 
298 -1 0.42010258113697635 0.6669912833543034 0.6097253764602252 0.54504491182944 0.46685368099305885 -0.11116234841504971 0.14260289965207407 
299 1 2.6438486600447604 3.1255989918152385 3.010484193669446 0.6501082828807379 1.0828248322925067 0.8078332395649462 1.790709951867463 
300 1 0.737780592409517 0.4913764470356652 1.1716050996368512 0.3349181697268445 2.0452797561978944 0.2564358867769487 1.2727334497426266 
301 1 -0.4270387822564653 -0.5623125708761642 -0.3607941453903109 0.7551716539320356 -0.688092227693406 -1.3977561715870441 -0.09284096495012435 
302 1 -0.4270387822564653 -0.29889031639820685 -0.20755422088759468 -0.2954620565809421 -0.3416084550874665 0.4402350043729479 -0.5637286941545212 
303 1 0.6318879219853367 0.8426061196729416 1.22268507447109 0.7551716539320356 3.123229270971928 1.7268288275449422 2.402863999833179 
304 1 0.10242456986443572 0.31576161071702696 0.3543255022890315 0.4399815407781423 0.8518356505552138 1.3592305923529437 0.5193130830155915 
305 1 0.31420991071279614 0.7547987015136225 0.5075654267917477 -0.9258422828887287 -0.9575796063869144 0.2564358867769487 -0.4695511483136418 
306 1 -1.5918581569224475 -1.7038090069473126 -1.8931933904174731 1.5956786223424178 -1.0345760002993454 -1.5815552891830433 -1.6938592442450735 
307 -1 -0.6388241231048257 -0.8257348253541215 -0.9737538434011758 -0.08533531447834655 -0.9575796063869144 -0.8463588187990465 -0.7049950129158402 
308 1 -0.850609463953186 -1.0013496616727597 -1.0248338182354146 0.6501082828807379 0.3128608931681969 0.8078332395649462 -0.09284096495012435 
309 -1 -0.10936077098392467 -0.12327548007956861 -0.05431429638487846 -0.40052542763223986 -0.30311025813125103 0.2564358867769487 -0.5637286941545212 
310 -1 0.10242456986443572 0.5791838651949843 0.8140452757971801 0.9652983960346311 1.3138140140297998 -0.4787605836070481 2.0261538164696615 
311 -1 -1.274180145649907 -1.0891570798320789 -1.3823936420750857 1.49061525129112 0.0048753175184729335 -0.6625597012030473 -0.5637286941545212 
312 -1 0.9495659332578773 0.31576161071702696 0.3543255022890315 -2.081539364453004 -1.0730741972555609 0.2564358867769487 -0.37537360247276247 
313 -1 -0.3211461118322851 -0.29889031639820685 -0.15647424605335594 -1.0309056539400265 -1.1115723942117763 0.07263676918094948 -0.7991725587567197 
314 1 -1.0623948048015466 -1.0013496616727597 -1.0759137930696532 0.3349181697268445 -0.457103045956113 0.4402350043729479 -0.42246237539320214 
315 1 -1.1682874752257266 -1.0891570798320789 -1.0759137930696532 -0.6106521697348354 -0.611095833780975 -1.0301579363950457 -0.893350104597599 
316 -1 1.0554586036820575 0.4913764470356652 0.25216555262055396 -1.1359690249913241 -0.26461206117503555 0.2564358867769487 -0.3282848295523228 
317 -1 -0.4270387822564653 -0.2110828982388877 0.047845653283599014 0.12479142762424898 0.6208464688179208 1.1754314747569448 0.3309579913338328 
318 -1 -0.10936077098392467 -0.29889031639820685 -0.15647424605335594 -0.40052542763223986 0.12036990838711942 -0.2949614660110489 0.23678044549295343 
319 -1 0.31420991071279614 1.3694506286288564 2.5507644201612973 1.49061525129112 2.8537418922784195 0.2564358867769487 4.098059824969008 
320 -1 -0.5329314526806455 -0.7379274071948024 -0.7183539692299821 -0.2954620565809421 -0.534099439868544 -1.5815552891830433 -0.13992973787056404 
321 -1 -0.0034681005597444713 0.14014677439838874 0.1500056029520765 -0.8207789118374309 0.12036990838711942 0.07263676918094948 0.4251355371747122 
322 -1 0.10242456986443572 -0.38669773455752593 -0.05431429638487846 -1.5562225091965154 -1.1115723942117763 0.07263676918094948 -0.6579062399954005 
323 -1 -0.0034681005597444713 0.05233935623906962 0.09892562811783776 -0.8207789118374309 -0.30311025813125103 -0.8463588187990465 0.23678044549295343 
324 -1 0.5259952515611566 -0.2110828982388877 -0.10539427121911721 -2.5017928486581953 -1.4580561668177159 -0.2949614660110489 -0.8462613316771593 
325 -1 0.31420991071279614 -0.12327548007956861 -0.003234321550639723 -0.5055887986835377 -0.3416084550874665 -1.3977561715870441 -0.18701851079100373 
326 -1 -0.0034681005597444713 0.05233935623906962 0.047845653283599014 0.22985479867554676 0.15886810534333493 0.07263676918094948 -0.04575219202968467 
327 1 0.9495659332578773 1.6328728831068136 1.7334848228134774 0.12479142762424898 1.1983194231611534 1.7268288275449422 0.9902008122199883 
328 -1 0.6318879219853367 0.8426061196729416 0.4054054771232702 1.1754251381372267 -0.3416084550874665 -1.0301579363950457 -1.0346164233589181 
329 1 -0.3211461118322851 -0.2110828982388877 -0.05431429638487846 -0.8207789118374309 -0.8035868185620525 0.4402350043729479 -0.6579062399954005 
330 -1 -0.10936077098392467 -0.03546806192024949 -0.003234321550639723 0.019728056572951215 0.04337351447468843 -0.4787605836070481 0.3309579913338328 
331 -1 -0.0034681005597444713 -0.03546806192024949 0.047845653283599014 -0.2954620565809421 0.2358644992557659 -0.11116234841504971 0.23678044549295343 
332 -1 0.20831724028861592 0.05233935623906962 -0.003234321550639723 -0.9258422828887287 -0.07212107639395805 -0.2949614660110489 -0.09284096495012435 
333 1 -0.4270387822564653 -0.03546806192024949 0.3543255022890315 -1.7663492512991108 -1.1115723942117763 1.1754314747569448 -0.42246237539320214 
334 1 -1.4859654864982672 -1.352579334310036 -1.4845535917435633 0.4399815407781423 -1.1115723942117763 -0.11116234841504971 -1.5525929254837545 
335 1 -1.3800728160740872 -1.5281941706286744 -1.5867135414120406 -0.5055887986835377 -0.11061927335017355 0.8078332395649462 -0.4695511483136418 
336 -1 -0.21525344140810487 -0.29889031639820685 -0.15647424605335594 0.6501082828807379 -0.11061927335017355 -0.6625597012030473 0.18969167257251376 
337 1 -0.4270387822564653 -0.47450515271684507 -0.4629540950587884 0.3349181697268445 -0.4186048489998975 1.1754314747569448 -0.6579062399954005 
338 -1 0.737780592409517 0.7547987015136225 0.4054054771232702 0.12479142762424898 0.12036990838711942 -0.6625597012030473 0.5664018559360312 
339 -1 -1.274180145649907 -1.2647719161507172 -1.3823936420750857 -0.6106521697348354 -1.381059772905285 -0.8463588187990465 -1.4584153796428752 
340 -1 -0.10936077098392467 -0.38669773455752593 -0.41187412022454967 -0.9258422828887287 -1.381059772905285 -0.11116234841504971 -0.9404388775180387 
341 -1 0.42010258113697635 0.05233935623906962 -0.3607941453903109 2.2260588486502044 0.6978428627303519 -1.3977561715870441 0.75475694761779 
342 -1 -0.21525344140810487 -0.12327548007956861 0.8140452757971801 0.12479142762424898 1.0828248322925067 -0.2949614660110489 1.8377987247879026 
343 1 0.10242456986443572 0.05233935623906962 0.45648545195750895 -2.081539364453004 -0.842085015518268 1.3592305923529437 -0.04575219202968467 
344 -1 -0.6388241231048257 -0.9135422435134406 -0.922673868566937 -1.1359690249913241 -0.611095833780975 -1.213957053991045 -0.6108174670749609 
345 1 -1.1682874752257266 -0.8257348253541215 -0.7694339440642208 0.22985479867554676 -0.4956012429123285 0.624034121968947 -0.893350104597599 
346 -1 -0.3211461118322851 -0.2110828982388877 0.09892562811783776 -1.0309056539400265 -0.4186048489998975 -1.0301579363950457 0.37804676425427247 
347 -1 0.31420991071279614 0.40356902887634605 0.3543255022890315 -0.8207789118374309 -0.9575796063869144 -1.0301579363950457 -0.3282848295523228 
348 1 -1.274180145649907 -1.4403867524693552 -1.7910334407489956 1.49061525129112 -0.7265904246496214 -0.8463588187990465 -1.2700602879611165 
349 -1 0.31420991071279614 0.22795419255770785 0.25216555262055396 0.3349181697268445 0.42835548403684337 -0.6625597012030473 0.4251355371747122 
350 1 0.9495659332578773 1.6328728831068136 1.835644772481955 -0.40052542763223986 0.3513590901244124 1.1754314747569448 1.1314671309813074 
351 1 -0.850609463953186 -1.2647719161507172 -1.0759137930696532 0.22985479867554676 0.2743626962119814 -0.4787605836070481 0.28386921841339313 
352 -1 0.20831724028861592 -0.03546806192024949 -0.15647424605335594 -0.9258422828887287 -0.8035868185620525 0.2564358867769487 -0.5637286941545212 
353 1 1.373136614954598 0.9304135378322608 0.5586454016259864 -1.5562225091965154 -1.227066985080423 1.1754314747569448 -0.6108174670749609 
354 -1 1.5849219558029586 1.3694506286288564 0.8651252506314189 -1.4511591381452176 -0.5725976368247595 -0.2949614660110489 -0.04575219202968467 
355 -1 0.42010258113697635 0.5791838651949843 0.4054054771232702 -0.2954620565809421 -0.03362287943774256 1.3592305923529437 0.28386921841339313 
356 1 -0.9565021343773663 -0.2110828982388877 -0.6672739943957433 1.49061525129112 1.1213230292487222 0.07263676918094948 1.178555903901747 
357 -1 -0.3211461118322851 -0.5623125708761642 -0.41187412022454967 -1.0309056539400265 -0.765088621605837 -1.213957053991045 -0.5637286941545212 
358 -1 0.6318879219853367 0.40356902887634605 0.3032455274547927 0.54504491182944 -0.457103045956113 -0.4787605836070481 -0.13992973787056404 
359 1 -0.21525344140810487 -0.47450515271684507 -0.3607941453903109 -0.08533531447834655 -0.03362287943774256 -0.6625597012030473 -0.37537360247276247 
360 -1 0.31420991071279614 0.5791838651949843 0.1500056029520765 -0.5055887986835377 -0.30311025813125103 0.624034121968947 0.3309579913338328 
361 -1 -1.274180145649907 -1.176964497991398 -1.331313667240847 -0.9258422828887287 -1.6120489546425778 -1.5815552891830433 -1.5055041525633148 
362 -1 -0.5329314526806455 -0.47450515271684507 -0.3607941453903109 0.3349181697268445 -0.26461206117503555 -1.213957053991045 -0.5637286941545212 
363 1 -0.0034681005597444713 0.14014677439838874 0.20108557778631525 -0.6106521697348354 -0.11061927335017355 0.4402350043729479 0.5664018559360312 
364 1 -2.1213215090433484 -1.96723126142527 -2.0464333149201894 -0.6106521697348354 -1.381059772905285 -1.7653544067790425 -1.6467704713246338 
365 1 -1.8036434977708078 -1.7916164251066318 -1.8421134155832344 0.4399815407781423 -0.765088621605837 1.1754314747569448 -1.788036790085953 
366 1 -1.909536168194988 -1.7916164251066318 -2.0464333149201894 2.6463123328553952 -0.8805832124744835 -2.1329526419710407 -1.788036790085953 
367 -1 0.6318879219853367 0.40356902887634605 0.4054054771232702 -0.6106521697348354 0.08187171143090392 -0.11116234841504971 0.3309579913338328 
368 -1 -0.0034681005597444713 -0.2110828982388877 -0.15647424605335594 -0.6106521697348354 0.2358644992557659 0.2564358867769487 0.5193130830155915 
369 -1 -0.5329314526806455 -1.0013496616727597 -0.9737538434011758 -0.6106521697348354 -1.1115723942117763 -0.2949614660110489 -1.0817051962793578 
370 -1 1.6908146262271389 1.3694506286288564 0.7629653009629414 -0.7157155407861332 0.08187171143090392 0.624034121968947 0.6134906288564709 
371 -1 0.31420991071279614 0.31576161071702696 0.09892562811783776 -0.08533531447834655 -0.03362287943774256 0.07263676918094948 0.23678044549295343 
372 -1 -0.10936077098392467 -0.38669773455752593 -0.05431429638487846 0.22985479867554676 -0.4186048489998975 0.07263676918094948 -0.42246237539320214 
373 -1 1.9025999670754992 1.9841025557440901 1.8867247473161937 1.910868735496311 0.5438500749054899 1.1754314747569448 0.23678044549295343 
374 1 -1.5918581569224475 -1.7916164251066318 -1.7399534659147569 -1.1359690249913241 -1.5350525607301468 -1.3977561715870441 -1.7409480171655134 
375 1 -0.4270387822564653 -0.38669773455752593 -0.30971417055607214 0.12479142762424898 0.15886810534333493 1.3592305923529437 -0.09284096495012435 
376 -1 -1.3800728160740872 -1.4403867524693552 -1.4334736169093245 0.019728056572951215 -0.842085015518268 -1.5815552891830433 -0.6579062399954005 
377 -1 0.31420991071279614 0.6669912833543034 0.6608053512944639 0.12479142762424898 -0.534099439868544 0.8078332395649462 -0.3282848295523228 
378 -1 0.737780592409517 0.7547987015136225 1.0183651751341352 -0.2954620565809421 -0.14911747030638905 -0.4787605836070481 0.6134906288564709 
379 1 -0.5329314526806455 -0.29889031639820685 0.047845653283599014 -0.8207789118374309 -0.611095833780975 1.1754314747569448 -0.5637286941545212 
380 1 -1.0623948048015466 -1.0013496616727597 -1.0248338182354146 -0.08533531447834655 -0.534099439868544 -0.6625597012030473 -0.6579062399954005 
381 1 0.42010258113697635 0.40356902887634605 0.8651252506314189 0.4399815407781423 1.6602977866357391 1.7268288275449422 1.178555903901747 
382 -1 0.5259952515611566 0.7547987015136225 0.8651252506314189 0.3349181697268445 1.0443266353362912 0.9916323571609454 1.037289585140428 
383 -1 1.4790292853787783 1.6328728831068136 1.3248450241395675 0.8602350249833334 0.7363410596865674 -0.2949614660110489 0.9902008122199883 
384 -1 -1.3800728160740872 -1.176964497991398 -1.0759137930696532 0.3349181697268445 -0.4186048489998975 -1.7653544067790425 0.0484253538111947 
385 1 0.10242456986443572 -0.03546806192024949 0.09892562811783776 -2.081539364453004 -1.1115723942117763 0.624034121968947 -0.5637286941545212 
386 -1 -0.4270387822564653 -0.38669773455752593 0.09892562811783776 0.019728056572951215 0.8133374535989983 -0.4787605836070481 0.4251355371747122 
387 -1 2.1143853079238597 1.896295137584771 1.5291649234765226 0.8602350249833334 0.3513590901244124 -0.2949614660110489 0.6605794017769105 
388 -1 3.2792046825898415 1.2816432104695372 -0.7183539692299821 -1.241032396042622 -1.4580561668177159 -1.0301579363950457 -1.3642378338019958 
389 -1 -0.3211461118322851 -0.29889031639820685 -0.25863419572183344 -0.5055887986835377 -0.380106652043682 0.2564358867769487 -0.37537360247276247 
390 -1 1.6908146262271389 1.0182209559915798 0.4054054771232702 -1.661285880247813 -0.4186048489998975 0.624034121968947 0.47222431009515187 
391 -1 2.6438486600447604 2.5109470647000047 1.8867247473161937 0.54504491182944 0.6593446657741363 -0.2949614660110489 0.9431120392995487 
392 1 0.737780592409517 1.2816432104695372 1.1205251248026127 0.12479142762424898 0.0048753175184729335 -0.2949614660110489 -0.18701851079100373 
393 1 -0.6388241231048257 -0.38669773455752593 -0.41187412022454967 0.4399815407781423 1.0828248322925067 -1.0301579363950457 0.47222431009515187 
394 -1 -0.9565021343773663 -0.7379274071948024 -0.9737538434011758 -1.661285880247813 -1.8045399394236554 -1.213957053991045 -1.4113266067224355 
395 -1 -0.3211461118322851 -0.47450515271684507 -0.8205139188984596 -1.241032396042622 -1.0345760002993454 1.3592305923529437 -0.7049950129158402 
396 1 0.42010258113697635 0.40356902887634605 0.3032455274547927 -0.08533531447834655 0.08187171143090392 0.07263676918094948 0.28386921841339313 
397 -1 0.737780592409517 0.5791838651949843 0.3032455274547927 -0.8207789118374309 -0.26461206117503555 -0.6625597012030473 0.0484253538111947 
398 1 -0.5329314526806455 -1.2647719161507172 -1.126993767903892 0.54504491182944 0.6978428627303519 -0.11116234841504971 0.0484253538111947 
399 -1 0.6318879219853367 0.4913764470356652 0.6608053512944639 0.12479142762424898 2.2377707409789718 0.2564358867769487 1.7436211789470233 
400 -1 -0.10936077098392467 0.14014677439838874 0.047845653283599014 0.54504491182944 0.15886810534333493 -0.11116234841504971 0.18969167257251376 
401 -1 -0.3211461118322851 -0.5623125708761642 -0.7694339440642208 2.015932106547609 -0.6495940307371905 -0.6625597012030473 -0.893350104597599 
402 1 -0.5329314526806455 -0.03546806192024949 0.047845653283599014 -1.3460957670939198 -0.7265904246496214 0.4402350043729479 -0.2811960566318831 
403 1 -1.6977508273466277 -1.5281941706286744 -1.6377935162462793 2.4361855907528 -1.1885687881242075 0.2564358867769487 -1.5525929254837545 
404 -1 1.0554586036820575 1.193835792310218 0.9162052254656576 1.49061525129112 1.1598212262049379 0.07263676918094948 0.8489344934586693 
405 1 0.20831724028861592 0.40356902887634605 0.4054054771232702 -0.7157155407861332 -0.8035868185620525 0.07263676918094948 -0.8462613316771593 
406 -1 1.4790292853787783 1.3694506286288564 1.5802448983107613 0.3349181697268445 1.5063049988108772 0.9916323571609454 1.6965324060265836 
407 1 -0.5329314526806455 -0.5623125708761642 -0.3607941453903109 -0.7157155407861332 -0.7265904246496214 0.624034121968947 -0.7049950129158402 
408 1 0.10242456986443572 0.6669912833543034 1.0183651751341352 -1.241032396042622 -0.6495940307371905 1.3592305923529437 0.0484253538111947 
409 1 -0.4270387822564653 -0.7379274071948024 -0.6161940195615047 0.019728056572951215 -1.6890453485550088 -0.6625597012030473 -1.8822143359268324 
410 -1 -0.10936077098392467 -0.2110828982388877 -0.30971417055607214 -0.2954620565809421 0.1973663022995504 -1.0301579363950457 0.7076681746973503 
411 -1 -0.21525344140810487 -0.8257348253541215 -0.6161940195615047 -0.08533531447834655 -0.534099439868544 -1.0301579363950457 -0.4695511483136418 
412 -1 -0.6388241231048257 -0.7379274071948024 -0.4629540950587884 -0.08533531447834655 -0.6495940307371905 -1.213957053991045 -0.5166399212340815 
413 -1 -0.0034681005597444713 0.05233935623906962 -0.20755422088759468 -0.40052542763223986 -1.0345760002993454 0.8078332395649462 -1.1758827421202371 
414 1 0.31420991071279614 0.5791838651949843 0.45648545195750895 0.54504491182944 0.3898572870806279 1.543029709948943 0.37804676425427247 
415 1 -1.909536168194988 -1.96723126142527 -2.1996732394229057 1.8058053644450132 -1.3425615759490694 -1.9491535243750417 -2.070569427608591 
416 1 0.42010258113697635 0.7547987015136225 1.1205251248026127 0.4399815407781423 1.9682833622854632 1.3592305923529437 3.0150180477988946 
417 -1 1.1613512741062377 0.5791838651949843 0.4054054771232702 -0.8207789118374309 -1.0730741972555609 -0.8463588187990465 -0.8462613316771593 
418 1 0.10242456986443572 0.40356902887634605 -0.003234321550639723 2.331122219701502 0.3128608931681969 -0.8463588187990465 0.23678044549295343 
419 -1 0.42010258113697635 0.31576161071702696 -0.05431429638487846 0.019728056572951215 -0.3416084550874665 0.624034121968947 -0.3282848295523228 
420 -1 -0.4270387822564653 -0.03546806192024949 -0.3607941453903109 1.1754251381372267 -1.0345760002993454 -1.213957053991045 -1.1758827421202371 
421 -1 -0.21525344140810487 0.14014677439838874 0.3032455274547927 -0.08533531447834655 0.2743626962119814 0.2564358867769487 0.6605794017769105 
422 1 0.42010258113697635 0.5791838651949843 0.7118853261287027 -0.5055887986835377 2.2762689379351873 1.7268288275449422 1.790709951867463 
423 1 -1.274180145649907 -1.0891570798320789 -1.1780737427381307 -0.08533531447834655 -0.765088621605837 -1.213957053991045 -0.4695511483136418 
424 1 0.10242456986443572 0.14014677439838874 0.4054054771232702 -0.8207789118374309 0.15886810534333493 0.8078332395649462 0.18969167257251376 
425 1 -0.3211461118322851 -0.7379274071948024 -0.41187412022454967 -1.0309056539400265 0.8133374535989983 0.4402350043729479 0.6134906288564709 
426 1 0.6318879219853367 1.4572580467881755 1.427004973808045 2.1209954775989064 -0.6495940307371905 -0.8463588187990465 -1.5055041525633148 
427 1 -0.0034681005597444713 0.22795419255770785 0.5586454016259864 -0.6106521697348354 0.1973663022995504 1.1754314747569448 0.18969167257251376 
428 -1 1.267243944530418 0.8426061196729416 0.5075654267917477 -0.9258422828887287 0.1973663022995504 -0.6625597012030473 0.9431120392995487 
429 1 -0.9565021343773663 -1.2647719161507172 -1.1780737427381307 -0.2954620565809421 -1.1500705911679918 -0.8463588187990465 -1.0346164233589181 
430 -1 6.244199454466887 5.759821536594812 3.214804093006401 0.9652983960346311 0.7748392566427829 0.8078332395649462 1.649443633106144 
431 1 0.737780592409517 0.5791838651949843 0.7118853261287027 0.019728056572951215 -1.0730741972555609 -0.2949614660110489 -0.9404388775180387 
432 1 -0.4270387822564653 0.14014677439838874 0.047845653283599014 -0.40052542763223986 -0.457103045956113 1.543029709948943 -0.4695511483136418 
433 1 0.8436732628336971 1.106028374150899 1.427004973808045 0.6501082828807379 1.3908104079422308 1.1754314747569448 0.8489344934586693 
434 1 -0.7447167935290059 -0.6501199890354833 -0.7183539692299821 1.070361767085929 0.08187171143090392 0.07263676918094948 -0.6108174670749609 
435 -1 0.42010258113697635 -0.03546806192024949 -0.15647424605335594 -0.8207789118374309 -1.1885687881242075 -0.2949614660110489 -0.7049950129158402 
436 -1 -0.9565021343773663 -1.0013496616727597 -0.9737538434011758 1.1754251381372267 -0.14911747030638905 0.2564358867769487 -0.6108174670749609 
437 -1 0.42010258113697635 0.5791838651949843 0.6097253764602252 0.22985479867554676 -0.3416084550874665 -0.6625597012030473 0.09551412673163438 
438 -1 -0.0034681005597444713 -0.03546806192024949 -0.41187412022454967 -1.1359690249913241 -0.3416084550874665 0.4402350043729479 -0.04575219202968467 
439 1 -0.6388241231048257 -0.6501199890354833 -0.30971417055607214 -0.1903986855296443 0.0048753175184729335 -0.8463588187990465 -0.3282848295523228 
440 1 0.737780592409517 0.8426061196729416 1.22268507447109 -0.5055887986835377 0.9673302414238603 1.3592305923529437 1.1314671309813074 
441 -1 0.737780592409517 0.5791838651949843 0.5075654267917477 -0.40052542763223986 -0.457103045956113 0.07263676918094948 -0.04575219202968467 
442 1 0.31420991071279614 0.4913764470356652 0.9162052254656576 -0.08533531447834655 0.6208464688179208 0.07263676918094948 0.6605794017769105 
443 -1 -1.4859654864982672 -1.7916164251066318 -1.688873491080518 -0.8207789118374309 -1.843038136379871 -1.213957053991045 -1.6467704713246338 
444 1 -0.10936077098392467 0.14014677439838874 0.5586454016259864 -0.1903986855296443 -0.03362287943774256 1.3592305923529437 0.37804676425427247 
445 1 -0.7447167935290059 -0.6501199890354833 -0.4629540950587884 -1.5562225091965154 -0.9575796063869144 1.3592305923529437 -0.6579062399954005 
446 -1 1.0554586036820575 1.0182209559915798 0.6097253764602252 -0.9258422828887287 0.12036990838711942 -0.4787605836070481 0.896023266379109 
447 -1 0.9495659332578773 0.5791838651949843 -0.15647424605335594 0.3349181697268445 -1.1500705911679918 -1.0301579363950457 -1.1287939691997975 
448 -1 -0.5329314526806455 -1.2647719161507172 -0.922673868566937 -0.8207789118374309 -1.4580561668177159 -0.6625597012030473 -0.9404388775180387 
449 -1 0.737780592409517 0.6669912833543034 0.8140452757971801 -1.0309056539400265 -0.26461206117503555 0.624034121968947 0.0484253538111947 
450 1 0.42010258113697635 0.6669912833543034 0.8651252506314189 0.3349181697268445 2.006781559241679 1.3592305923529437 1.649443633106144 
451 1 -0.21525344140810487 -0.38669773455752593 -0.15647424605335594 0.019728056572951215 0.3128608931681969 0.9916323571609454 0.0013365808907550164 
452 -1 -1.1682874752257266 -1.4403867524693552 -1.3823936420750857 -1.4511591381452176 -1.76604174246744 -1.3977561715870441 -1.5055041525633148 
453 -1 -0.10936077098392467 0.05233935623906962 0.047845653283599014 0.4399815407781423 -0.457103045956113 -0.6625597012030473 -0.5637286941545212 
454 1 -0.6388241231048257 -0.47450515271684507 -0.5651140447272659 0.54504491182944 -1.1115723942117763 -0.6625597012030473 -1.8351255630063927 
455 -1 -0.6388241231048257 -0.9135422435134406 -0.8205139188984596 0.9652983960346311 -0.380106652043682 -0.6625597012030473 -0.4695511483136418 
456 1 0.737780592409517 1.0182209559915798 1.1716050996368512 0.12479142762424898 1.9297851653292477 1.543029709948943 1.6023548601857043 
457 -1 0.42010258113697635 0.4913764470356652 0.25216555262055396 0.54504491182944 0.08187171143090392 -0.6625597012030473 0.23678044549295343 
