id label data 
0 -1 0.3267190294022793 -0.11725303844381732 -0.30555024013910836 -0.7453077390492653 -0.14022154013371685 -0.8621849434115629 0.10844530009681921 
1 1 0.11295143587907325 0.3251019171349979 0.5176380538827241 0.6366798904428952 0.2881812004324847 1.3235016105505923 0.440831181655522 
2 -1 0.7542542164486915 0.8559278638295762 0.7748843957645468 0.21145292752223044 0.7165839409986862 0.7770799720600535 1.5329562210626884 
3 -1 -0.10081615764413283 -0.20572402955958038 -0.5627965820209311 0.21145292752223044 -0.8801899102026104 -1.0443254895750758 -0.5088427656550574 
4 -1 -0.7421189382137511 -0.5596079940226326 -0.7171443871500246 -0.6390009983190991 -0.2570586511972264 -0.3157633049210241 0.15592899746234817 
5 1 -1.1696541252601633 -0.9134919584856848 -0.9229414606554828 0.10514618679206425 -0.5296785770120819 -0.3157633049210241 -1.126130831406934 
6 1 0.6473704196870884 1.0328698460611023 1.1350292743990984 -0.21377403539843431 1.3007694963162337 1.1413610643870793 1.2955377342350436 
7 1 -2.0247244993529874 -2.0636148429906043 -2.1577239016882315 2.1249742606652218 -0.9580813175782834 -1.7728876742291275 -1.7909025945243395 
8 -1 1.0749056067335006 0.5905148904822871 0.41473951712999507 -0.8516144797794315 -0.9580813175782834 -0.3157633049210241 -0.6512938577516443 
9 1 1.0749056067335006 1.0328698460611023 1.4437248846572857 -0.10746729466826813 1.5733894221310893 0.9592205182235665 1.4854725236971593 
10 -1 -0.20769995440573588 -0.20572402955958038 0.26039171200090144 0.8492933719032276 0.48290971887166717 -1.4086065819021016 0.9156681553108117 
11 1 0.9680218099718976 0.6789858815980501 1.0321307376463695 0.10514618679206425 2.6638691253905113 1.869923249041131 1.8653421026213912 
12 -1 -0.20769995440573588 -0.6480789851383956 -0.66569511877366 -1.9146818870810933 -1.308592650768812 -0.68004439724805 -1.078647134041405 
13 -1 0.11295143587907325 -0.3826660117911065 -0.6142458503972956 -1.3831481834302624 -1.4254297618323215 0.2306583335695147 -0.7462612524827023 
14 1 -1.8109569058297814 -2.1520858341063676 -2.003376096559138 0.31775966825239665 -1.0359727249539563 -0.8621849434115629 -1.7434188971588107 
15 -1 1.9299759808263248 1.5636957927556805 0.9292322008936403 -0.5326942575889329 -0.41284146594857235 -0.68004439724805 0.15592899746234817 
16 1 0.3267190294022793 0.23663092601923488 0.20894244362453693 -0.32008077612860053 1.2618237926283973 1.1413610643870793 0.7257333658486959 
17 1 0.006067639117470205 -0.11725303844381732 -0.5113473136445665 0.6366798904428952 0.8334210520621957 2.234204341368157 0.39334748428999305 
18 1 -0.8490027349753542 -0.9134919584856848 -0.2541009717627439 -2.765135812922423 -1.152809836017466 1.6877827028776182 -0.3663916735584705 
19 -1 1.1817894034951038 1.4752248016399176 1.0835800060227339 0.6366798904428952 0.9892038668135418 0.04851778740600176 0.6307659711176379 
20 -1 0.3267190294022793 -0.11725303844381732 -0.30555024013910836 -0.10746729466826813 -0.3349500585728994 -1.0443254895750758 0.20341269482787716 
21 -1 -0.20769995440573588 0.3251019171349979 -0.3569995085154729 -0.001160553938101941 -0.14022154013371685 0.04851778740600176 0.013477905365761272 
22 1 -1.1696541252601633 -1.0019629496014477 -1.4888834127954926 0.4240664089825628 -1.8148867987106865 -1.2264660357385888 -2.0283210813519843 
23 1 1.1817894034951038 1.6521667838714436 1.958217568420931 1.06190685336356 2.0017921626972908 1.6877827028776182 1.6279236157937462 
24 1 1.3955569970183097 2.448405703913311 3.141550741077315 2.8691214457763854 3.3648917917715684 1.3235016105505923 2.292695378911152 
25 -1 1.5024407937799127 2.094521739450259 2.2669131786791183 1.6997472977445571 1.1449866815648877 0.41279887973302765 1.1056029447729276 
26 -1 0.43360282616388235 -0.20572402955958038 -0.1512024350100148 -0.001160553938101941 0.8723667557500322 0.41279887973302765 1.1056029447729276 
27 -1 0.8611380132102945 1.1213408371768654 0.6719858590118177 -0.001160553938101941 0.13239838568113865 0.04851778740600176 0.8207007605797538 
28 -1 0.7542542164486915 0.413572908250761 0.20894244362453693 -0.5326942575889329 0.5608011262473402 -0.8621849434115629 1.2480540368695145 
29 1 -0.20769995440573588 0.059688943787708774 0.5176380538827241 -0.8516144797794315 0.21028979305681167 0.9592205182235665 -0.12897318673082564 
30 1 0.6473704196870884 1.3867538105241546 1.3408263479045566 1.06190685336356 0.3271269041203212 2.052063795204644 0.2983800895589351 
31 -1 0.3267190294022793 -0.028782047328054273 -0.3569995085154729 -2.0209886278112594 -1.2696469470809755 -0.13362275875751117 -0.7462612524827023 
32 -1 1.8230921840647218 1.4752248016399176 0.9292322008936403 -0.32008077612860053 0.21028979305681167 -0.68004439724805 0.6782496684831668 
33 -1 0.7542542164486915 0.6789858815980501 0.5690873222590886 0.530373149712729 0.8723667557500322 -0.68004439724805 0.8681844579452828 
34 1 -0.8490027349753542 -0.9134919584856848 -0.9229414606554828 -0.9579212205095977 -0.7244070954512644 -0.13362275875751117 -0.6987775551171733 
35 1 2.036859777587928 1.4752248016399176 0.46618878550635956 0.8492933719032276 -0.5686242806999184 -1.2264660357385888 -0.12897318673082564 
36 1 1.1817894034951038 1.3867538105241546 1.6495219581627438 0.7429866311730614 2.157574977448637 1.6877827028776182 1.6754073131592753 
37 1 -0.20769995440573588 -0.20572402955958038 -0.1512024350100148 0.7429866311730614 1.7291722368824354 1.1413610643870793 0.440831181655522 
38 -1 0.21983523264067628 0.3251019171349979 0.46618878550635956 0.530373149712729 -0.6075699843877549 -0.8621849434115629 -0.5563264630205864 
39 1 -0.635235141452148 -0.7365499762541586 -0.66569511877366 -0.21377403539843431 0.7944753483743592 0.5949394258965406 0.20341269482787716 
40 -1 0.11295143587907325 -0.028782047328054273 -0.30555024013910836 -0.10746729466826813 -0.41284146594857235 -0.8621849434115629 -0.27142427882741255 
41 1 -1.1696541252601633 -0.9134919584856848 -1.0772892657845763 1.1682135940937262 -0.6075699843877549 -0.13362275875751117 -1.078647134041405 
42 1 0.006067639117470205 0.413572908250761 0.5690873222590886 1.3808270755540586 2.1965206811364735 1.3235016105505923 1.5804399184282174 
43 -1 0.5404866229254854 0.14815993490347182 0.311840980377266 -0.5326942575889329 -0.7244070954512644 -0.68004439724805 -0.12897318673082564 
44 -1 1.1817894034951038 0.502043899366524 0.311840980377266 -1.1705347019699301 -0.6075699843877549 -1.5907471280656147 -0.08148948936529667 
45 1 -1.3834217187833693 -1.444317905180263 -1.5917819495482217 0.8492933719032276 1.5344437184432527 -0.3157633049210241 -1.4110330156001079 
46 1 -1.8109569058297814 -1.7982018696433153 -1.437434144419128 0.21145292752223044 -0.6465156880755913 -1.5907471280656147 -1.6009678050622238 
47 -1 0.6473704196870884 0.6789858815980501 0.41473951712999507 -0.21377403539843431 -0.10127583644588035 -0.49790385108453705 0.10844530009681921 
48 1 -0.3145837511673389 0.23663092601923488 0.46618878550635956 -2.0209886278112594 -0.8412442065147739 1.869923249041131 -0.31890797619294153 
49 -1 -0.421467547928942 -0.4711370029068695 -0.5113473136445665 0.4240664089825628 0.2881812004324847 -1.0443254895750758 0.34586378692446407 
50 1 0.6473704196870884 0.9443988549453393 1.3922756162809211 -0.8516144797794315 -0.06233013275804385 1.869923249041131 0.6307659711176379 
51 -1 -1.2765379220217663 -1.532788896296026 -1.4888834127954926 -2.658829072192257 -1.853832502398523 -1.2264660357385888 -1.458516712965637 
52 -1 -0.635235141452148 -0.3826660117911065 -0.09975316663365026 -1.0642279612397638 0.7944753483743592 -0.68004439724805 1.5804399184282174 
53 -1 -0.3145837511673389 0.059688943787708774 -0.20265170338637933 0.31775966825239665 0.17134408936897516 -0.8621849434115629 0.39334748428999305 
54 1 -1.7040731090681784 -1.1789049318329738 -1.437434144419128 0.9556001126333938 -0.14022154013371685 -1.0443254895750758 -1.078647134041405 
55 1 0.11295143587907325 0.413572908250761 0.7234351273881823 0.10514618679206425 1.0281495705013781 0.41279887973302765 0.7257333658486959 
56 1 -1.2765379220217663 -1.1789049318329738 -1.0258399974082117 -0.4263875168587667 0.4050183114959942 -1.5907471280656147 -0.3663916735584705 
57 -1 1.1817894034951038 1.9175797572187327 1.855319031668202 1.6997472977445571 1.4565523110675798 0.2306583335695147 1.91282579998692 
58 -1 1.0749056067335006 0.9443988549453393 0.7234351273881823 -0.7453077390492653 -0.41284146594857235 -0.68004439724805 0.20341269482787716 
59 -1 -0.421467547928942 -0.4711370029068695 -0.1512024350100148 -0.32008077612860053 0.5997468299351767 -1.4086065819021016 1.5329562210626884 
60 -1 0.11295143587907325 0.14815993490347182 0.36329024875363053 -0.21377403539843431 -0.14022154013371685 0.04851778740600176 0.440831181655522 
61 -1 -0.3145837511673389 -0.5596079940226326 -0.66569511877366 -1.3831481834302624 0.05450697830546566 -0.13362275875751117 1.0106355500418696 
62 1 -0.635235141452148 -0.5596079940226326 -0.6142458503972956 0.7429866311730614 0.7555296446865227 0.41279887973302765 0.013477905365761272 
63 1 -1.7040731090681784 -1.444317905180263 -1.79757902305368 1.8060540384747232 -0.6465156880755913 -0.68004439724805 -1.458516712965637 
64 -1 -0.9558865317369571 -1.0019629496014477 -0.8200429239027537 -0.32008077612860053 -0.8801899102026104 -1.2264660357385888 -0.6512938577516443 
65 1 1.7162083873031189 1.8291087661029697 2.2669131786791183 0.9556001126333938 1.5344437184432527 0.04851778740600176 1.3905051289661015 
66 -1 2.036859777587928 1.7406377749872066 1.289377079528192 -1.0642279612397638 -0.41284146594857235 -0.68004439724805 0.34586378692446407 
67 1 -0.9558865317369571 -0.6480789851383956 -0.8200429239027537 1.1682135940937262 0.13239838568113865 0.04851778740600176 -0.31890797619294153 
68 -1 0.3267190294022793 -0.028782047328054273 -0.40844877689183745 -0.9579212205095977 -2.0485610208377056 -1.5907471280656147 -1.7434188971588107 
69 1 0.006067639117470205 0.059688943787708774 -0.1512024350100148 0.6366798904428952 1.0670952741892148 0.5949394258965406 0.488314879021051 
70 -1 -0.421467547928942 -0.6480789851383956 -0.66569511877366 -0.21377403539843431 -0.49073287332424537 -1.0443254895750758 0.15592899746234817 
71 -1 0.7542542164486915 0.5905148904822871 0.20894244362453693 -1.5957616648905948 -0.45178716963640886 0.04851778740600176 0.06096160273129024 
72 -1 -0.7421189382137511 -0.2941950206753434 -0.30555024013910836 -0.32008077612860053 -0.2570586511972264 -1.5907471280656147 0.583282273752109 
73 1 -0.528351344690545 -1.0904339407172108 -0.66569511877366 -2.658829072192257 -1.0359727249539563 1.5056421567141052 -0.5563264630205864 
74 1 0.43360282616388235 0.7674568727138131 0.9292322008936403 0.530373149712729 1.5344437184432527 1.1413610643870793 1.0581192474073986 
75 -1 0.21983523264067628 0.413572908250761 1.4951741530336502 -0.21377403539843431 1.1839323852527242 0.5949394258965406 2.197727984180094 
76 -1 0.21983523264067628 0.059688943787708774 0.15749317524817238 -0.001160553938101941 -1.0359727249539563 -0.68004439724805 -0.9361960419448182 
77 -1 2.1437435743495312 1.6521667838714436 1.3408263479045566 -1.2768414427000963 -0.21811294750938987 -0.3157633049210241 0.440831181655522 
78 -1 -0.20769995440573588 0.23663092601923488 0.36329024875363053 0.10514618679206425 -0.41284146594857235 0.41279887973302765 -0.0340057919997677 
79 -1 -0.8490027349753542 -0.9134919584856848 -0.8714921922791182 -0.7453077390492653 -0.14022154013371685 -1.4086065819021016 0.5357985763865799 
80 -1 0.11295143587907325 -0.11725303844381732 0.003145370119078799 0.31775966825239665 -0.10127583644588035 -0.13362275875751117 0.15592899746234817 
81 1 -0.528351344690545 -0.20572402955958038 0.003145370119078799 0.8492933719032276 -0.2570586511972264 0.9592205182235665 -0.6038101603861153 
82 1 0.3267190294022793 0.413572908250761 1.0835800060227339 -0.7453077390492653 0.17134408936897516 2.598485433695183 0.2983800895589351 
83 1 -0.20769995440573588 0.14815993490347182 0.003145370119078799 2.0186675199350557 0.8334210520621957 1.869923249041131 0.10844530009681921 
84 -1 0.006067639117470205 0.23663092601923488 0.10604390687180786 -0.21377403539843431 -0.2570586511972264 0.04851778740600176 -0.0340057919997677 
85 1 0.21983523264067628 0.3251019171349979 0.46618878550635956 0.7429866311730614 1.3397152000040702 1.5056421567141052 0.6307659711176379 
86 -1 0.11295143587907325 0.3251019171349979 0.15749317524817238 0.8492933719032276 0.8334210520621957 -0.49790385108453705 0.488314879021051 
87 1 0.21983523264067628 -0.20572402955958038 0.20894244362453693 -0.32008077612860053 1.6512808295067622 0.5949394258965406 1.1056029447729276 
88 1 -1.2765379220217663 -0.4711370029068695 -0.6142458503972956 0.6366798904428952 0.7165839409986862 -0.13362275875751117 -0.1764568840963546 
89 1 -0.9558865317369571 -0.7365499762541586 -0.459898045268202 -1.1705347019699301 -0.6075699843877549 0.9592205182235665 -0.5563264630205864 
90 1 -0.10081615764413283 0.059688943787708774 0.36329024875363053 -2.0209886278112594 -0.8801899102026104 1.6877827028776182 -0.3663916735584705 
91 -1 -0.7421189382137511 -0.2941950206753434 0.10604390687180786 0.21145292752223044 -0.6075699843877549 -1.0443254895750758 -0.27142427882741255 
92 1 0.5404866229254854 0.3251019171349979 0.5176380538827241 0.31775966825239665 1.4176066073797433 2.052063795204644 0.6782496684831668 
93 -1 0.5404866229254854 0.6789858815980501 0.26039171200090144 0.530373149712729 -0.49073287332424537 0.2306583335695147 -0.6038101603861153 
94 1 -1.2765379220217663 -1.532788896296026 -1.4888834127954926 -0.21377403539843431 0.44396401518383066 0.04851778740600176 0.6307659711176379 
95 -1 0.7542542164486915 0.5905148904822871 0.311840980377266 -0.001160553938101941 -0.21811294750938987 -0.8621849434115629 -0.12897318673082564 
96 -1 1.8230921840647218 1.2982828194083915 1.0835800060227339 0.31775966825239665 -0.10127583644588035 -0.68004439724805 0.34586378692446407 
97 -1 0.21983523264067628 -0.20572402955958038 -0.20265170338637933 -1.1705347019699301 -0.17916724382155336 -0.68004439724805 0.25089639219340615 
98 1 0.7542542164486915 0.7674568727138131 1.0835800060227339 0.6366798904428952 1.8460093479459447 1.6877827028776182 1.5329562210626884 
99 -1 1.2886732002567067 0.8559278638295762 1.0321307376463695 -0.5326942575889329 -0.2570586511972264 -0.13362275875751117 0.34586378692446407 
100 -1 0.43360282616388235 0.502043899366524 0.20894244362453693 0.6366798904428952 0.13239838568113865 -0.49790385108453705 -0.5563264630205864 
101 -1 -0.10081615764413283 -0.028782047328054273 0.05459463849544333 -0.21377403539843431 0.7944753483743592 0.5949394258965406 0.7257333658486959 
102 1 -0.8490027349753542 -1.1789049318329738 -1.1287385341609408 -0.4263875168587667 0.3271269041203212 -0.13362275875751117 -0.1764568840963546 
103 -1 -0.10081615764413283 0.059688943787708774 0.10604390687180786 0.10514618679206425 -0.21811294750938987 1.5056421567141052 0.013477905365761272 
104 -1 1.0749056067335006 0.6789858815980501 0.311840980377266 -1.1705347019699301 -0.41284146594857235 0.04851778740600176 -0.12897318673082564 
105 -1 -0.10081615764413283 -0.028782047328054273 0.003145370119078799 -0.001160553938101941 0.05450697830546566 -0.49790385108453705 0.34586378692446407 
106 1 -0.8490027349753542 -0.3826660117911065 -0.5113473136445665 2.5502012235858866 0.48290971887166717 0.7770799720600535 -0.27142427882741255 
107 1 -1.3834217187833693 -1.267375922948737 -1.3859848760427635 1.06190685336356 -0.7633527991391009 -0.49790385108453705 -0.9361960419448182 
108 -1 0.5404866229254854 0.5905148904822871 0.8263336641409113 0.10514618679206425 1.0281495705013781 1.3235016105505923 1.5329562210626884 
109 -1 1.8230921840647218 1.6521667838714436 1.3408263479045566 -0.32008077612860053 0.2881812004324847 -0.68004439724805 0.7257333658486959 
110 -1 -0.421467547928942 -0.20572402955958038 0.20894244362453693 -0.21377403539843431 0.6776382373108497 0.2306583335695147 0.6782496684831668 
111 1 0.21983523264067628 0.9443988549453393 1.289377079528192 1.3808270755540586 2.23546638482431 0.5949394258965406 1.2955377342350436 
112 -1 -1.0627703284985601 -1.0904339407172108 -1.0772892657845763 -0.4263875168587667 -0.2960043548850629 -1.5907471280656147 0.10844530009681921 
113 1 -1.7040731090681784 -1.7982018696433153 -2.003376096559138 0.31775966825239665 -1.5033211692079944 -1.5907471280656147 -2.0283210813519843 
114 1 0.3267190294022793 0.413572908250761 0.41473951712999507 0.530373149712729 1.1839323852527242 0.7770799720600535 0.9156681553108117 
115 1 -0.9558865317369571 -0.9134919584856848 -1.1801878025373054 0.21145292752223044 -0.14022154013371685 -0.8621849434115629 -0.27142427882741255 
116 1 0.5404866229254854 1.1213408371768654 1.0835800060227339 0.9556001126333938 0.21028979305681167 1.5056421567141052 0.013477905365761272 
117 1 0.43360282616388235 0.413572908250761 0.5176380538827241 0.31775966825239665 0.4050183114959942 1.1413610643870793 0.34586378692446407 
118 1 0.43360282616388235 0.413572908250761 0.7234351273881823 0.530373149712729 2.157574977448637 1.3235016105505923 1.4854725236971593 
119 -1 0.006067639117470205 -0.11725303844381732 0.15749317524817238 -0.4263875168587667 0.9892038668135418 0.04851778740600176 0.9631518526763407 
120 -1 1.6093245905415159 0.5905148904822871 0.26039171200090144 -1.5957616648905948 -0.9580813175782834 1.869923249041131 -0.5088427656550574 
121 -1 1.5024407937799127 1.6521667838714436 1.186478542775463 -1.3831481834302624 -0.41284146594857235 0.04851778740600176 0.2983800895589351 
122 -1 0.006067639117470205 -0.4711370029068695 -0.5627965820209311 -1.1705347019699301 0.2881812004324847 -0.68004439724805 0.8681844579452828 
123 1 0.6473704196870884 1.2982828194083915 1.5466234214100147 -0.10746729466826813 1.8460093479459447 2.052063795204644 1.2005703395039855 
124 1 0.8611380132102945 1.2982828194083915 1.5466234214100147 1.3808270755540586 1.7681179405702718 1.5056421567141052 1.0581192474073986 
125 -1 0.8611380132102945 0.502043899366524 0.36329024875363053 -0.6390009983190991 -0.45178716963640886 -0.68004439724805 -0.0340057919997677 
126 1 0.3267190294022793 0.23663092601923488 0.41473951712999507 0.4240664089825628 0.3660726078081577 1.3235016105505923 -0.2239405814618836 
127 1 -0.635235141452148 -0.4711370029068695 -0.30555024013910836 0.6366798904428952 0.9502581631257052 0.41279887973302765 0.39334748428999305 
128 1 -1.0627703284985601 -1.532788896296026 -1.3859848760427635 0.21145292752223044 -0.45178716963640886 -1.2264660357385888 -1.173614528772463 
129 1 -0.8490027349753542 -0.7365499762541586 -1.3859848760427635 1.8060540384747232 0.5997468299351767 -1.5907471280656147 -0.12897318673082564 
130 -1 0.006067639117470205 -0.2941950206753434 -0.40844877689183745 -1.3831481834302624 -1.152809836017466 -0.49790385108453705 -0.7937449498482312 
131 -1 1.0749056067335006 0.6789858815980501 0.8777829325172758 -0.6390009983190991 0.13239838568113865 -1.0443254895750758 0.488314879021051 
132 1 -0.421467547928942 -0.3826660117911065 -0.30555024013910836 -2.0209886278112594 -0.7244070954512644 1.3235016105505923 -0.1764568840963546 
133 1 -1.5971893123065755 -1.3558469140645 -1.5403326811718572 1.3808270755540586 -0.99702702126612 -1.5907471280656147 -1.7909025945243395 
134 1 -1.8109569058297814 -1.7097308785275522 -1.79757902305368 0.7429866311730614 -0.8801899102026104 -0.3157633049210241 -1.6009678050622238 
135 -1 1.8230921840647218 1.9175797572187327 1.958217568420931 0.6366798904428952 1.8849550516337812 -0.68004439724805 1.960309497352449 
136 1 0.006067639117470205 0.413572908250761 0.46618878550635956 0.4240664089825628 0.3660726078081577 0.2306583335695147 0.5357985763865799 
137 -1 -0.20769995440573588 0.059688943787708774 -0.09975316663365026 -0.10746729466826813 -0.14022154013371685 -0.3157633049210241 -0.27142427882741255 
138 1 -1.0627703284985601 -1.7982018696433153 -1.7461297546773153 -0.21377403539843431 -1.308592650768812 -1.7728876742291275 -1.31606562086905 
139 1 0.21983523264067628 0.14815993490347182 0.20894244362453693 0.21145292752223044 1.5344437184432527 0.2306583335695147 1.0581192474073986 
140 1 0.9680218099718976 1.0328698460611023 1.5466234214100147 1.06190685336356 1.6512808295067622 1.5056421567141052 1.1056029447729276 
141 1 -2.1316082961145906 -2.1520858341063676 -2.209173170064596 -0.32008077612860053 -1.074918428641793 -2.3193093127196662 -1.6959351997932817 
142 -1 0.3267190294022793 0.14815993490347182 0.6719858590118177 -0.6390009983190991 0.5997468299351767 -1.0443254895750758 1.6279236157937462 
143 -1 0.11295143587907325 -0.028782047328054273 0.311840980377266 -0.6390009983190991 0.015561274617629154 -0.13362275875751117 0.013477905365761272 
144 1 -0.20769995440573588 -0.4711370029068695 -0.66569511877366 -0.21377403539843431 -0.919135613890447 -0.8621849434115629 -0.5088427656550574 
145 1 -1.2765379220217663 -1.0019629496014477 -0.9743907290318473 1.593440557014391 -0.5296785770120819 0.2306583335695147 -1.221098226137992 
146 -1 4.067651916058386 4.5717094906916245 4.0676375718518765 2.5502012235858866 3.2091089770202226 0.2306583335695147 3.9071410893391367 
147 1 1.2886732002567067 1.4752248016399176 1.8038697632918375 -0.21377403539843431 1.1060409778770512 0.41279887973302765 2.292695378911152 
148 1 0.21983523264067628 0.5905148904822871 1.2379278111518275 1.8060540384747232 1.1060409778770512 0.41279887973302765 0.15592899746234817 
149 -1 0.11295143587907325 0.14815993490347182 0.20894244362453693 -0.5326942575889329 0.9892038668135418 0.7770799720600535 0.8681844579452828 
150 1 -0.3145837511673389 0.059688943787708774 0.36329024875363053 -1.1705347019699301 -0.8412442065147739 0.9592205182235665 -0.31890797619294153 
151 1 1.1817894034951038 1.6521667838714436 2.06111610517366 1.593440557014391 2.1186292737608 1.5056421567141052 1.3905051289661015 
152 1 -1.1696541252601633 -1.0904339407172108 -1.1287385341609408 0.530373149712729 0.17134408936897516 -0.3157633049210241 -0.5563264630205864 
153 1 0.7542542164486915 1.2982828194083915 1.3922756162809211 0.8492933719032276 1.7681179405702718 1.5056421567141052 1.2480540368695145 
154 1 -0.8490027349753542 -0.8250209673699217 -0.7171443871500246 -0.5326942575889329 -0.99702702126612 1.3235016105505923 -0.8412286472137602 
155 -1 -0.10081615764413283 0.23663092601923488 0.003145370119078799 1.06190685336356 0.5608011262473402 -1.0443254895750758 0.488314879021051 
156 1 -1.4903055155449723 -1.267375922948737 -1.2830863392900345 0.7429866311730614 -0.6465156880755913 0.2306583335695147 -1.221098226137992 
157 -1 -0.528351344690545 -0.6480789851383956 -0.5627965820209311 -2.0209886278112594 -0.99702702126612 -0.49790385108453705 -0.31890797619294153 
158 -1 0.21983523264067628 0.23663092601923488 -0.3569995085154729 0.31775966825239665 -0.7633527991391009 -0.49790385108453705 -0.6038101603861153 
159 1 -1.7040731090681784 -2.2405568252221304 -2.2606224384409606 0.6366798904428952 -1.1138641323296294 -1.5907471280656147 -1.6959351997932817 
160 1 0.006067639117470205 0.5905148904822871 1.0835800060227339 1.06190685336356 2.1965206811364735 1.1413610643870793 1.7703747078903331 
161 -1 0.9680218099718976 0.8559278638295762 0.8777829325172758 -0.5326942575889329 0.4050183114959942 -0.49790385108453705 0.6307659711176379 
162 1 -0.421467547928942 -0.20572402955958038 -0.04830389825728573 -1.5957616648905948 0.7944753483743592 1.1413610643870793 1.2955377342350436 
163 1 -1.8109569058297814 -1.8866728607590784 -1.8490282914300444 0.530373149712729 -2.009615317149869 -1.2264660357385888 -2.2182558708141005 
164 -1 -0.20769995440573588 -0.3826660117911065 -0.6142458503972956 -0.4263875168587667 -0.7633527991391009 -0.49790385108453705 -0.9361960419448182 
165 -1 0.8611380132102945 0.502043899366524 0.26039171200090144 -1.4894549241604287 -0.6854613917634279 -1.0443254895750758 0.06096160273129024 
166 1 -1.0627703284985601 -0.6480789851383956 -0.5113473136445665 -0.001160553938101941 -1.1917555397053023 -0.8621849434115629 -1.4110330156001079 
167 -1 2.036859777587928 1.9175797572187327 1.6495219581627438 -0.001160553938101941 0.6386925336230131 0.41279887973302765 0.9631518526763407 
168 1 -0.421467547928942 -0.7365499762541586 -0.66569511877366 -0.5326942575889329 -0.6854613917634279 0.7770799720600535 -0.9361960419448182 
169 1 0.5404866229254854 0.7674568727138131 1.186478542775463 0.4240664089825628 1.7681179405702718 0.41279887973302765 1.0106355500418696 
170 1 -1.8109569058297814 -2.0636148429906043 -1.9519268281827733 0.530373149712729 -1.1138641323296294 -1.0443254895750758 -1.5534841076966948 
171 1 -0.20769995440573588 0.059688943787708774 0.41473951712999507 -0.21377403539843431 1.1060409778770512 0.41279887973302765 0.6307659711176379 
172 -1 -0.421467547928942 -0.5596079940226326 -0.40844877689183745 0.10514618679206425 0.3660726078081577 -1.4086065819021016 0.5357985763865799 
173 -1 0.6473704196870884 0.413572908250761 0.15749317524817238 -0.9579212205095977 -0.45178716963640886 -0.3157633049210241 -0.2239405814618836 
174 1 -0.421467547928942 -0.6480789851383956 -0.66569511877366 1.06190685336356 -0.41284146594857235 -0.68004439724805 0.20341269482787716 
175 1 0.21983523264067628 0.502043899366524 0.6205365906354532 -0.21377403539843431 0.5608011262473402 2.052063795204644 0.9631518526763407 
176 -1 0.6473704196870884 0.502043899366524 0.20894244362453693 -0.001160553938101941 -0.7633527991391009 -0.49790385108453705 -0.41387537092399945 
177 1 1.1817894034951038 1.2982828194083915 0.9292322008936403 -0.10746729466826813 0.3660726078081577 1.1413610643870793 0.39334748428999305 
178 1 0.5404866229254854 0.6789858815980501 0.6205365906354532 0.31775966825239665 1.5344437184432527 1.869923249041131 1.1056029447729276 
179 -1 0.11295143587907325 0.3251019171349979 0.46618878550635956 -0.4263875168587667 -0.10127583644588035 0.41279887973302765 0.20341269482787716 
180 -1 1.1817894034951038 0.9443988549453393 1.0835800060227339 -1.2768414427000963 -0.2960043548850629 0.04851778740600176 0.6782496684831668 
181 -1 -0.9558865317369571 -0.9134919584856848 -0.8714921922791182 -0.21377403539843431 -1.074918428641793 -0.68004439724805 -0.9361960419448182 
182 -1 -1.2765379220217663 -1.444317905180263 -1.23163707091367 -0.7453077390492653 -1.386484058144485 -0.8621849434115629 -1.31606562086905 
183 -1 0.3267190294022793 0.3251019171349979 0.6719858590118177 0.10514618679206425 0.5997468299351767 -0.49790385108453705 1.3905051289661015 
184 1 -2.1316082961145906 -1.8866728607590784 -2.003376096559138 1.6997472977445571 -1.308592650768812 -0.49790385108453705 -1.9333536866209264 
185 1 -0.20769995440573588 -0.028782047328054273 0.5176380538827241 -1.7020684056207611 -0.8022985028269374 0.5949394258965406 -0.27142427882741255 
186 -1 -0.421467547928942 -0.11725303844381732 0.15749317524817238 0.21145292752223044 1.1839323852527242 0.04851778740600176 0.7257333658486959 
187 -1 -0.10081615764413283 -0.11725303844381732 0.05459463849544333 -0.10746729466826813 0.5218554225595037 0.41279887973302765 0.2983800895589351 
188 -1 0.8611380132102945 0.6789858815980501 0.6205365906354532 -0.10746729466826813 -0.2570586511972264 -0.68004439724805 0.2983800895589351 
189 -1 0.6473704196870884 0.7674568727138131 0.20894244362453693 -1.2768414427000963 -0.5686242806999184 1.1413610643870793 -0.0340057919997677 
190 -1 2.6781625581575463 2.271463721681785 1.7009712265391084 -0.10746729466826813 -0.5686242806999184 -0.8621849434115629 -0.27142427882741255 
191 1 -0.8490027349753542 -0.4711370029068695 -0.6142458503972956 1.2745203348238923 0.6776382373108497 -0.3157633049210241 -0.08148948936529667 
192 -1 0.5404866229254854 0.502043899366524 0.311840980377266 -0.5326942575889329 -0.7633527991391009 -0.68004439724805 -0.2239405814618836 
193 -1 0.5404866229254854 0.413572908250761 0.36329024875363053 0.10514618679206425 0.2881812004324847 -0.49790385108453705 0.5357985763865799 
194 -1 -1.3834217187833693 -1.267375922948737 -1.3859848760427635 -0.21377403539843431 -0.919135613890447 -1.9550282203926406 -1.0311634366758762 
195 1 -1.1696541252601633 -0.5596079940226326 -0.20265170338637933 -1.0642279612397638 -1.074918428641793 1.869923249041131 -0.3663916735584705 
196 1 1.3955569970183097 1.6521667838714436 2.1125653735500247 0.9556001126333938 1.8849550516337812 0.7770799720600535 1.3905051289661015 
197 -1 -0.10081615764413283 0.059688943787708774 0.26039171200090144 -0.6390009983190991 -0.6075699843877549 0.5949394258965406 -0.31890797619294153 
198 -1 0.11295143587907325 -0.028782047328054273 0.5690873222590886 -0.8516144797794315 0.015561274617629154 0.04851778740600176 0.15592899746234817 
199 -1 0.7542542164486915 0.502043899366524 0.15749317524817238 -0.10746729466826813 -0.21811294750938987 0.04851778740600176 -0.1764568840963546 
200 1 0.8611380132102945 1.0328698460611023 1.0835800060227339 0.7429866311730614 2.430194903263492 1.3235016105505923 1.7228910105248043 
201 -1 -0.20769995440573588 -0.2941950206753434 -0.8200429239027537 2.5502012235858866 -0.06233013275804385 0.2306583335695147 -0.41387537092399945 
202 -1 2.8919301516807523 2.006050748334496 1.3408263479045566 0.530373149712729 0.5218554225595037 -0.8621849434115629 1.1056029447729276 
203 1 -0.10081615764413283 -0.4711370029068695 -0.2541009717627439 -1.0642279612397638 0.21028979305681167 0.5949394258965406 0.34586378692446407 
204 1 0.3267190294022793 0.3251019171349979 0.5176380538827241 -0.21377403539843431 1.2228780889405608 1.6877827028776182 1.1056029447729276 
205 -1 0.21983523264067628 -0.11725303844381732 -0.2541009717627439 2.231281001395388 -0.2570586511972264 -1.5907471280656147 -0.5088427656550574 
206 -1 2.357511167872737 2.536876695029074 1.958217568420931 0.6366798904428952 0.7555296446865227 -0.13362275875751117 1.4379888263316305 
207 -1 0.6473704196870884 0.3251019171349979 0.311840980377266 -0.8516144797794315 -0.5296785770120819 -0.8621849434115629 -0.08148948936529667 
208 1 -1.3834217187833693 -1.0904339407172108 -1.0258399974082117 -0.5326942575889329 -1.2696469470809755 -0.13362275875751117 -1.221098226137992 
209 1 0.5404866229254854 0.14815993490347182 0.7234351273881823 -0.7453077390492653 1.2618237926283973 0.9592205182235665 1.2955377342350436 
210 -1 -1.0627703284985601 -0.8250209673699217 -0.8200429239027537 0.8492933719032276 -0.45178716963640886 -0.68004439724805 -0.3663916735584705 
211 1 -1.2765379220217663 -1.3558469140645 -1.5403326811718572 2.3375877421255544 -0.7244070954512644 -1.0443254895750758 -1.5534841076966948 
212 1 -0.7421189382137511 -0.4711370029068695 -0.09975316663365026 -2.4462155907319243 -1.5422668728958309 2.234204341368157 -0.8887123445792892 
213 1 0.3267190294022793 0.502043899366524 0.8263336641409113 0.21145292752223044 1.6123351258189258 1.869923249041131 1.1530866421384567 
214 1 0.7542542164486915 0.6789858815980501 0.9292322008936403 0.10514618679206425 0.5608011262473402 1.1413610643870793 0.20341269482787716 
215 1 -1.4903055155449723 -1.0904339407172108 -1.5403326811718572 1.4871338162842247 -0.6465156880755913 -0.8621849434115629 -1.3635493182345788 
216 -1 1.2886732002567067 1.0328698460611023 0.9292322008936403 -0.5326942575889329 0.3271269041203212 0.41279887973302765 0.6307659711176379 
217 1 -1.1696541252601633 -1.0904339407172108 -1.4888834127954926 3.5069618901573825 -0.41284146594857235 -1.4086065819021016 -1.3635493182345788 
218 1 0.43360282616388235 0.413572908250761 0.7748843957645468 0.8492933719032276 2.3912491995756557 2.052063795204644 1.91282579998692 
219 -1 0.21983523264067628 -0.028782047328054273 0.003145370119078799 -0.32008077612860053 -0.6854613917634279 0.7770799720600535 -0.1764568840963546 
220 1 0.21983523264067628 0.502043899366524 0.36329024875363053 0.10514618679206425 -0.6075699843877549 0.7770799720600535 -0.9361960419448182 
221 1 -0.635235141452148 -0.11725303844381732 0.5176380538827241 -1.8083751463509272 -0.8801899102026104 2.234204341368157 -0.0340057919997677 
222 1 0.21983523264067628 0.14815993490347182 -0.8714921922791182 1.3808270755540586 -0.14022154013371685 -1.5907471280656147 -0.08148948936529667 
223 1 -0.7421189382137511 -0.7365499762541586 -0.7685936555263891 1.06190685336356 0.17134408936897516 -0.3157633049210241 -0.27142427882741255 
224 -1 0.5404866229254854 0.413572908250761 0.20894244362453693 -0.10746729466826813 -0.21811294750938987 -1.0443254895750758 -0.46135906828952844 
225 1 0.006067639117470205 0.413572908250761 0.7748843957645468 -1.5957616648905948 -0.6854613917634279 1.3235016105505923 0.15592899746234817 
226 1 0.006067639117470205 0.14815993490347182 0.46618878550635956 -0.4263875168587667 1.2228780889405608 1.6877827028776182 1.2005703395039855 
227 1 1.2886732002567067 1.5636957927556805 1.3922756162809211 1.9123607792048896 1.7681179405702718 1.869923249041131 0.9156681553108117 
228 -1 0.21983523264067628 0.14815993490347182 0.15749317524817238 -1.0642279612397638 0.3271269041203212 0.2306583335695147 0.440831181655522 
229 -1 0.5404866229254854 -0.028782047328054273 -0.2541009717627439 -1.9146818870810933 -1.230701243393139 -0.68004439724805 -0.5088427656550574 
230 -1 -0.635235141452148 -0.9134919584856848 -1.0258399974082117 0.10514618679206425 -0.7244070954512644 -0.68004439724805 -0.6038101603861153 
231 1 -2.0247244993529874 -2.1520858341063676 -2.1577239016882315 0.7429866311730614 -1.77594109502285 -1.9550282203926406 -2.2182558708141005 
232 1 -0.3145837511673389 0.059688943787708774 0.10604390687180786 1.6997472977445571 1.6123351258189258 0.5949394258965406 0.8681844579452828 
233 -1 0.5404866229254854 0.7674568727138131 0.46618878550635956 -0.32008077612860053 -0.3738957622607359 -0.49790385108453705 -0.08148948936529667 
234 1 -1.7040731090681784 -1.7982018696433153 -2.1577239016882315 0.4240664089825628 -1.230701243393139 -1.7728876742291275 -1.9333536866209264 
235 -1 -0.528351344690545 -0.8250209673699217 -1.3859848760427635 -0.9579212205095977 -1.620158280271504 -1.0443254895750758 -1.31606562086905 
236 -1 0.21983523264067628 -0.028782047328054273 0.10604390687180786 -0.4263875168587667 -0.3349500585728994 -0.8621849434115629 0.10844530009681921 
237 -1 0.5404866229254854 0.14815993490347182 -0.04830389825728573 -0.001160553938101941 0.09345268199330216 -0.3157633049210241 -0.12897318673082564 
238 1 -1.0627703284985601 -1.0904339407172108 -0.66569511877366 0.4240664089825628 -0.6075699843877549 -0.49790385108453705 -1.0311634366758762 
239 1 0.5404866229254854 0.502043899366524 0.6205365906354532 0.31775966825239665 1.8070636442581083 1.3235016105505923 1.6279236157937462 
240 1 -1.0627703284985601 -1.267375922948737 -1.334535607666399 -1.4894549241604287 -0.8412442065147739 0.04851778740600176 -0.7462612524827023 
241 1 -0.421467547928942 -0.4711370029068695 -0.459898045268202 0.21145292752223044 0.6386925336230131 1.1413610643870793 0.6307659711176379 
242 1 -1.8109569058297814 -1.7982018696433153 -1.9519268281827733 2.8691214457763854 -0.49073287332424537 -1.2264660357385888 -1.6959351997932817 
243 1 -1.5971893123065755 -1.532788896296026 -1.5403326811718572 1.6997472977445571 -0.6854613917634279 -1.0443254895750758 -1.9333536866209264 
244 -1 -0.3145837511673389 -0.2941950206753434 -0.20265170338637933 0.530373149712729 0.17134408936897516 0.04851778740600176 -0.2239405814618836 
245 -1 -0.7421189382137511 -0.6480789851383956 -0.7685936555263891 0.4240664089825628 -0.06233013275804385 0.41279887973302765 -0.5563264630205864 
246 -1 -0.528351344690545 -0.3826660117911065 -0.1512024350100148 -0.32008077612860053 0.5997468299351767 -0.68004439724805 0.20341269482787716 
247 -1 0.6473704196870884 0.8559278638295762 0.6719858590118177 -0.32008077612860053 0.3271269041203212 1.1413610643870793 1.1056029447729276 
248 -1 -0.10081615764413283 -0.3826660117911065 -0.459898045268202 -1.5957616648905948 -0.919135613890447 -0.49790385108453705 -0.6987775551171733 
249 -1 1.1817894034951038 1.2982828194083915 1.0321307376463695 1.593440557014391 1.2618237926283973 0.04851778740600176 1.6279236157937462 
250 -1 -0.10081615764413283 -0.2941950206753434 -0.3569995085154729 0.530373149712729 -0.6465156880755913 -0.68004439724805 -0.9836797393103471 
251 1 -1.0627703284985601 -0.8250209673699217 -0.66569511877366 -0.5326942575889329 -0.3738957622607359 0.7770799720600535 -0.27142427882741255 
252 1 0.5404866229254854 0.7674568727138131 0.9292322008936403 -0.21377403539843431 1.0670952741892148 1.6877827028776182 1.3905051289661015 
253 1 0.006067639117470205 0.3251019171349979 0.5690873222590886 -0.001160553938101941 0.5218554225595037 -0.8621849434115629 0.440831181655522 
254 -1 0.8611380132102945 0.7674568727138131 0.6205365906354532 -0.5326942575889329 -0.21811294750938987 -0.49790385108453705 -0.1764568840963546 
255 1 0.006067639117470205 -0.028782047328054273 0.10604390687180786 0.21145292752223044 1.4176066073797433 0.5949394258965406 0.8207007605797538 
256 1 -0.9558865317369571 -1.1789049318329738 -1.23163707091367 0.21145292752223044 0.7944753483743592 -0.49790385108453705 -0.0340057919997677 
257 1 0.3267190294022793 0.3251019171349979 0.9292322008936403 0.6366798904428952 1.7291722368824354 1.3235016105505923 1.2955377342350436 
258 -1 0.006067639117470205 -0.11725303844381732 0.05459463849544333 -0.001160553938101941 0.3271269041203212 -0.3157633049210241 0.488314879021051 
259 -1 -0.635235141452148 -0.2941950206753434 -0.2541009717627439 -0.21377403539843431 0.24923549674464818 -1.0443254895750758 0.6782496684831668 
260 1 -1.8109569058297814 -2.0636148429906043 -2.0548253649355024 0.7429866311730614 -0.99702702126612 -0.8621849434115629 -1.7434188971588107 
261 -1 0.7542542164486915 0.9443988549453393 0.5690873222590886 0.8492933719032276 -0.21811294750938987 -0.3157633049210241 -0.0340057919997677 
262 -1 0.3267190294022793 -0.028782047328054273 -0.2541009717627439 -0.5326942575889329 -0.6075699843877549 -0.13362275875751117 -0.41387537092399945 
263 1 -1.9178407025913846 -2.0636148429906043 -2.0548253649355024 0.31775966825239665 -1.4254297618323215 -1.5907471280656147 -1.7434188971588107 
264 1 -0.8490027349753542 -0.7365499762541586 -0.9743907290318473 1.3808270755540586 0.21028979305681167 -0.13362275875751117 -0.9836797393103471 
265 1 -0.3145837511673389 0.14815993490347182 0.36329024875363053 -0.4263875168587667 -0.41284146594857235 0.2306583335695147 -0.41387537092399945 
266 1 -0.421467547928942 -0.028782047328054273 0.10604390687180786 0.9556001126333938 0.6776382373108497 -0.13362275875751117 0.06096160273129024 
267 -1 -0.20769995440573588 -0.2941950206753434 -0.6142458503972956 0.9556001126333938 0.015561274617629154 -1.2264660357385888 -0.5563264630205864 
268 1 -0.635235141452148 -0.4711370029068695 0.10604390687180786 -0.4263875168587667 0.2881812004324847 -1.2264660357385888 0.440831181655522 
269 1 1.6093245905415159 2.271463721681785 2.6785073256900342 1.4871338162842247 2.1186292737608 1.869923249041131 1.960309497352449 
270 -1 -0.421467547928942 -0.3826660117911065 -0.30555024013910836 -0.5326942575889329 -0.6075699843877549 1.1413610643870793 -0.8887123445792892 
271 -1 -0.20769995440573588 0.059688943787708774 0.10604390687180786 -0.10746729466826813 0.5608011262473402 0.2306583335695147 0.25089639219340615 
272 -1 0.11295143587907325 0.502043899366524 0.10604390687180786 -0.8516144797794315 -0.8801899102026104 -0.68004439724805 -0.31890797619294153 
273 1 -1.0627703284985601 -1.0019629496014477 -1.0258399974082117 0.6366798904428952 -0.45178716963640886 0.5949394258965406 -0.6038101603861153 
274 -1 -0.10081615764413283 0.059688943787708774 -0.09975316663365026 -0.5326942575889329 -0.3349500585728994 -0.3157633049210241 -0.3663916735584705 
275 1 1.2886732002567067 1.8291087661029697 1.958217568420931 0.21145292752223044 1.1060409778770512 1.869923249041131 0.9631518526763407 
276 1 -0.20769995440573588 -0.4711370029068695 -0.09975316663365026 -0.6390009983190991 1.1449866815648877 0.7770799720600535 0.34586378692446407 
277 1 -0.20769995440573588 -0.3826660117911065 -0.459898045268202 1.9123607792048896 0.5997468299351767 -0.68004439724805 -0.0340057919997677 
278 1 0.006067639117470205 0.413572908250761 0.6719858590118177 0.7429866311730614 -1.5033211692079944 0.5949394258965406 -1.9333536866209264 
279 -1 1.2886732002567067 0.9443988549453393 0.7748843957645468 -0.32008077612860053 0.3660726078081577 -0.13362275875751117 0.7732170632142248 
280 -1 0.3267190294022793 -0.028782047328054273 -0.1512024350100148 -0.5326942575889329 -0.7633527991391009 0.41279887973302765 -0.31890797619294153 
281 1 -2.0247244993529874 -2.0636148429906043 -2.1577239016882315 -0.6390009983190991 -1.5812125765836675 -0.8621849434115629 -2.0283210813519843 
282 -1 0.5404866229254854 -0.028782047328054273 -0.2541009717627439 -1.9146818870810933 -1.3475383544566484 0.04851778740600176 -0.8887123445792892 
283 1 -0.10081615764413283 0.14815993490347182 0.6719858590118177 -0.5326942575889329 0.21028979305681167 2.234204341368157 0.10844530009681921 
284 -1 -0.528351344690545 -0.4711370029068695 -0.2541009717627439 0.530373149712729 -0.02338442907020735 0.04851778740600176 -0.31890797619294153 
285 -1 0.21983523264067628 0.3251019171349979 0.05459463849544333 -0.32008077612860053 -0.3738957622607359 -0.3157633049210241 0.25089639219340615 
286 1 -1.3834217187833693 -1.267375922948737 -1.1287385341609408 2.1249742606652218 -0.49073287332424537 -0.8621849434115629 -1.31606562086905 
287 -1 0.9680218099718976 0.9443988549453393 1.0835800060227339 -0.001160553938101941 0.44396401518383066 -0.68004439724805 1.2005703395039855 
288 1 0.8611380132102945 1.1213408371768654 0.9292322008936403 -0.001160553938101941 1.4954980147554162 0.5949394258965406 1.5329562210626884 
289 1 -2.0247244993529874 -1.9751438518748414 -1.9519268281827733 0.8492933719032276 -0.8412442065147739 0.41279887973302765 -1.6484515024277526 
290 1 1.8230921840647218 2.625347686144837 2.421260983808212 0.9556001126333938 1.4565523110675798 0.41279887973302765 1.5329562210626884 
291 1 0.3267190294022793 0.502043899366524 0.6719858590118177 0.10514618679206425 1.8460093479459447 1.3235016105505923 1.4854725236971593 
292 -1 1.9299759808263248 1.5636957927556805 0.9292322008936403 0.31775966825239665 -0.2570586511972264 -0.3157633049210241 0.2983800895589351 
293 -1 1.8230921840647218 1.6521667838714436 1.186478542775463 -0.32008077612860053 -0.02338442907020735 -0.49790385108453705 0.488314879021051 
294 1 0.21983523264067628 0.3251019171349979 0.6205365906354532 0.4240664089825628 2.1965206811364735 1.5056421567141052 1.7228910105248043 
295 1 -0.9558865317369571 -0.8250209673699217 -1.0772892657845763 -0.4263875168587667 -0.8022985028269374 -0.49790385108453705 -1.173614528772463 
296 -1 -0.421467547928942 -0.5596079940226326 -0.40844877689183745 -0.7453077390492653 -0.02338442907020735 -0.68004439724805 0.8207007605797538 
297 1 1.5024407937799127 -0.8250209673699217 -0.7685936555263891 0.530373149712729 0.2881812004324847 -0.3157633049210241 -0.12897318673082564 
298 1 -0.635235141452148 -0.8250209673699217 -1.3859848760427635 0.9556001126333938 -1.230701243393139 -1.2264660357385888 -1.268581923503521 
299 1 0.9680218099718976 1.1213408371768654 1.6495219581627438 0.7429866311730614 1.8849550516337812 1.3235016105505923 1.0581192474073986 
300 -1 -0.3145837511673389 -0.4711370029068695 -0.8200429239027537 -0.8516144797794315 -1.074918428641793 -0.68004439724805 -0.8887123445792892 
301 1 0.21983523264067628 0.23663092601923488 0.15749317524817238 0.10514618679206425 1.3007694963162337 0.04851778740600176 0.8207007605797538 
302 1 0.5404866229254854 0.502043899366524 0.7748843957645468 -0.001160553938101941 1.1060409778770512 1.3235016105505923 1.0581192474073986 
303 -1 0.43360282616388235 0.6789858815980501 0.6205365906354532 0.530373149712729 0.48290971887166717 -0.13362275875751117 0.15592899746234817 
304 1 0.7542542164486915 0.502043899366524 1.186478542775463 0.31775966825239665 2.0796835700729637 0.2306583335695147 1.2955377342350436 
305 1 -0.421467547928942 -0.5596079940226326 -0.3569995085154729 0.7429866311730614 -0.6854613917634279 -1.4086065819021016 -0.08148948936529667 
306 1 -0.421467547928942 -0.2941950206753434 -0.20265170338637933 -0.32008077612860053 -0.3349500585728994 0.41279887973302765 -0.5563264630205864 
307 1 0.6473704196870884 0.8559278638295762 1.2379278111518275 0.7429866311730614 3.1701632733323857 1.6877827028776182 2.4351464710077386 
308 1 0.11295143587907325 0.3251019171349979 0.36329024875363053 0.4240664089825628 0.8723667557500322 1.3235016105505923 0.5357985763865799 
309 1 -1.5971893123065755 -1.7097308785275522 -1.9004775598064088 1.593440557014391 -1.0359727249539563 -1.5907471280656147 -1.6959351997932817 
310 -1 -0.635235141452148 -0.8250209673699217 -0.9743907290318473 -0.10746729466826813 -0.9580813175782834 -0.8621849434115629 -0.6987775551171733 
311 1 -0.8490027349753542 -1.0019629496014477 -1.0258399974082117 0.6366798904428952 0.3271269041203212 0.7770799720600535 -0.08148948936529667 
312 -1 -0.10081615764413283 -0.11725303844381732 -0.04830389825728573 -0.4263875168587667 -0.2960043548850629 0.2306583335695147 -0.5563264630205864 
313 -1 0.11295143587907325 0.5905148904822871 0.8263336641409113 0.9556001126333938 1.3397152000040702 -0.49790385108453705 2.055276892083507 
314 -1 -1.2765379220217663 -1.0904339407172108 -1.3859848760427635 1.4871338162842247 0.015561274617629154 -0.68004439724805 -0.5563264630205864 
315 -1 0.9680218099718976 0.3251019171349979 0.36329024875363053 -2.127295368541426 -1.074918428641793 0.2306583335695147 -0.3663916735584705 
316 -1 -0.3145837511673389 -0.2941950206753434 -0.1512024350100148 -1.0642279612397638 -1.1138641323296294 0.04851778740600176 -0.7937449498482312 
317 1 -1.0627703284985601 -1.0019629496014477 -1.0772892657845763 0.31775966825239665 -0.45178716963640886 0.41279887973302765 -0.41387537092399945 
318 1 -1.1696541252601633 -1.0904339407172108 -1.0772892657845763 -0.6390009983190991 -0.6075699843877549 -1.0443254895750758 -0.8887123445792892 
319 1 -1.4903055155449723 -1.267375922948737 -1.0258399974082117 0.31775966825239665 -1.230701243393139 -0.49790385108453705 -1.268581923503521 
320 -1 -0.421467547928942 -0.20572402955958038 0.05459463849544333 0.10514618679206425 0.6386925336230131 1.1413610643870793 0.34586378692446407 
321 -1 -0.10081615764413283 -0.2941950206753434 -0.1512024350100148 -0.4263875168587667 0.13239838568113865 -0.3157633049210241 0.25089639219340615 
322 -1 0.3267190294022793 1.3867538105241546 2.575608788937305 1.4871338162842247 2.8975433475175305 0.2306583335695147 4.144559576166782 
323 -1 -0.528351344690545 -0.7365499762541586 -0.7171443871500246 -0.32008077612860053 -0.5296785770120819 -1.5907471280656147 -0.12897318673082564 
324 -1 0.006067639117470205 0.14815993490347182 0.15749317524817238 -0.8516144797794315 0.13239838568113865 0.04851778740600176 0.440831181655522 
325 1 -0.20769995440573588 -0.20572402955958038 0.003145370119078799 -0.4263875168587667 -0.06233013275804385 0.04851778740600176 -0.27142427882741255 
326 -1 0.11295143587907325 -0.3826660117911065 -0.04830389825728573 -1.5957616648905948 -1.1138641323296294 0.04851778740600176 -0.6512938577516443 
327 -1 0.006067639117470205 0.059688943787708774 0.10604390687180786 -0.8516144797794315 -0.2960043548850629 -0.8621849434115629 0.25089639219340615 
328 -1 0.5404866229254854 -0.20572402955958038 -0.09975316663365026 -2.5525223314620904 -1.464375465520158 -0.3157633049210241 -0.8412286472137602 
329 -1 0.3267190294022793 -0.11725303844381732 0.003145370119078799 -0.5326942575889329 -0.3349500585728994 -1.4086065819021016 -0.1764568840963546 
330 -1 0.006067639117470205 0.059688943787708774 0.05459463849544333 0.21145292752223044 0.17134408936897516 0.04851778740600176 -0.0340057919997677 
331 1 0.7542542164486915 0.413572908250761 0.10604390687180786 0.4240664089825628 -0.6854613917634279 0.7770799720600535 -0.5563264630205864 
332 1 0.9680218099718976 1.6521667838714436 1.752420494915473 0.10514618679206425 1.2228780889405608 1.6877827028776182 1.0106355500418696 
333 -1 0.6473704196870884 0.8559278638295762 0.41473951712999507 1.1682135940937262 -0.3349500585728994 -1.0443254895750758 -1.0311634366758762 
334 1 -0.3145837511673389 -0.20572402955958038 -0.04830389825728573 -0.8516144797794315 -0.8022985028269374 0.41279887973302765 -0.6512938577516443 
335 -1 -0.10081615764413283 -0.028782047328054273 0.003145370119078799 -0.001160553938101941 0.05450697830546566 -0.49790385108453705 0.34586378692446407 
336 -1 0.21983523264067628 0.059688943787708774 0.003145370119078799 -0.9579212205095977 -0.06233013275804385 -0.3157633049210241 -0.08148948936529667 
337 1 -0.421467547928942 -0.028782047328054273 0.36329024875363053 -1.8083751463509272 -1.1138641323296294 1.1413610643870793 -0.41387537092399945 
338 1 -1.4903055155449723 -1.3558469140645 -1.4888834127954926 0.4240664089825628 -1.1138641323296294 -0.13362275875751117 -1.5534841076966948 
339 1 -1.3834217187833693 -1.532788896296026 -1.5917819495482217 -0.5326942575889329 -0.10127583644588035 0.7770799720600535 -0.46135906828952844 
340 -1 -0.20769995440573588 -0.2941950206753434 -0.1512024350100148 0.6366798904428952 -0.10127583644588035 -0.68004439724805 0.20341269482787716 
341 1 -0.421467547928942 -0.4711370029068695 -0.459898045268202 0.31775966825239665 -0.41284146594857235 1.1413610643870793 -0.6512938577516443 
342 -1 -1.2765379220217663 -1.267375922948737 -1.3859848760427635 -0.6390009983190991 -1.386484058144485 -0.8621849434115629 -1.458516712965637 
343 -1 -0.10081615764413283 -0.3826660117911065 -0.40844877689183745 -0.9579212205095977 -1.386484058144485 -0.13362275875751117 -0.9361960419448182 
344 -1 -0.20769995440573588 -0.11725303844381732 0.8263336641409113 0.10514618679206425 1.1060409778770512 -0.3157633049210241 1.8653421026213912 
345 1 0.11295143587907325 0.059688943787708774 0.46618878550635956 -2.127295368541426 -0.8412442065147739 1.3235016105505923 -0.0340057919997677 
346 -1 -0.635235141452148 -0.9134919584856848 -0.9229414606554828 -1.1705347019699301 -0.6075699843877549 -1.2264660357385888 -0.6038101603861153 
347 -1 -0.3145837511673389 -0.20572402955958038 0.10604390687180786 -1.0642279612397638 -0.41284146594857235 -1.0443254895750758 0.39334748428999305 
348 -1 0.3267190294022793 0.413572908250761 0.36329024875363053 -0.8516144797794315 -0.9580813175782834 -1.0443254895750758 -0.31890797619294153 
349 1 -1.2765379220217663 -1.444317905180263 -1.79757902305368 1.4871338162842247 -0.7244070954512644 -0.8621849434115629 -1.268581923503521 
350 -1 0.3267190294022793 0.23663092601923488 0.26039171200090144 0.31775966825239665 0.44396401518383066 -0.68004439724805 0.440831181655522 
351 1 0.9680218099718976 1.6521667838714436 1.855319031668202 -0.4263875168587667 0.3660726078081577 1.1413610643870793 1.1530866421384567 
352 1 -0.8490027349753542 -1.267375922948737 -1.0772892657845763 0.21145292752223044 0.2881812004324847 -0.49790385108453705 0.2983800895589351 
353 -1 0.21983523264067628 -0.028782047328054273 -0.1512024350100148 -0.9579212205095977 -0.8022985028269374 0.2306583335695147 -0.5563264630205864 
354 1 1.3955569970183097 0.9443988549453393 0.5690873222590886 -1.5957616648905948 -1.230701243393139 1.1413610643870793 -0.6038101603861153 
355 -1 1.6093245905415159 1.3867538105241546 0.8777829325172758 -1.4894549241604287 -0.5686242806999184 -0.3157633049210241 -0.0340057919997677 
356 -1 0.43360282616388235 0.5905148904822871 0.41473951712999507 -0.32008077612860053 -0.02338442907020735 1.3235016105505923 0.2983800895589351 
357 1 -0.9558865317369571 -0.20572402955958038 -0.66569511877366 1.4871338162842247 1.1449866815648877 0.04851778740600176 1.2005703395039855 
358 -1 -0.3145837511673389 -0.5596079940226326 -0.40844877689183745 -1.0642279612397638 -0.7633527991391009 -1.2264660357385888 -0.5563264630205864 
359 -1 0.6473704196870884 0.413572908250761 0.311840980377266 0.530373149712729 -0.45178716963640886 -0.49790385108453705 -0.12897318673082564 
360 -1 -0.635235141452148 -0.4711370029068695 -0.09975316663365026 -1.7020684056207611 -1.620158280271504 0.2306583335695147 -1.126130831406934 
361 1 -0.20769995440573588 -0.4711370029068695 -0.3569995085154729 -0.10746729466826813 -0.02338442907020735 -0.68004439724805 -0.3663916735584705 
362 -1 0.3267190294022793 0.5905148904822871 0.15749317524817238 -0.5326942575889329 -0.2960043548850629 0.5949394258965406 0.34586378692446407 
363 -1 -1.2765379220217663 -1.1789049318329738 -1.334535607666399 -0.9579212205095977 -1.620158280271504 -1.5907471280656147 -1.5060004103311657 
364 -1 -0.528351344690545 -0.4711370029068695 -0.3569995085154729 0.31775966825239665 -0.2570586511972264 -1.2264660357385888 -0.5563264630205864 
365 1 0.006067639117470205 0.14815993490347182 0.20894244362453693 -0.6390009983190991 -0.10127583644588035 0.41279887973302765 0.583282273752109 
366 1 -2.1316082961145906 -1.9751438518748414 -2.0548253649355024 -0.6390009983190991 -1.386484058144485 -1.7728876742291275 -1.6484515024277526 
367 1 -1.8109569058297814 -1.7982018696433153 -1.8490282914300444 0.4240664089825628 -0.7633527991391009 1.1413610643870793 -1.7909025945243395 
368 1 -1.9178407025913846 -1.7982018696433153 -2.0548253649355024 2.6565079643160527 -0.8801899102026104 -2.1371687665561536 -1.7909025945243395 
369 -1 0.006067639117470205 -0.20572402955958038 -0.1512024350100148 -0.6390009983190991 0.24923549674464818 0.2306583335695147 0.5357985763865799 
370 -1 -0.528351344690545 -1.0019629496014477 -0.9743907290318473 -0.6390009983190991 -1.1138641323296294 -0.3157633049210241 -1.078647134041405 
371 1 -0.10081615764413283 0.059688943787708774 -0.09975316663365026 1.593440557014391 0.6776382373108497 -0.8621849434115629 -0.12897318673082564 
372 -1 1.7162083873031189 1.3867538105241546 0.7748843957645468 -0.7453077390492653 0.09345268199330216 0.5949394258965406 0.6307659711176379 
373 1 -0.421467547928942 -0.3826660117911065 -0.5113473136445665 1.1682135940937262 1.1839323852527242 0.5949394258965406 0.440831181655522 
374 -1 0.6473704196870884 0.14815993490347182 0.20894244362453693 -0.9579212205095977 -0.9580813175782834 0.2306583335695147 -0.46135906828952844 
375 -1 0.3267190294022793 0.3251019171349979 0.10604390687180786 -0.10746729466826813 -0.02338442907020735 0.04851778740600176 0.25089639219340615 
376 -1 -0.10081615764413283 -0.3826660117911065 -0.04830389825728573 0.21145292752223044 -0.41284146594857235 0.04851778740600176 -0.41387537092399945 
377 -1 1.9299759808263248 2.006050748334496 1.9067683000445665 1.9123607792048896 0.5608011262473402 1.1413610643870793 0.25089639219340615 
378 -1 -1.3834217187833693 -1.444317905180263 -1.437434144419128 -0.001160553938101941 -0.8412442065147739 -1.5907471280656147 -0.6512938577516443 
379 -1 -0.528351344690545 -0.5596079940226326 -0.7171443871500246 -0.6390009983190991 -0.7633527991391009 -1.5907471280656147 -0.27142427882741255 
380 -1 0.3267190294022793 0.6789858815980501 0.6719858590118177 0.10514618679206425 -0.5296785770120819 0.7770799720600535 -0.31890797619294153 
381 -1 0.7542542164486915 0.7674568727138131 1.0321307376463695 -0.32008077612860053 -0.14022154013371685 -0.49790385108453705 0.6307659711176379 
382 1 -0.528351344690545 -0.2941950206753434 0.05459463849544333 -0.8516144797794315 -0.6075699843877549 1.1413610643870793 -0.5563264630205864 
383 1 -1.0627703284985601 -1.0019629496014477 -1.0258399974082117 -0.10746729466826813 -0.5296785770120819 -0.68004439724805 -0.6512938577516443 
384 1 0.43360282616388235 0.413572908250761 0.8777829325172758 0.4240664089825628 1.6902265331945987 1.6877827028776182 1.2005703395039855 
385 -1 1.5024407937799127 1.6521667838714436 1.3408263479045566 0.8492933719032276 0.7555296446865227 -0.3157633049210241 1.0106355500418696 
386 -1 -1.3834217187833693 -1.1789049318329738 -1.0772892657845763 0.31775966825239665 -0.41284146594857235 -1.7728876742291275 0.06096160273129024 
387 1 0.11295143587907325 -0.028782047328054273 0.10604390687180786 -2.127295368541426 -1.1138641323296294 0.5949394258965406 -0.5563264630205864 
388 -1 -0.421467547928942 -0.3826660117911065 0.10604390687180786 -0.001160553938101941 0.8334210520621957 -0.49790385108453705 0.440831181655522 
389 -1 2.1437435743495312 1.9175797572187327 1.5466234214100147 0.8492933719032276 0.3660726078081577 -0.3157633049210241 0.6782496684831668 
390 -1 3.3194653387271646 1.2982828194083915 -0.7171443871500246 -1.2768414427000963 -1.464375465520158 -1.0443254895750758 -1.3635493182345788 
391 -1 -0.3145837511673389 -0.2941950206753434 -0.2541009717627439 -0.5326942575889329 -0.3738957622607359 0.2306583335695147 -0.3663916735584705 
392 -1 1.7162083873031189 1.0328698460611023 0.41473951712999507 -1.7020684056207611 -0.41284146594857235 0.5949394258965406 0.488314879021051 
393 1 0.7542542164486915 1.2982828194083915 1.1350292743990984 0.10514618679206425 0.015561274617629154 -0.3157633049210241 -0.1764568840963546 
394 1 -1.5971893123065755 -1.6212598874117892 -2.003376096559138 0.21145292752223044 -1.1917555397053023 -1.5907471280656147 -1.7434188971588107 
395 -1 -0.9558865317369571 -0.7365499762541586 -0.9743907290318473 -1.7020684056207611 -1.8148867987106865 -1.2264660357385888 -1.4110330156001079 
396 1 0.006067639117470205 -0.20572402955958038 0.311840980377266 0.530373149712729 1.4565523110675798 1.3235016105505923 1.0106355500418696 
397 -1 -0.3145837511673389 -0.4711370029068695 -0.8200429239027537 -1.2768414427000963 -1.0359727249539563 1.3235016105505923 -0.6987775551171733 
398 1 0.43360282616388235 0.413572908250761 0.311840980377266 -0.10746729466826813 0.09345268199330216 0.04851778740600176 0.2983800895589351 
399 -1 0.7542542164486915 0.5905148904822871 0.311840980377266 -0.8516144797794315 -0.2570586511972264 -0.68004439724805 0.06096160273129024 
400 1 -0.528351344690545 -1.267375922948737 -1.1287385341609408 0.530373149712729 0.7165839409986862 -0.13362275875751117 0.06096160273129024 
401 -1 -0.10081615764413283 0.14815993490347182 0.05459463849544333 0.530373149712729 0.17134408936897516 -0.13362275875751117 0.20341269482787716 
402 -1 -0.3145837511673389 -0.5596079940226326 -0.7685936555263891 2.0186675199350557 -0.6465156880755913 -0.68004439724805 -0.8887123445792892 
403 1 -0.528351344690545 -0.028782047328054273 0.05459463849544333 -1.3831481834302624 -0.7244070954512644 0.41279887973302765 -0.27142427882741255 
404 1 -1.7040731090681784 -1.532788896296026 -1.6432312179245863 2.4438944828557205 -1.1917555397053023 0.2306583335695147 -1.5534841076966948 
405 -1 1.0749056067335006 1.2098118282926285 0.9292322008936403 1.4871338162842247 1.1839323852527242 0.04851778740600176 0.8681844579452828 
406 1 0.21983523264067628 0.413572908250761 0.41473951712999507 -0.7453077390492653 -0.8022985028269374 0.04851778740600176 -0.8412286472137602 
407 -1 1.5024407937799127 1.3867538105241546 1.5980726897863793 0.31775966825239665 1.5344437184432527 0.9592205182235665 1.7228910105248043 
408 1 -0.528351344690545 -0.5596079940226326 -0.3569995085154729 -0.7453077390492653 -0.7244070954512644 0.5949394258965406 -0.6987775551171733 
409 1 0.11295143587907325 0.6789858815980501 1.0321307376463695 -1.2768414427000963 -0.6465156880755913 1.3235016105505923 0.06096160273129024 
410 1 -0.421467547928942 -0.7365499762541586 -0.6142458503972956 -0.001160553938101941 -1.698049687647177 -0.68004439724805 -1.8858699892553976 
411 -1 -0.10081615764413283 -0.20572402955958038 -0.30555024013910836 -0.32008077612860053 0.21028979305681167 -1.0443254895750758 0.7257333658486959 
412 -1 -0.20769995440573588 -0.8250209673699217 -0.6142458503972956 -0.10746729466826813 -0.5296785770120819 -1.0443254895750758 -0.46135906828952844 
413 -1 -0.635235141452148 -0.7365499762541586 -0.459898045268202 -0.10746729466826813 -0.6465156880755913 -1.2264660357385888 -0.5088427656550574 
414 -1 0.006067639117470205 0.059688943787708774 -0.20265170338637933 -0.4263875168587667 -1.0359727249539563 0.7770799720600535 -1.173614528772463 
415 1 0.3267190294022793 0.5905148904822871 0.46618878550635956 0.530373149712729 0.4050183114959942 1.5056421567141052 0.39334748428999305 
416 1 -1.9178407025913846 -1.9751438518748414 -2.209173170064596 1.8060540384747232 -1.3475383544566484 -1.9550282203926406 -2.0758047787175133 
417 1 0.43360282616388235 0.7674568727138131 1.1350292743990984 0.4240664089825628 2.0017921626972908 1.3235016105505923 3.0524345367596153 
418 -1 1.1817894034951038 0.5905148904822871 0.41473951712999507 -0.8516144797794315 -1.074918428641793 -0.8621849434115629 -0.8412286472137602 
419 1 0.11295143587907325 0.413572908250761 0.003145370119078799 2.3375877421255544 0.3271269041203212 -0.8621849434115629 0.25089639219340615 
420 -1 0.43360282616388235 0.3251019171349979 -0.04830389825728573 -0.001160553938101941 -0.3349500585728994 0.5949394258965406 -0.31890797619294153 
421 -1 -0.421467547928942 -0.028782047328054273 -0.3569995085154729 1.1682135940937262 -1.0359727249539563 -1.2264660357385888 -1.173614528772463 
422 -1 -0.20769995440573588 0.14815993490347182 0.311840980377266 -0.10746729466826813 0.2881812004324847 0.2306583335695147 0.6782496684831668 
423 1 -1.2765379220217663 -1.0904339407172108 -1.1801878025373054 -0.10746729466826813 -0.7633527991391009 -1.2264660357385888 -0.46135906828952844 
424 1 0.11295143587907325 0.14815993490347182 0.41473951712999507 -0.8516144797794315 0.17134408936897516 0.7770799720600535 0.20341269482787716 
425 1 -0.3145837511673389 -0.7365499762541586 -0.40844877689183745 -1.0642279612397638 0.8334210520621957 0.41279887973302765 0.6307659711176379 
426 1 0.6473704196870884 1.4752248016399176 1.4437248846572857 2.1249742606652218 -0.6465156880755913 -0.8621849434115629 -1.5060004103311657 
427 1 0.006067639117470205 0.23663092601923488 0.5690873222590886 -0.6390009983190991 0.21028979305681167 1.1413610643870793 0.20341269482787716 
428 -1 1.2886732002567067 0.8559278638295762 0.5176380538827241 -0.9579212205095977 0.21028979305681167 -0.68004439724805 0.9631518526763407 
429 1 -0.9558865317369571 -1.267375922948737 -1.1801878025373054 -0.32008077612860053 -1.152809836017466 -0.8621849434115629 -1.0311634366758762 
430 -1 6.31221164805205 5.810303366312307 3.244449277830044 0.9556001126333938 0.7944753483743592 0.7770799720600535 1.6754073131592753 
431 1 0.7542542164486915 0.5905148904822871 0.7234351273881823 -0.001160553938101941 -1.074918428641793 -0.3157633049210241 -0.9361960419448182 
432 1 -0.421467547928942 0.14815993490347182 0.05459463849544333 -0.4263875168587667 -0.45178716963640886 1.5056421567141052 -0.46135906828952844 
433 1 -0.7421189382137511 -0.6480789851383956 -0.7171443871500246 1.06190685336356 0.09345268199330216 0.04851778740600176 -0.6038101603861153 
434 1 0.5404866229254854 -0.4711370029068695 -0.20265170338637933 -0.21377403539843431 -1.1917555397053023 0.2306583335695147 -1.5060004103311657 
435 -1 0.43360282616388235 -0.028782047328054273 -0.1512024350100148 -0.8516144797794315 -1.1917555397053023 -0.3157633049210241 -0.6987775551171733 
436 -1 -0.9558865317369571 -1.0019629496014477 -0.9743907290318473 1.1682135940937262 -0.14022154013371685 0.2306583335695147 -0.6038101603861153 
437 -1 0.43360282616388235 0.5905148904822871 0.6205365906354532 0.21145292752223044 -0.3349500585728994 -0.68004439724805 0.10844530009681921 
438 -1 0.006067639117470205 -0.028782047328054273 -0.40844877689183745 -1.1705347019699301 -0.3349500585728994 0.41279887973302765 -0.0340057919997677 
439 1 -0.635235141452148 -0.6480789851383956 -0.30555024013910836 -0.21377403539843431 0.015561274617629154 -0.8621849434115629 -0.31890797619294153 
440 1 0.7542542164486915 0.8559278638295762 1.2379278111518275 -0.5326942575889329 0.9892038668135418 1.3235016105505923 1.1530866421384567 
441 -1 0.7542542164486915 0.5905148904822871 0.5176380538827241 -0.4263875168587667 -0.45178716963640886 0.04851778740600176 -0.0340057919997677 
442 1 0.3267190294022793 0.502043899366524 0.9292322008936403 -0.10746729466826813 0.6386925336230131 0.04851778740600176 0.6782496684831668 
443 -1 -1.4903055155449723 -1.7982018696433153 -1.6946804863009508 -0.8516144797794315 -1.853832502398523 -1.2264660357385888 -1.6484515024277526 
444 1 -0.10081615764413283 0.14815993490347182 0.5690873222590886 -0.21377403539843431 -0.02338442907020735 1.3235016105505923 0.39334748428999305 
445 1 -0.7421189382137511 -0.6480789851383956 -0.459898045268202 -1.5957616648905948 -0.9580813175782834 1.3235016105505923 -0.6512938577516443 
446 -1 1.0749056067335006 1.0328698460611023 0.6205365906354532 -0.9579212205095977 0.13239838568113865 -0.49790385108453705 0.9156681553108117 
447 -1 0.9680218099718976 0.5905148904822871 -0.1512024350100148 0.31775966825239665 -1.152809836017466 -1.0443254895750758 -1.126130831406934 
448 -1 -0.528351344690545 -1.267375922948737 -0.9229414606554828 -0.8516144797794315 -1.464375465520158 -0.68004439724805 -0.9361960419448182 
449 -1 0.7542542164486915 0.6789858815980501 0.8263336641409113 -1.0642279612397638 -0.2570586511972264 0.5949394258965406 0.06096160273129024 
450 1 0.43360282616388235 0.6789858815980501 0.8777829325172758 0.31775966825239665 2.040737866385127 1.3235016105505923 1.6754073131592753 
451 1 -0.20769995440573588 -0.3826660117911065 -0.1512024350100148 -0.001160553938101941 0.3271269041203212 0.9592205182235665 0.013477905365761272 
452 -1 -1.1696541252601633 -1.444317905180263 -1.3859848760427635 -1.4894549241604287 -1.77594109502285 -1.4086065819021016 -1.5060004103311657 
453 -1 -0.10081615764413283 0.059688943787708774 0.05459463849544333 0.4240664089825628 -0.45178716963640886 -0.68004439724805 -0.5563264630205864 
454 1 -0.635235141452148 -0.4711370029068695 -0.5627965820209311 0.530373149712729 -1.1138641323296294 -0.68004439724805 -1.8383862918898686 
455 -1 -0.635235141452148 -0.9134919584856848 -0.8200429239027537 0.9556001126333938 -0.3738957622607359 -0.68004439724805 -0.46135906828952844 
456 1 0.7542542164486915 1.0328698460611023 1.186478542775463 0.10514618679206425 1.9628464590094543 1.5056421567141052 1.6279236157937462 
457 -1 0.43360282616388235 0.502043899366524 0.26039171200090144 0.530373149712729 0.09345268199330216 -0.68004439724805 0.25089639219340615 
