id label data 
0 1 0.12797587056258597 0.3279920959021179 0.5155990497360963 0.6219019000745771 0.2717625345994272 1.3152373000118605 0.4328229559547616 
1 -1 0.7711246799227348 0.852855682255652 0.770072129121976 0.2045729934455841 0.6926610122658409 0.7729972514740363 1.5117632029475399 
2 -1 -0.086407065890797 -0.19687149045141622 -0.5531878836845988 0.2045729934455841 -0.8761424044907922 -1.0344695769853771 -0.5053859544737412 
3 -1 -0.7295558752509459 -0.546780548020439 -0.7058717313161267 -0.630084819812402 -0.26392643697600854 -0.3114828456016117 0.15136028282621072 
4 1 -1.1583217481577117 -0.8966896055894616 -0.9094501948248305 0.10024076678833584 -0.5317709227637264 -0.3114828456016117 -1.1152217462522682 
5 1 -1.4798961528377863 -1.8589395139042741 -1.5201855853509418 -0.8387492731268985 -1.6414123638842717 -0.6729762112934944 -1.8657888745950704 
6 -1 0.02078440233589448 -0.02191696166690484 0.3629152021045684 -0.21275591318340895 1.2283499838412766 0.592250568628095 1.1364796387761387 
7 -1 -0.30079000234417996 -0.546780548020439 -0.7058717313161267 -1.7777393130421328 -2.1005743395203593 -0.8537228941394358 -1.9126993201164957 
8 1 0.6639332116960434 1.0278102110401635 1.1263344402622077 -0.21275591318340895 1.2666134818109507 1.134490617165919 1.2772109753404142 
9 1 -2.015853493971244 -2.0338940426887855 -2.1309209758770535 2.0825530732760527 -0.9526694004301401 -1.7574563083691426 -1.7719679835522202 
10 1 1.0926990846028093 1.0278102110401635 1.4317021355252635 -0.10842368652616069 1.5344579675986685 0.9537439343199777 1.4648527574261148 
11 -1 -0.19359853411748848 -0.19687149045141622 0.26112597035021645 0.8305663533890737 0.46308002444779706 -1.3959629426772597 0.901927411169013 
12 1 0.9855076163761178 0.6779011534711407 1.0245452085078557 0.10024076678833584 2.6058359107495397 1.8574773485496845 1.840136321597516 
13 -1 -0.19359853411748848 -0.6342578124126946 -0.6549771154389508 -1.8820715396993812 -1.297040882157206 -0.6729762112934944 -1.0683113007308431 
14 -1 0.12797587056258597 -0.37182601923592756 -0.6040824995617747 -1.36041040641314 -1.411831376066228 0.2307572029362123 -0.739938182080867 
15 1 -1.8014705575178607 -2.1213713070810414 -1.9782371282455256 0.3089052201028324 -1.0291963963694881 -0.8537228941394358 -1.725057538030795 
16 -1 1.9502308304163412 1.5526737973936975 0.9227559767535038 -0.5257525931551538 -0.4169804288547045 -0.6729762112934944 0.15136028282621072 
17 1 0.34235880701596894 0.24051483150986222 0.21023135447304053 -0.3170881398406572 1.2283499838412766 1.134490617165919 0.7142856290833125 
18 1 0.02078440233589448 -0.10939422605916052 -0.5022932678074229 0.6219019000745771 0.8074515061748628 2.218970714241567 0.38591251043333646 
19 1 -0.8367473434776374 -0.8966896055894616 -0.24782018842154308 -2.7167293529573673 -1.14398689027851 1.676730665703743 -0.36465461790946585 
20 -1 1.1998905528295007 1.4651965330014418 1.0754398243850318 0.6219019000745771 0.9605054980535588 0.05001052009027096 0.6204647380404622 
21 -1 -0.19359853411748848 0.3279920959021179 -0.34960942017589497 -0.004091459868912423 -0.14913594306698663 0.05001052009027096 0.010628946261935293 
22 1 -1.1583217481577117 -0.9841668699817173 -1.469290969473766 0.4132374467600806 -1.7944663557629676 -1.2152162598313185 -2.006520211159346 
23 1 1.1998905528295007 1.6401510617859532 1.940648294297023 1.0392308067035703 1.9553564452650822 1.676730665703743 1.6055840939903903 
24 1 1.4142734892828837 2.4274464413162544 3.11122445947207 2.8128786598767905 3.2945788742036717 1.3152373000118605 2.2623303312903422 
25 -1 1.5214649575095751 2.0775373837472317 2.2460159895600786 1.6652241666470597 1.1135594899322547 0.41150388578215363 1.0895691932547136 
26 -1 0.4495502752426604 -0.19687149045141622 -0.14603095666719115 -0.004091459868912423 0.8457150041445368 0.41150388578215363 1.0895691932547136 
27 -1 0.8783161481494264 1.1152874754324191 0.6682828973676241 -0.004091459868912423 0.11870854272073122 0.05001052009027096 0.8081065201261628 
28 -1 0.7711246799227348 0.4154693602943736 0.21023135447304053 -0.5257525931551538 0.539607020387145 -0.8537228941394358 1.230300529818989 
29 1 -0.19359853411748848 0.06556030272535085 0.5155990497360963 -0.8387492731268985 0.1952355386600792 0.9537439343199777 -0.13010239030234014 
30 1 0.6639332116960434 1.3777192686091861 1.3299129037709114 1.0392308067035703 0.3100260325691011 2.0382240313956257 0.29209161939048617 
31 -1 0.34235880701596894 -0.02191696166690484 -0.34960942017589497 -1.9864037663566294 -1.258777384187532 -0.13073616275567038 -0.739938182080867 
32 -1 1.8430393621896497 1.4651965330014418 0.9227559767535038 -0.3170881398406572 0.1952355386600792 -0.6729762112934944 0.6673751835618873 
33 1 -0.8367473434776374 -0.8966896055894616 -0.9094501948248305 -0.9430814997841468 -0.7230884126120963 -0.13073616275567038 -0.6930277365594418 
34 1 2.057422298643033 1.4651965330014418 0.4647044338589203 0.8305663533890737 -0.5700344207334004 -1.2152162598313185 -0.13010239030234014 
35 1 1.1998905528295007 1.3777192686091861 1.6352805990339672 0.7262341267318254 2.108410437143778 1.676730665703743 1.6524945395118154 
36 1 -0.19359853411748848 -0.19687149045141622 -0.14603095666719115 0.7262341267318254 1.6875119594773644 1.134490617165919 0.4328229559547616 
37 1 -0.6223644070242544 -0.7217350768049503 -0.6549771154389508 -0.21275591318340895 0.7691880082051888 0.592250568628095 0.19827072834763587 
38 1 -1.1583217481577117 -0.8966896055894616 -1.0621340424563583 1.1435630333608184 -0.6082979187030744 -0.13073616275567038 -1.0683113007308431 
39 1 0.02078440233589448 0.4154693602943736 0.5664936656132722 1.352227486675315 2.1466739351134523 1.3152373000118605 1.558673648468965 
40 -1 0.5567417434693519 0.15303756711760652 0.3120205862273924 -0.5257525931551538 -0.7230884126120963 -0.6729762112934944 -0.13010239030234014 
41 -1 1.1998905528295007 0.5029466246866293 0.3120205862273924 -1.1517459530986434 -0.6082979187030744 -1.5767096255232012 -0.08319194478091499 
42 1 -1.3727046846110948 -1.4215531919429958 -1.571080201228118 0.8305663533890737 1.4961944696289944 -0.3114828456016117 -1.396684419380819 
43 1 -0.30079000234417996 0.3279920959021179 -0.29871480429871905 -0.5257525931551538 -0.7230884126120963 0.9537439343199777 -0.739938182080867 
44 -1 0.6639332116960434 0.6779011534711407 0.4138098179817443 -0.21275591318340895 -0.11087244509731264 -0.4922295284475531 0.10444983730478558 
45 1 -0.30079000234417996 0.24051483150986222 0.4647044338589203 -1.9864037663566294 -0.8378789065211182 1.8574773485496845 -0.3177441723880407 
46 -1 -0.4079814705708714 -0.45930328362818323 -0.5022932678074229 0.4132374467600806 0.2717625345994272 -1.0344695769853771 0.3390020649119113 
47 -1 0.6639332116960434 0.3279920959021179 0.3120205862273924 -0.8387492731268985 -0.5317709227637264 -0.8537228941394358 -0.08319194478091499 
48 1 0.6639332116960434 0.9403329466479077 1.3808075196480876 -0.8387492731268985 -0.07260894712763866 1.8574773485496845 0.6204647380404622 
49 -1 1.3070820210561922 0.590423889078885 0.26112597035021645 -2.299400446328374 -1.0674598943391622 1.134490617165919 -0.45847550895231615 
50 -1 -1.2655132163844034 -1.5090304563352515 -1.469290969473766 -2.612397126300119 -1.8327298537326417 -1.2152162598313185 -1.443594864902244 
51 -1 -0.30079000234417996 0.06556030272535085 -0.19692557254436713 0.3089052201028324 0.1569720406904052 -0.8537228941394358 0.38591251043333646 
52 1 -0.086407065890797 -0.37182601923592756 -0.04424172491283925 0.6219019000745771 2.2232009310528 0.2307572029362123 1.6994049850332404 
53 1 -1.6942790892911692 -1.1591213987662288 -1.41839635359659 0.934898580046322 -0.14913594306698663 -1.0344695769853771 -1.0683113007308431 
54 1 -1.2655132163844034 -1.1591213987662288 -1.0112394265791824 -0.4214203664979055 0.3865530285084491 -1.5767096255232012 -0.36465461790946585 
55 -1 1.1998905528295007 1.9025828549627202 1.838859062542671 1.6652241666470597 1.4196674736896464 0.2307572029362123 1.887046767118941 
56 -1 1.0926990846028093 0.9403329466479077 0.7191775132448001 -0.7344170464696502 -0.4169804288547045 -0.6729762112934944 0.19827072834763587 
57 -1 -0.4079814705708714 -0.45930328362818323 -0.14603095666719115 -0.3170881398406572 0.577870518356819 -1.3959629426772597 1.5117632029475399 
58 -1 0.12797587056258597 0.15303756711760652 0.3629152021045684 -0.21275591318340895 -0.14913594306698663 0.05001052009027096 0.4328229559547616 
59 -1 -0.30079000234417996 -0.546780548020439 -0.6549771154389508 -1.36041040641314 0.04218154678138327 -0.13073616275567038 0.9957483022118633 
60 1 -0.6223644070242544 -0.546780548020439 -0.6040824995617747 0.7262341267318254 0.7309245102355149 0.41150388578215363 0.010628946261935293 
61 1 -1.6942790892911692 -1.4215531919429958 -1.7746586647368217 1.7695563933043081 -0.6465614166727484 -0.6729762112934944 -1.443594864902244 
62 1 -0.19359853411748848 0.06556030272535085 0.26112597035021645 0.4132374467600806 0.7309245102355149 -1.2152162598313185 0.4328229559547616 
63 -1 -0.9439388117043288 -0.9841668699817173 -0.8076609630704785 -0.3170881398406572 -0.8761424044907922 -1.2152162598313185 -0.6461172910380167 
64 1 1.7358478939629582 1.8151055905704645 2.2460159895600786 0.934898580046322 1.4961944696289944 0.05001052009027096 1.3710318663832646 
65 -1 2.057422298643033 1.7276283261782088 1.2790182878937355 -1.047413726441395 -0.4169804288547045 -0.6729762112934944 0.3390020649119113 
66 1 -0.9439388117043288 -0.6342578124126946 -0.8076609630704785 1.1435630333608184 0.11870854272073122 0.05001052009027096 -0.3177441723880407 
67 -1 0.34235880701596894 -0.02191696166690484 -0.40050403605307094 -0.9430814997841468 -2.0240473435810116 -1.5767096255232012 -1.725057538030795 
68 -1 -0.4079814705708714 -0.6342578124126946 -0.6549771154389508 -0.21275591318340895 -0.4935074247940524 -1.0344695769853771 0.15136028282621072 
69 -1 0.7711246799227348 0.590423889078885 0.21023135447304053 -1.5690748597276365 -0.4552439268243785 0.05001052009027096 0.057539391783360434 
70 1 -0.5151729387975629 -1.071644134373973 -0.6549771154389508 -2.612397126300119 -1.0291963963694881 1.4959839828578017 -0.5522963999951664 
71 1 0.4495502752426604 0.7653784178633963 0.9227559767535038 0.5175696734173288 1.4961944696289944 1.134490617165919 1.0426587477332885 
72 -1 0.23516733878927745 0.4154693602943736 1.4825967514024394 -0.21275591318340895 1.1518229879019286 0.592250568628095 2.168509440247492 
73 -1 0.23516733878927745 0.06556030272535085 0.15933673859586456 -0.004091459868912423 -1.0291963963694881 -0.6729762112934944 -0.9275799641665676 
74 -1 2.1646137668697243 1.6401510617859532 1.3299129037709114 -1.2560781797558915 -0.22566293900633458 -0.3114828456016117 0.4328229559547616 
75 -1 -0.8367473434776374 -0.8966896055894616 -0.8585555789476546 -0.7344170464696502 -0.14913594306698663 -1.3959629426772597 0.5266438469976119 
76 -1 0.12797587056258597 -0.10939422605916052 0.006652890964336702 0.3089052201028324 -0.11087244509731264 -0.13073616275567038 0.15136028282621072 
77 1 -0.5151729387975629 -0.19687149045141622 0.006652890964336702 0.8305663533890737 -0.26392643697600854 0.9537439343199777 -0.5992068455165915 
78 1 0.34235880701596894 0.4154693602943736 1.0754398243850318 -0.7344170464696502 0.1569720406904052 2.5804640799334497 0.29209161939048617 
79 1 -0.19359853411748848 0.15303756711760652 0.006652890964336702 1.9782208466188047 0.8074515061748628 1.8574773485496845 0.10444983730478558 
80 -1 0.02078440233589448 0.24051483150986222 0.10844212271868861 -0.21275591318340895 -0.26392643697600854 0.05001052009027096 -0.03628149925948985 
81 1 0.23516733878927745 0.3279920959021179 0.4647044338589203 0.7262341267318254 1.3048769797806246 1.4959839828578017 0.6204647380404622 
82 -1 0.12797587056258597 0.3279920959021179 0.15933673859586456 0.8305663533890737 0.8074515061748628 -0.4922295284475531 0.47973340147618676 
83 1 0.23516733878927745 -0.19687149045141622 0.21023135447304053 -0.3170881398406572 1.6109849635380165 0.592250568628095 1.0895691932547136 
84 1 -1.2655132163844034 -0.45930328362818323 -0.6040824995617747 0.6219019000745771 0.6926610122658409 -0.13073616275567038 -0.17701283582376529 
85 1 -0.9439388117043288 -0.7217350768049503 -0.45139865193024686 -1.1517459530986434 -0.6082979187030744 0.9537439343199777 -0.5522963999951664 
86 1 -0.086407065890797 0.06556030272535085 0.3629152021045684 -1.9864037663566294 -0.8761424044907922 1.676730665703743 -0.36465461790946585 
87 -1 -0.7295558752509459 -0.2843487548436719 0.10844212271868861 0.2045729934455841 -0.6082979187030744 -1.0344695769853771 -0.27083372686661555 
88 1 0.5567417434693519 0.3279920959021179 0.5155990497360963 0.3089052201028324 1.3814039757199725 2.0382240313956257 0.6673751835618873 
89 -1 0.5567417434693519 0.6779011534711407 0.26112597035021645 0.5175696734173288 -0.4935074247940524 0.2307572029362123 -0.5992068455165915 
90 1 -1.2655132163844034 -1.5090304563352515 -1.469290969473766 -0.21275591318340895 0.42481652647812307 0.05001052009027096 0.6204647380404622 
91 -1 0.7711246799227348 0.590423889078885 0.3120205862273924 -0.004091459868912423 -0.22566293900633458 -0.8537228941394358 -0.13010239030234014 
92 -1 1.8430393621896497 1.2902420042169305 1.0754398243850318 0.3089052201028324 -0.11087244509731264 -0.6729762112934944 0.3390020649119113 
93 -1 0.23516733878927745 -0.19687149045141622 -0.19692557254436713 -1.1517459530986434 -0.1873994410366606 -0.6729762112934944 0.24518117386906102 
94 1 0.7711246799227348 0.7653784178633963 1.0754398243850318 0.6219019000745771 1.8023024533863863 1.676730665703743 1.5117632029475399 
95 1 0.6639332116960434 0.6779011534711407 1.1772290561393837 -0.5257525931551538 1.2283499838412766 1.676730665703743 1.5117632029475399 
96 -1 1.3070820210561922 0.852855682255652 1.0245452085078557 -0.5257525931551538 -0.26392643697600854 -0.13073616275567038 0.3390020649119113 
97 -1 0.4495502752426604 0.5029466246866293 0.21023135447304053 0.6219019000745771 0.11870854272073122 -0.4922295284475531 -0.5522963999951664 
98 -1 -0.086407065890797 -0.02191696166690484 0.057547506841512656 -0.21275591318340895 0.7691880082051888 0.592250568628095 0.7142856290833125 
99 1 -0.8367473434776374 -1.1591213987662288 -1.1130286583335343 -0.4214203664979055 0.3100260325691011 -0.13073616275567038 -0.17701283582376529 
100 -1 -0.086407065890797 0.06556030272535085 0.10844212271868861 0.10024076678833584 -0.22566293900633458 1.4959839828578017 0.010628946261935293 
101 -1 -1.1583217481577117 -0.9841668699817173 -0.9094501948248305 0.6219019000745771 -0.4935074247940524 -0.6729762112934944 -0.6930277365594418 
102 -1 1.0926990846028093 0.6779011534711407 0.3120205862273924 -1.1517459530986434 -0.4169804288547045 0.05001052009027096 -0.13010239030234014 
103 -1 -0.086407065890797 -0.02191696166690484 0.006652890964336702 -0.004091459868912423 0.04218154678138327 -0.4922295284475531 0.3390020649119113 
104 1 -0.8367473434776374 -0.37182601923592756 -0.5022932678074229 2.499881979905046 0.46308002444779706 0.7729972514740363 -0.27083372686661555 
105 1 -1.3727046846110948 -1.2465986631584844 -1.367501737719414 1.0392308067035703 -0.7613519105817703 -0.4922295284475531 -0.9275799641665676 
106 -1 0.5567417434693519 0.590423889078885 0.820966744999152 0.10024076678833584 0.9987689960232328 1.3152373000118605 1.5117632029475399 
107 -1 1.8430393621896497 1.6401510617859532 1.3299129037709114 -0.3170881398406572 0.2717625345994272 -0.6729762112934944 0.7142856290833125 
108 -1 -0.4079814705708714 -0.19687149045141622 0.21023135447304053 -0.21275591318340895 0.6543975142961669 0.2307572029362123 0.6673751835618873 
109 1 0.23516733878927745 0.9403329466479077 1.2790182878937355 1.352227486675315 2.184937433083126 0.592250568628095 1.2772109753404142 
110 -1 -1.0511302799310203 -1.071644134373973 -1.0621340424563583 -0.4214203664979055 -0.3021899349456825 -1.5767096255232012 0.10444983730478558 
111 1 0.34235880701596894 0.4154693602943736 0.4138098179817443 0.5175696734173288 1.1518229879019286 0.7729972514740363 0.901927411169013 
112 1 -0.9439388117043288 -0.8966896055894616 -1.1639232742107102 0.2045729934455841 -0.14913594306698663 -0.8537228941394358 -0.27083372686661555 
113 1 0.5567417434693519 1.1152874754324191 1.0754398243850318 0.934898580046322 0.1952355386600792 1.4959839828578017 0.010628946261935293 
114 1 0.4495502752426604 0.4154693602943736 0.5155990497360963 0.3089052201028324 0.3865530285084491 1.134490617165919 0.3390020649119113 
115 1 0.4495502752426604 0.4154693602943736 0.7191775132448001 0.5175696734173288 2.108410437143778 1.3152373000118605 1.4648527574261148 
116 -1 0.02078440233589448 -0.10939422605916052 0.15933673859586456 -0.4214203664979055 0.9605054980535588 0.05001052009027096 0.9488378566904382 
117 -1 1.5214649575095751 1.6401510617859532 1.1772290561393837 -1.36041040641314 -0.4169804288547045 0.05001052009027096 0.29209161939048617 
118 -1 0.02078440233589448 -0.45930328362818323 -0.5531878836845988 -1.1517459530986434 0.2717625345994272 -0.6729762112934944 0.8550169656475879 
119 1 0.6639332116960434 1.2902420042169305 1.5334913672796153 -0.10842368652616069 1.8023024533863863 2.0382240313956257 1.183390084297564 
120 -1 -0.4079814705708714 -0.37182601923592756 -0.24782018842154308 -0.7344170464696502 0.003918048811709296 -0.13073616275567038 -0.17701283582376529 
121 1 0.8783161481494264 1.2902420042169305 1.5334913672796153 1.352227486675315 1.7257754574470383 1.4959839828578017 1.0426587477332885 
122 -1 0.8783161481494264 0.5029466246866293 0.3629152021045684 -0.630084819812402 -0.4552439268243785 -0.6729762112934944 -0.03628149925948985 
123 1 -0.8367473434776374 -0.45930328362818323 -0.04424172491283925 -2.299400446328374 -1.258777384187532 1.134490617165919 -0.6461172910380167 
124 1 0.34235880701596894 0.24051483150986222 0.4138098179817443 0.4132374467600806 0.3482895305387751 1.3152373000118605 -0.22392328134519043 
125 1 -0.6223644070242544 -0.45930328362818323 -0.29871480429871905 0.6219019000745771 0.9222420000838848 0.41150388578215363 0.38591251043333646 
126 1 -1.0511302799310203 -1.5090304563352515 -1.367501737719414 0.2045729934455841 -0.4552439268243785 -1.2152162598313185 -1.1621321917736933 
127 1 -0.8367473434776374 -0.7217350768049503 -1.367501737719414 1.7695563933043081 0.577870518356819 -1.5767096255232012 -0.13010239030234014 
128 -1 0.02078440233589448 -0.2843487548436719 -0.40050403605307094 -1.36041040641314 -1.14398689027851 -0.4922295284475531 -0.7868486276022921 
129 -1 1.0926990846028093 0.6779011534711407 0.8718613608763279 -0.630084819812402 0.11870854272073122 -1.0344695769853771 0.47973340147618676 
130 1 -0.4079814705708714 -0.37182601923592756 -0.29871480429871905 -1.9864037663566294 -0.7230884126120963 1.3152373000118605 -0.17701283582376529 
131 1 -1.5870876210644778 -1.3340759275507401 -1.5201855853509418 1.352227486675315 -0.9909328983998141 -1.5767096255232012 -1.7719679835522202 
132 1 -1.8014705575178607 -1.6839849851197628 -1.7746586647368217 0.7262341267318254 -0.8761424044907922 -0.3114828456016117 -1.5843262014665196 
133 -1 1.8430393621896497 1.9025828549627202 1.940648294297023 0.6219019000745771 1.8405659513560604 -0.6729762112934944 1.9339572126403661 
134 1 0.02078440233589448 0.4154693602943736 0.4647044338589203 0.4132374467600806 0.3482895305387751 0.2307572029362123 0.5266438469976119 
135 -1 -0.19359853411748848 0.06556030272535085 -0.0951363407900152 -0.10842368652616069 -0.14913594306698663 -0.3114828456016117 -0.27083372686661555 
136 1 -1.0511302799310203 -1.7714622495120185 -1.7237640488596457 -0.21275591318340895 -1.297040882157206 -1.7574563083691426 -1.3028635283379688 
137 1 0.23516733878927745 0.15303756711760652 0.21023135447304053 0.2045729934455841 1.4961944696289944 0.2307572029362123 1.0426587477332885 
138 1 0.9855076163761178 1.0278102110401635 1.5334913672796153 1.0392308067035703 1.6109849635380165 1.4959839828578017 1.0895691932547136 
139 1 -2.1230449621979353 -2.1213713070810414 -2.1818155917542295 -0.3170881398406572 -1.0674598943391622 -2.2996963569069666 -1.67814709250937 
140 -1 0.34235880701596894 0.15303756711760652 0.6682828973676241 -0.630084819812402 0.577870518356819 -1.0344695769853771 1.6055840939903903 
141 1 -0.19359853411748848 -0.02191696166690484 0.5155990497360963 -1.9864037663566294 -0.6465614166727484 1.3152373000118605 0.24518117386906102 
142 -1 0.12797587056258597 -0.02191696166690484 0.3120205862273924 -0.630084819812402 0.003918048811709296 -0.13073616275567038 0.010628946261935293 
143 1 -1.2655132163844034 -0.9841668699817173 -1.2148178900878863 2.186885299933301 -0.1873994410366606 -1.0344695769853771 -0.5992068455165915 
144 1 -0.19359853411748848 -0.45930328362818323 -0.6549771154389508 -0.21275591318340895 -0.9144059024604662 -0.8537228941394358 -0.5053859544737412 
145 1 -1.2655132163844034 -0.9841668699817173 -0.9603448107020064 1.5608919399898116 -0.5317709227637264 0.2307572029362123 -1.2090426372951184 
146 -1 4.0940601949501705 4.5269007867303905 4.027327545261237 2.499881979905046 3.1415248823249757 0.2307572029362123 3.857285479018797 
147 1 1.3070820210561922 1.4651965330014418 1.7879644466654951 -0.21275591318340895 1.0752959919625806 0.41150388578215363 2.2623303312903422 
148 1 0.23516733878927745 0.590423889078885 1.2281236720165596 1.7695563933043081 1.0752959919625806 0.41150388578215363 0.15136028282621072 
149 -1 0.12797587056258597 0.15303756711760652 0.21023135447304053 -0.5257525931551538 0.9605054980535588 0.7729972514740363 0.8550169656475879 
150 1 -0.30079000234417996 0.06556030272535085 0.3629152021045684 -1.1517459530986434 -0.8378789065211182 0.9537439343199777 -0.3177441723880407 
151 1 1.1998905528295007 1.6401510617859532 2.042437526051375 1.5608919399898116 2.070146939174104 1.4959839828578017 1.3710318663832646 
152 1 -1.1583217481577117 -1.071644134373973 -1.1130286583335343 0.5175696734173288 0.1569720406904052 -0.3114828456016117 -0.5522963999951664 
153 1 0.7711246799227348 1.2902420042169305 1.3808075196480876 0.8305663533890737 1.7257754574470383 1.4959839828578017 1.230300529818989 
154 1 -0.8367473434776374 -0.809212341197206 -0.7058717313161267 -0.5257525931551538 -0.9909328983998141 1.3152373000118605 -0.8337590731237173 
155 -1 -0.086407065890797 0.24051483150986222 0.006652890964336702 1.0392308067035703 0.539607020387145 -1.0344695769853771 0.47973340147618676 
156 1 -1.4798961528377863 -1.2465986631584844 -1.2657125059650622 0.7262341267318254 -0.6465614166727484 0.2307572029362123 -1.2090426372951184 
157 -1 -0.5151729387975629 -0.6342578124126946 -0.5531878836845988 -1.9864037663566294 -0.9909328983998141 -0.4922295284475531 -0.3177441723880407 
158 -1 0.23516733878927745 0.24051483150986222 -0.34960942017589497 0.3089052201028324 -0.7613519105817703 -0.4922295284475531 -0.5992068455165915 
159 1 -1.6942790892911692 -2.208848571473297 -2.2327102076314054 0.6219019000745771 -1.105723392308836 -1.5767096255232012 -1.67814709250937 
160 1 0.02078440233589448 0.590423889078885 1.0754398243850318 1.0392308067035703 2.1466739351134523 1.134490617165919 1.7463154305546655 
161 -1 0.9855076163761178 0.852855682255652 0.8718613608763279 -0.5257525931551538 0.3865530285084491 -0.4922295284475531 0.6204647380404622 
162 1 -0.4079814705708714 -0.19687149045141622 -0.04424172491283925 -1.5690748597276365 0.7691880082051888 1.134490617165919 1.2772109753404142 
163 1 -1.8014705575178607 -1.8589395139042741 -1.8255532806139976 0.5175696734173288 -1.9857838456113377 -1.2152162598313185 -2.1941619932450465 
164 -1 -0.19359853411748848 -0.37182601923592756 -0.6040824995617747 -0.4214203664979055 -0.7613519105817703 -0.4922295284475531 -0.9275799641665676 
165 1 -0.30079000234417996 -0.45930328362818323 -0.6040824995617747 1.4565597133325632 0.003918048811709296 -1.5767096255232012 -0.17701283582376529 
166 -1 0.8783161481494264 0.5029466246866293 0.26112597035021645 -1.464742633070388 -0.6848249146424223 -1.0344695769853771 0.057539391783360434 
167 1 -1.0511302799310203 -0.6342578124126946 -0.5022932678074229 -0.004091459868912423 -1.182250388248184 -0.8537228941394358 -1.396684419380819 
168 1 -0.4079814705708714 -0.7217350768049503 -0.6549771154389508 -0.5257525931551538 -0.6848249146424223 0.7729972514740363 -0.9275799641665676 
169 1 -1.8014705575178607 -2.0338940426887855 -1.9273425123683496 0.5175696734173288 -1.105723392308836 -1.0344695769853771 -1.5374157559450945 
170 1 -0.19359853411748848 0.06556030272535085 0.4138098179817443 -0.21275591318340895 1.0752959919625806 0.41150388578215363 0.6204647380404622 
171 1 0.34235880701596894 0.9403329466479077 1.1263344402622077 0.5175696734173288 1.1518229879019286 0.7729972514740363 1.3710318663832646 
172 -1 0.6639332116960434 0.4154693602943736 0.15933673859586456 -0.9430814997841468 -0.4552439268243785 -0.3114828456016117 -0.22392328134519043 
173 1 -0.4079814705708714 -0.6342578124126946 -0.6549771154389508 1.0392308067035703 -0.4169804288547045 -0.6729762112934944 0.19827072834763587 
174 1 0.23516733878927745 0.5029466246866293 0.6173882814904481 -0.21275591318340895 0.539607020387145 2.0382240313956257 0.9488378566904382 
175 -1 0.6639332116960434 0.5029466246866293 0.21023135447304053 -0.004091459868912423 -0.7613519105817703 -0.4922295284475531 -0.411565063430891 
176 1 1.1998905528295007 1.2902420042169305 0.9227559767535038 -0.10842368652616069 0.3482895305387751 1.134490617165919 0.38591251043333646 
177 1 0.5567417434693519 0.6779011534711407 0.6173882814904481 0.3089052201028324 1.4961944696289944 1.8574773485496845 1.0895691932547136 
178 -1 0.12797587056258597 0.3279920959021179 0.4647044338589203 -0.4214203664979055 -0.11087244509731264 0.41150388578215363 0.19827072834763587 
179 -1 1.1998905528295007 0.9403329466479077 1.0754398243850318 -1.2560781797558915 -0.3021899349456825 0.05001052009027096 0.6673751835618873 
180 -1 -0.9439388117043288 -0.8966896055894616 -0.8585555789476546 -0.21275591318340895 -1.0674598943391622 -0.6729762112934944 -0.9275799641665676 
181 -1 -1.2655132163844034 -1.4215531919429958 -1.2148178900878863 -0.7344170464696502 -1.373567878096554 -0.8537228941394358 -1.3028635283379688 
182 -1 0.34235880701596894 0.3279920959021179 0.6682828973676241 0.10024076678833584 0.577870518356819 -0.4922295284475531 1.3710318663832646 
183 1 -1.8014705575178607 -1.9464167782965298 -1.9782371282455256 2.0825530732760527 -1.0291963963694881 -1.5767096255232012 -1.8657888745950704 
184 1 -0.19359853411748848 -0.02191696166690484 0.5155990497360963 -1.6734070863848847 -0.7996154085514443 0.592250568628095 -0.27083372686661555 
185 -1 -0.4079814705708714 -0.10939422605916052 0.15933673859586456 0.2045729934455841 1.1518229879019286 0.05001052009027096 0.7142856290833125 
186 -1 -0.086407065890797 -0.10939422605916052 0.057547506841512656 -0.10842368652616069 0.501343522417471 0.41150388578215363 0.29209161939048617 
187 -1 0.8783161481494264 0.6779011534711407 0.6173882814904481 -0.10842368652616069 -0.26392643697600854 -0.6729762112934944 0.29209161939048617 
188 -1 0.6639332116960434 0.7653784178633963 0.21023135447304053 -1.2560781797558915 -0.5700344207334004 1.134490617165919 -0.03628149925948985 
189 -1 2.7005711080031816 2.252491912531743 1.6861752149111433 -0.10842368652616069 -0.5700344207334004 -0.8537228941394358 -0.27083372686661555 
190 -1 0.02078440233589448 0.06556030272535085 0.006652890964336702 0.10024076678833584 -0.7230884126120963 -0.6729762112934944 -0.739938182080867 
191 1 -0.9439388117043288 -0.546780548020439 -0.6549771154389508 0.8305663533890737 0.3100260325691011 -1.2152162598313185 -0.45847550895231615 
192 -1 0.5567417434693519 0.5029466246866293 0.3120205862273924 -0.5257525931551538 -0.7613519105817703 -0.6729762112934944 -0.22392328134519043 
193 -1 0.5567417434693519 0.4154693602943736 0.3629152021045684 0.10024076678833584 0.2717625345994272 -0.4922295284475531 0.5266438469976119 
194 -1 -1.3727046846110948 -1.2465986631584844 -1.367501737719414 -0.21275591318340895 -0.9144059024604662 -1.9382029912150838 -1.0214008552094178 
195 1 -1.1583217481577117 -0.546780548020439 -0.19692557254436713 -1.047413726441395 -1.0674598943391622 1.8574773485496845 -0.36465461790946585 
196 1 1.4142734892828837 1.6401510617859532 2.093332141928551 0.934898580046322 1.8405659513560604 0.7729972514740363 1.3710318663832646 
197 -1 -0.086407065890797 0.06556030272535085 0.26112597035021645 -0.630084819812402 -0.6082979187030744 0.592250568628095 -0.3177441723880407 
198 -1 0.12797587056258597 -0.02191696166690484 0.5664936656132722 -0.8387492731268985 0.003918048811709296 0.05001052009027096 0.15136028282621072 
199 -1 0.7711246799227348 0.5029466246866293 0.15933673859586456 -0.10842368652616069 -0.22566293900633458 0.05001052009027096 -0.17701283582376529 
200 1 0.8783161481494264 1.0278102110401635 1.0754398243850318 0.7262341267318254 2.376254922931496 1.3152373000118605 1.6994049850332404 
201 1 -0.7295558752509459 -0.9841668699817173 -1.0621340424563583 0.4132374467600806 -0.8761424044907922 -1.0344695769853771 -0.9275799641665676 
202 -1 -0.19359853411748848 -0.2843487548436719 -0.8076609630704785 2.499881979905046 -0.07260894712763866 0.2307572029362123 -0.411565063430891 
203 1 -0.086407065890797 -0.45930328362818323 -0.24782018842154308 -1.047413726441395 0.1952355386600792 0.592250568628095 0.3390020649119113 
204 1 0.34235880701596894 0.3279920959021179 0.5155990497360963 -0.21275591318340895 1.1900864858716027 1.676730665703743 1.0895691932547136 
205 -1 0.23516733878927745 -0.10939422605916052 -0.24782018842154308 2.186885299933301 -0.26392643697600854 -1.5767096255232012 -0.5053859544737412 
206 -1 2.378996703323107 2.51492370570851 1.940648294297023 0.6219019000745771 0.7309245102355149 -0.13073616275567038 1.4179423119046897 
207 -1 0.6639332116960434 0.3279920959021179 0.3120205862273924 -0.8387492731268985 -0.5317709227637264 -0.8537228941394358 -0.08319194478091499 
208 1 -1.3727046846110948 -1.071644134373973 -1.0112394265791824 -0.5257525931551538 -1.258777384187532 -0.13073616275567038 -1.2090426372951184 
209 1 0.5567417434693519 0.15303756711760652 0.7191775132448001 -0.7344170464696502 1.2283499838412766 0.9537439343199777 1.2772109753404142 
210 -1 -1.0511302799310203 -0.809212341197206 -0.8076609630704785 0.8305663533890737 -0.4552439268243785 -0.6729762112934944 -0.36465461790946585 
211 1 -1.2655132163844034 -1.3340759275507401 -1.5201855853509418 2.2912175265905494 -0.7230884126120963 -1.0344695769853771 -1.5374157559450945 
212 1 -0.7295558752509459 -0.45930328362818323 -0.0951363407900152 -2.4037326729856225 -1.5266218699752498 2.218970714241567 -0.8806695186451424 
213 1 0.34235880701596894 0.5029466246866293 0.820966744999152 0.2045729934455841 1.5727214655683424 1.8574773485496845 1.1364796387761387 
214 1 0.7711246799227348 0.6779011534711407 0.9227559767535038 0.10024076678833584 0.539607020387145 1.134490617165919 0.19827072834763587 
215 1 -1.4798961528377863 -1.071644134373973 -1.5201855853509418 1.4565597133325632 -0.6465614166727484 -0.8537228941394358 -1.349773973859394 
216 -1 -0.30079000234417996 -1.071644134373973 -1.0621340424563583 -1.5690748597276365 -1.105723392308836 -0.8537228941394358 -0.6930277365594418 
217 -1 1.3070820210561922 1.0278102110401635 0.9227559767535038 -0.5257525931551538 0.3100260325691011 0.41150388578215363 0.6204647380404622 
218 1 -1.1583217481577117 -1.071644134373973 -1.469290969473766 3.4388720198202805 -0.4169804288547045 -1.3959629426772597 -1.349773973859394 
219 -1 -0.5151729387975629 -0.809212341197206 -0.6549771154389508 0.5175696734173288 -0.3787169308850305 0.05001052009027096 -0.8337590731237173 
220 1 0.4495502752426604 0.4154693602943736 0.770072129121976 0.8305663533890737 2.337991424961822 2.0382240313956257 1.887046767118941 
221 -1 0.23516733878927745 -0.02191696166690484 0.006652890964336702 -0.3170881398406572 -0.6848249146424223 0.7729972514740363 -0.17701283582376529 
222 1 0.23516733878927745 0.5029466246866293 0.3629152021045684 0.10024076678833584 -0.6082979187030744 0.7729972514740363 -0.9275799641665676 
223 1 -0.6223644070242544 -0.10939422605916052 0.5155990497360963 -1.7777393130421328 -0.8761424044907922 2.218970714241567 -0.03628149925948985 
224 1 0.23516733878927745 0.15303756711760652 -0.8585555789476546 1.352227486675315 -0.14913594306698663 -1.5767096255232012 -0.08319194478091499 
225 1 -0.7295558752509459 -0.7217350768049503 -0.7567663471933026 1.0392308067035703 0.1569720406904052 -0.3114828456016117 -0.27083372686661555 
226 -1 0.5567417434693519 0.4154693602943736 0.21023135447304053 -0.10842368652616069 -0.22566293900633458 -1.0344695769853771 -0.45847550895231615 
227 1 0.02078440233589448 0.4154693602943736 0.770072129121976 -1.5690748597276365 -0.6848249146424223 1.3152373000118605 0.15136028282621072 
228 1 0.02078440233589448 0.15303756711760652 0.4647044338589203 -0.4214203664979055 1.1900864858716027 1.676730665703743 1.183390084297564 
229 1 1.3070820210561922 1.5526737973936975 1.3808075196480876 1.8738886199615563 1.7257754574470383 1.8574773485496845 0.901927411169013 
230 -1 0.23516733878927745 0.15303756711760652 0.15933673859586456 -1.047413726441395 0.3100260325691011 0.2307572029362123 0.4328229559547616 
231 -1 0.5567417434693519 -0.02191696166690484 -0.24782018842154308 -1.8820715396993812 -1.220513886217858 -0.6729762112934944 -0.5053859544737412 
232 -1 -0.6223644070242544 -0.8966896055894616 -1.0112394265791824 0.10024076678833584 -0.7230884126120963 -0.6729762112934944 -0.5992068455165915 
233 1 -2.015853493971244 -2.1213713070810414 -2.1309209758770535 0.7262341267318254 -1.7562028577932938 -1.9382029912150838 -2.1941619932450465 
234 1 -0.30079000234417996 0.06556030272535085 0.10844212271868861 1.6652241666470597 1.5727214655683424 0.592250568628095 0.8550169656475879 
235 -1 0.5567417434693519 0.7653784178633963 0.4647044338589203 -0.3170881398406572 -0.3787169308850305 -0.4922295284475531 -0.08319194478091499 
236 1 -1.6942790892911692 -1.7714622495120185 -2.1309209758770535 0.4132374467600806 -1.220513886217858 -1.7574563083691426 -1.9126993201164957 
237 -1 -0.5151729387975629 -0.809212341197206 -1.367501737719414 -0.9430814997841468 -1.6031488659145978 -1.0344695769853771 -1.3028635283379688 
238 -1 0.5567417434693519 0.15303756711760652 -0.04424172491283925 -0.004091459868912423 0.08044504475105725 -0.3114828456016117 -0.13010239030234014 
239 1 -1.0511302799310203 -1.071644134373973 -0.6549771154389508 0.4132374467600806 -0.6082979187030744 -0.4922295284475531 -1.0214008552094178 
240 1 0.5567417434693519 0.5029466246866293 0.6173882814904481 0.3089052201028324 1.7640389554167124 1.3152373000118605 1.6055840939903903 
241 1 -1.0511302799310203 -1.2465986631584844 -1.3166071218422382 -1.464742633070388 -0.8378789065211182 0.05001052009027096 -0.739938182080867 
242 1 -0.4079814705708714 -0.45930328362818323 -0.45139865193024686 0.2045729934455841 0.616134016326493 1.134490617165919 0.6204647380404622 
243 1 -1.8014705575178607 -1.7714622495120185 -1.9273425123683496 2.8128786598767905 -0.4935074247940524 -1.2152162598313185 -1.67814709250937 
244 1 -1.5870876210644778 -1.5090304563352515 -1.5201855853509418 1.6652241666470597 -0.6848249146424223 -1.0344695769853771 -1.9126993201164957 
245 -1 -0.7295558752509459 -0.6342578124126946 -0.7567663471933026 0.4132374467600806 -0.07260894712763866 0.41150388578215363 -0.5522963999951664 
246 -1 -0.5151729387975629 -0.37182601923592756 -0.14603095666719115 -0.3170881398406572 0.577870518356819 -0.6729762112934944 0.19827072834763587 
247 -1 0.6639332116960434 0.852855682255652 0.6682828973676241 -0.3170881398406572 0.3100260325691011 1.134490617165919 1.0895691932547136 
248 -1 1.1998905528295007 1.2902420042169305 1.0245452085078557 1.5608919399898116 1.2283499838412766 0.05001052009027096 1.6055840939903903 
249 1 -0.30079000234417996 -0.2843487548436719 0.10844212271868861 -0.9430814997841468 -0.3021899349456825 2.0382240313956257 -0.3177441723880407 
250 -1 -0.086407065890797 -0.2843487548436719 -0.34960942017589497 0.5175696734173288 -0.6465614166727484 -0.6729762112934944 -0.9744904096879927 
251 1 -1.0511302799310203 -0.809212341197206 -0.6549771154389508 -0.5257525931551538 -0.3787169308850305 0.7729972514740363 -0.27083372686661555 
252 1 0.02078440233589448 0.3279920959021179 0.5664936656132722 -0.004091459868912423 0.501343522417471 -0.8537228941394358 0.4328229559547616 
253 -1 0.8783161481494264 0.7653784178633963 0.6173882814904481 -0.5257525931551538 -0.22566293900633458 -0.4922295284475531 -0.17701283582376529 
254 1 0.02078440233589448 -0.02191696166690484 0.10844212271868861 0.2045729934455841 1.3814039757199725 0.592250568628095 0.8081065201261628 
255 1 -0.9439388117043288 -1.1591213987662288 -1.2148178900878863 0.2045729934455841 0.7691880082051888 -0.4922295284475531 -0.03628149925948985 
256 -1 0.02078440233589448 -0.10939422605916052 0.057547506841512656 -0.004091459868912423 0.3100260325691011 -0.3114828456016117 0.47973340147618676 
257 -1 -0.6223644070242544 -0.2843487548436719 -0.24782018842154308 -0.21275591318340895 0.23349903662975316 -1.0344695769853771 0.6673751835618873 
258 1 -1.8014705575178607 -2.0338940426887855 -2.0291317441227017 0.7262341267318254 -0.9909328983998141 -0.8537228941394358 -1.725057538030795 
259 -1 -0.086407065890797 -0.02191696166690484 0.006652890964336702 -1.2560781797558915 -1.0674598943391622 -0.3114828456016117 -0.5522963999951664 
260 -1 0.7711246799227348 0.9403329466479077 0.5664936656132722 0.8305663533890737 -0.22566293900633458 -0.3114828456016117 -0.03628149925948985 
261 1 -1.9086620257445521 -2.0338940426887855 -2.0291317441227017 0.3089052201028324 -1.411831376066228 -1.5767096255232012 -1.725057538030795 
262 1 -0.8367473434776374 -0.7217350768049503 -0.9603448107020064 1.352227486675315 0.1952355386600792 -0.13073616275567038 -0.9744904096879927 
263 1 -0.30079000234417996 0.15303756711760652 0.3629152021045684 -0.4214203664979055 -0.4169804288547045 0.2307572029362123 -0.411565063430891 
264 1 -0.4079814705708714 -0.02191696166690484 0.10844212271868861 0.934898580046322 0.6543975142961669 -0.13073616275567038 0.057539391783360434 
265 -1 -0.19359853411748848 -0.2843487548436719 -0.6040824995617747 0.934898580046322 0.003918048811709296 -1.2152162598313185 -0.5522963999951664 
266 1 -0.6223644070242544 -0.45930328362818323 0.10844212271868861 -0.4214203664979055 0.2717625345994272 -1.2152162598313185 0.4328229559547616 
267 1 1.6286564257362668 2.252491912531743 2.6531729165774864 1.4565597133325632 2.070146939174104 1.8574773485496845 1.9339572126403661 
268 -1 -0.19359853411748848 0.06556030272535085 0.10844212271868861 -0.10842368652616069 0.539607020387145 0.2307572029362123 0.24518117386906102 
269 -1 0.12797587056258597 0.5029466246866293 0.10844212271868861 -0.8387492731268985 -0.8761424044907922 -0.6729762112934944 -0.3177441723880407 
270 1 -1.0511302799310203 -0.9841668699817173 -1.0112394265791824 0.6219019000745771 -0.4552439268243785 0.592250568628095 -0.5992068455165915 
271 -1 -0.086407065890797 0.06556030272535085 -0.0951363407900152 -0.5257525931551538 -0.3404534329153565 -0.3114828456016117 -0.36465461790946585 
272 -1 0.34235880701596894 0.4154693602943736 0.5155990497360963 -0.5257525931551538 -0.26392643697600854 -0.4922295284475531 0.24518117386906102 
273 1 1.3070820210561922 1.8151055905704645 1.940648294297023 0.2045729934455841 1.0752959919625806 1.8574773485496845 0.9488378566904382 
274 1 -0.19359853411748848 -0.45930328362818323 -0.0951363407900152 -0.630084819812402 1.1135594899322547 0.7729972514740363 0.3390020649119113 
275 1 -0.19359853411748848 -0.37182601923592756 -0.45139865193024686 1.8738886199615563 0.577870518356819 -0.6729762112934944 -0.03628149925948985 
276 1 0.02078440233589448 0.4154693602943736 0.6682828973676241 0.7262341267318254 -1.488358372005576 0.592250568628095 -1.9126993201164957 
277 -1 1.3070820210561922 0.9403329466479077 0.770072129121976 -0.3170881398406572 0.3482895305387751 -0.13073616275567038 0.7611960746047376 
278 -1 0.34235880701596894 -0.02191696166690484 -0.14603095666719115 -0.5257525931551538 -0.7613519105817703 0.41150388578215363 -0.3177441723880407 
279 1 -2.015853493971244 -2.0338940426887855 -2.1309209758770535 -0.630084819812402 -1.564885367944924 -0.8537228941394358 -2.006520211159346 
280 1 -0.086407065890797 0.15303756711760652 0.6682828973676241 -0.5257525931551538 0.1952355386600792 2.218970714241567 0.10444983730478558 
281 -1 -0.5151729387975629 -0.45930328362818323 -0.24782018842154308 0.5175696734173288 -0.03434544915796468 0.05001052009027096 -0.3177441723880407 
282 -1 0.23516733878927745 0.3279920959021179 0.057547506841512656 -0.3170881398406572 -0.3787169308850305 -0.3114828456016117 0.24518117386906102 
283 1 -1.3727046846110948 -1.2465986631584844 -1.1130286583335343 2.0825530732760527 -0.4935074247940524 -0.8537228941394358 -1.3028635283379688 
284 -1 0.9855076163761178 0.9403329466479077 1.0754398243850318 -0.004091459868912423 0.42481652647812307 -0.6729762112934944 1.183390084297564 
285 1 0.8783161481494264 1.1152874754324191 0.9227559767535038 -0.004091459868912423 1.4579309716593205 0.592250568628095 1.5117632029475399 
286 1 -2.015853493971244 -1.9464167782965298 -1.9273425123683496 0.8305663533890737 -0.8378789065211182 0.41150388578215363 -1.6312366469879447 
287 1 1.8430393621896497 2.6024009701007658 2.3986998371916064 0.934898580046322 1.4196674736896464 0.41150388578215363 1.5117632029475399 
288 1 0.34235880701596894 0.5029466246866293 0.6682828973676241 0.10024076678833584 1.8023024533863863 1.3152373000118605 1.4648527574261148 
289 -1 1.9502308304163412 1.5526737973936975 0.9227559767535038 0.3089052201028324 -0.26392643697600854 -0.3114828456016117 0.29209161939048617 
290 -1 1.8430393621896497 1.6401510617859532 1.1772290561393837 -0.3170881398406572 -0.03434544915796468 -0.4922295284475531 0.47973340147618676 
291 1 0.23516733878927745 0.3279920959021179 0.6173882814904481 0.4132374467600806 2.1466739351134523 1.4959839828578017 1.6994049850332404 
292 1 -0.9439388117043288 -0.809212341197206 -1.0621340424563583 -0.4214203664979055 -0.7996154085514443 -0.4922295284475531 -1.1621321917736933 
293 -1 -0.4079814705708714 -0.546780548020439 -0.40050403605307094 -0.7344170464696502 -0.03434544915796468 -0.6729762112934944 0.8081065201261628 
294 1 1.5214649575095751 -0.809212341197206 -0.7567663471933026 0.5175696734173288 0.2717625345994272 -0.3114828456016117 -0.13010239030234014 
295 1 -0.6223644070242544 -0.809212341197206 -1.367501737719414 0.934898580046322 -1.220513886217858 -1.2152162598313185 -1.2559530828165435 
296 1 0.9855076163761178 1.1152874754324191 1.6352805990339672 0.7262341267318254 1.8405659513560604 1.3152373000118605 1.0426587477332885 
297 -1 -0.30079000234417996 -0.45930328362818323 -0.8076609630704785 -0.8387492731268985 -1.0674598943391622 -0.6729762112934944 -0.8806695186451424 
298 -1 -1.4798961528377863 -1.1591213987662288 -1.621974817105294 0.6219019000745771 -1.220513886217858 -1.3959629426772597 -1.5843262014665196 
299 1 0.23516733878927745 0.24051483150986222 0.15933673859586456 0.10024076678833584 1.2666134818109507 0.05001052009027096 0.8081065201261628 
300 1 0.5567417434693519 0.5029466246866293 0.770072129121976 -0.004091459868912423 1.0752959919625806 1.3152373000118605 1.0426587477332885 
301 -1 0.4495502752426604 0.6779011534711407 0.6173882814904481 0.5175696734173288 0.46308002444779706 -0.13073616275567038 0.15136028282621072 
302 1 2.7005711080031816 3.1272645564543 3.009435227717718 0.6219019000745771 1.0752959919625806 0.7729972514740363 1.7932258760760909 
303 1 0.7711246799227348 0.5029466246866293 1.1772290561393837 0.3089052201028324 2.03188344120443 0.2307572029362123 1.2772109753404142 
304 1 -0.4079814705708714 -0.546780548020439 -0.34960942017589497 0.7262341267318254 -0.6848249146424223 -1.3959629426772597 -0.08319194478091499 
305 1 -0.4079814705708714 -0.2843487548436719 -0.19692557254436713 -0.3170881398406572 -0.3404534329153565 0.41150388578215363 -0.5522963999951664 
306 1 0.6639332116960434 0.852855682255652 1.2281236720165596 0.7262341267318254 3.1032613843553016 1.676730665703743 2.4030616678546175 
307 1 0.12797587056258597 0.3279920959021179 0.3629152021045684 0.4132374467600806 0.8457150041445368 1.3152373000118605 0.5266438469976119 
308 1 0.34235880701596894 0.7653784178633963 0.5155990497360963 -0.9430814997841468 -0.9526694004301401 0.2307572029362123 -0.45847550895231615 
309 1 -1.5870876210644778 -1.6839849851197628 -1.8764478964911737 1.5608919399898116 -1.0291963963694881 -1.5767096255232012 -1.67814709250937 
310 -1 -0.6223644070242544 -0.809212341197206 -0.9603448107020064 -0.10842368652616069 -0.9526694004301401 -0.8537228941394358 -0.6930277365594418 
311 1 -0.8367473434776374 -0.9841668699817173 -1.0112394265791824 0.6219019000745771 0.3100260325691011 0.7729972514740363 -0.08319194478091499 
312 -1 -0.086407065890797 -0.10939422605916052 -0.04424172491283925 -0.4214203664979055 -0.3021899349456825 0.2307572029362123 -0.5522963999951664 
313 -1 0.12797587056258597 0.590423889078885 0.820966744999152 0.934898580046322 1.3048769797806246 -0.4922295284475531 2.0277781036832163 
314 -1 -1.2655132163844034 -1.071644134373973 -1.367501737719414 1.4565597133325632 0.003918048811709296 -0.6729762112934944 -0.5522963999951664 
315 -1 0.9855076163761178 0.3279920959021179 0.3629152021045684 -2.090735993013878 -1.0674598943391622 0.2307572029362123 -0.36465461790946585 
316 -1 -0.30079000234417996 -0.2843487548436719 -0.14603095666719115 -1.047413726441395 -1.105723392308836 0.05001052009027096 -0.7868486276022921 
317 1 -1.0511302799310203 -0.9841668699817173 -1.0621340424563583 0.3089052201028324 -0.4552439268243785 0.41150388578215363 -0.411565063430891 
318 1 -1.1583217481577117 -1.071644134373973 -1.0621340424563583 -0.630084819812402 -0.6082979187030744 -1.0344695769853771 -0.8806695186451424 
319 1 -1.4798961528377863 -1.2465986631584844 -1.0112394265791824 0.3089052201028324 -1.220513886217858 -0.4922295284475531 -1.2559530828165435 
320 -1 1.0926990846028093 0.5029466246866293 0.26112597035021645 -1.1517459530986434 -0.26392643697600854 0.2307572029362123 -0.3177441723880407 
321 -1 -0.4079814705708714 -0.19687149045141622 0.057547506841512656 0.10024076678833584 0.616134016326493 1.134490617165919 0.3390020649119113 
322 -1 -0.086407065890797 -0.2843487548436719 -0.14603095666719115 -0.4214203664979055 0.11870854272073122 -0.3114828456016117 0.24518117386906102 
323 -1 0.34235880701596894 1.3777192686091861 2.5513836848231346 1.4565597133325632 2.835416898567584 0.2307572029362123 4.091837706625923 
324 -1 -0.5151729387975629 -0.7217350768049503 -0.7058717313161267 -0.3170881398406572 -0.5317709227637264 -1.5767096255232012 -0.13010239030234014 
325 -1 0.02078440233589448 0.15303756711760652 0.15933673859586456 -0.8387492731268985 0.11870854272073122 0.05001052009027096 0.4328229559547616 
326 1 -0.19359853411748848 -0.19687149045141622 0.006652890964336702 -0.4214203664979055 -0.07260894712763866 0.05001052009027096 -0.27083372686661555 
327 -1 0.12797587056258597 -0.37182601923592756 -0.04424172491283925 -1.5690748597276365 -1.105723392308836 0.05001052009027096 -0.6461172910380167 
328 -1 0.02078440233589448 0.06556030272535085 0.10844212271868861 -0.8387492731268985 -0.3021899349456825 -0.8537228941394358 0.24518117386906102 
329 -1 0.5567417434693519 -0.19687149045141622 -0.0951363407900152 -2.508064899642871 -1.4500948740359019 -0.3114828456016117 -0.8337590731237173 
330 -1 0.34235880701596894 -0.10939422605916052 0.006652890964336702 -0.5257525931551538 -0.3404534329153565 -1.3959629426772597 -0.17701283582376529 
331 -1 0.02078440233589448 0.06556030272535085 0.057547506841512656 0.2045729934455841 0.1569720406904052 0.05001052009027096 -0.03628149925948985 
332 1 0.7711246799227348 0.4154693602943736 0.10844212271868861 0.4132374467600806 -0.6848249146424223 0.7729972514740363 -0.5522963999951664 
333 1 0.9855076163761178 1.6401510617859532 1.7370698307883192 0.10024076678833584 1.1900864858716027 1.676730665703743 0.9957483022118633 
334 -1 0.6639332116960434 0.852855682255652 0.4138098179817443 1.1435630333608184 -0.3404534329153565 -1.0344695769853771 -1.0214008552094178 
335 1 -0.30079000234417996 -0.19687149045141622 -0.04424172491283925 -0.8387492731268985 -0.7996154085514443 0.41150388578215363 -0.6461172910380167 
336 -1 -0.086407065890797 -0.02191696166690484 0.006652890964336702 -0.004091459868912423 0.04218154678138327 -0.4922295284475531 0.3390020649119113 
337 -1 0.02078440233589448 -0.02191696166690484 0.057547506841512656 -0.3170881398406572 0.23349903662975316 -0.13073616275567038 0.24518117386906102 
338 -1 0.23516733878927745 0.06556030272535085 0.006652890964336702 -0.9430814997841468 -0.07260894712763866 -0.3114828456016117 -0.08319194478091499 
339 1 -0.4079814705708714 -0.02191696166690484 0.3629152021045684 -1.7777393130421328 -1.105723392308836 1.134490617165919 -0.411565063430891 
340 1 -1.3727046846110948 -1.5090304563352515 -1.571080201228118 -0.5257525931551538 -0.11087244509731264 0.7729972514740363 -0.45847550895231615 
341 -1 -0.19359853411748848 -0.2843487548436719 -0.14603095666719115 0.6219019000745771 -0.11087244509731264 -0.6729762112934944 0.19827072834763587 
342 -1 0.7711246799227348 0.7653784178633963 0.4138098179817443 0.10024076678833584 0.11870854272073122 -0.6729762112934944 0.573554292519037 
343 -1 -1.2655132163844034 -1.2465986631584844 -1.367501737719414 -0.630084819812402 -1.373567878096554 -0.8537228941394358 -1.443594864902244 
344 -1 -0.086407065890797 -0.37182601923592756 -0.40050403605307094 -0.9430814997841468 -1.373567878096554 -0.13073616275567038 -0.9275799641665676 
345 -1 0.4495502752426604 0.06556030272535085 -0.34960942017589497 2.186885299933301 0.6926610122658409 -1.3959629426772597 0.7611960746047376 
346 -1 -0.19359853411748848 -0.10939422605916052 0.820966744999152 0.10024076678833584 1.0752959919625806 -0.3114828456016117 1.840136321597516 
347 -1 -0.6223644070242544 -0.8966896055894616 -0.9094501948248305 -1.1517459530986434 -0.6082979187030744 -1.2152162598313185 -0.5992068455165915 
348 1 -1.1583217481577117 -0.809212341197206 -0.7567663471933026 0.2045729934455841 -0.4935074247940524 0.592250568628095 -0.8806695186451424 
349 -1 -0.30079000234417996 -0.19687149045141622 0.10844212271868861 -1.047413726441395 -0.4169804288547045 -1.0344695769853771 0.38591251043333646 
350 -1 0.34235880701596894 0.4154693602943736 0.3629152021045684 -0.8387492731268985 -0.9526694004301401 -1.0344695769853771 -0.3177441723880407 
351 1 -1.2655132163844034 -1.4215531919429958 -1.7746586647368217 1.4565597133325632 -0.7230884126120963 -0.8537228941394358 -1.2559530828165435 
352 -1 0.34235880701596894 0.24051483150986222 0.26112597035021645 0.3089052201028324 0.42481652647812307 -0.6729762112934944 0.4328229559547616 
353 1 0.9855076163761178 1.6401510617859532 1.838859062542671 -0.4214203664979055 0.3482895305387751 1.134490617165919 1.1364796387761387 
354 1 -0.8367473434776374 -1.2465986631584844 -1.0621340424563583 0.2045729934455841 0.2717625345994272 -0.4922295284475531 0.29209161939048617 
355 -1 0.23516733878927745 -0.02191696166690484 -0.14603095666719115 -0.9430814997841468 -0.7996154085514443 0.2307572029362123 -0.5522963999951664 
356 1 1.4142734892828837 0.9403329466479077 0.5664936656132722 -1.5690748597276365 -1.220513886217858 1.134490617165919 -0.5992068455165915 
357 -1 1.6286564257362668 1.3777192686091861 0.8718613608763279 -1.464742633070388 -0.5700344207334004 -0.3114828456016117 -0.03628149925948985 
358 -1 0.4495502752426604 0.590423889078885 0.4138098179817443 -0.3170881398406572 -0.03434544915796468 1.3152373000118605 0.29209161939048617 
359 1 -0.9439388117043288 -0.19687149045141622 -0.6549771154389508 1.4565597133325632 1.1135594899322547 0.05001052009027096 1.183390084297564 
360 -1 -0.30079000234417996 -0.546780548020439 -0.40050403605307094 -1.047413726441395 -0.7613519105817703 -1.2152162598313185 -0.5522963999951664 
361 -1 0.6639332116960434 0.4154693602943736 0.3120205862273924 0.5175696734173288 -0.4552439268243785 -0.4922295284475531 -0.13010239030234014 
362 -1 -0.6223644070242544 -0.45930328362818323 -0.0951363407900152 -1.6734070863848847 -1.6031488659145978 0.2307572029362123 -1.1152217462522682 
363 1 -0.19359853411748848 -0.45930328362818323 -0.34960942017589497 -0.10842368652616069 -0.03434544915796468 -0.6729762112934944 -0.36465461790946585 
364 -1 0.34235880701596894 0.590423889078885 0.15933673859586456 -0.5257525931551538 -0.3021899349456825 0.592250568628095 0.3390020649119113 
365 -1 -1.2655132163844034 -1.1591213987662288 -1.3166071218422382 -0.9430814997841468 -1.6031488659145978 -1.5767096255232012 -1.4905053104236694 
366 1 0.02078440233589448 0.15303756711760652 0.21023135447304053 -0.630084819812402 -0.11087244509731264 0.41150388578215363 0.573554292519037 
367 1 -2.1230449621979353 -1.9464167782965298 -2.0291317441227017 -0.630084819812402 -1.373567878096554 -1.7574563083691426 -1.6312366469879447 
368 1 -1.8014705575178607 -1.7714622495120185 -1.8255532806139976 0.4132374467600806 -0.7613519105817703 1.134490617165919 -1.7719679835522202 
369 1 -1.9086620257445521 -1.7714622495120185 -2.0291317441227017 2.604214206562294 -0.8761424044907922 -2.118949674061025 -1.7719679835522202 
370 -1 0.6639332116960434 0.4154693602943736 0.4138098179817443 -0.630084819812402 0.08044504475105725 -0.13073616275567038 0.3390020649119113 
371 -1 0.02078440233589448 -0.19687149045141622 -0.14603095666719115 -0.630084819812402 0.23349903662975316 0.2307572029362123 0.5266438469976119 
372 -1 -0.5151729387975629 -0.9841668699817173 -0.9603448107020064 -0.630084819812402 -1.105723392308836 -0.3114828456016117 -1.0683113007308431 
373 1 -0.086407065890797 0.06556030272535085 -0.0951363407900152 1.5608919399898116 0.6543975142961669 -0.8537228941394358 -0.13010239030234014 
374 -1 1.7358478939629582 1.3777192686091861 0.770072129121976 -0.7344170464696502 0.08044504475105725 0.592250568628095 0.6204647380404622 
375 1 -0.4079814705708714 -0.37182601923592756 -0.5022932678074229 1.1435630333608184 1.1518229879019286 0.592250568628095 0.4328229559547616 
376 -1 0.6639332116960434 0.15303756711760652 0.21023135447304053 -0.9430814997841468 -0.9526694004301401 0.2307572029362123 -0.45847550895231615 
377 -1 0.34235880701596894 0.3279920959021179 0.10844212271868861 -0.10842368652616069 -0.03434544915796468 0.05001052009027096 0.24518117386906102 
378 -1 1.9502308304163412 1.9900601193549758 1.889753678419847 1.8738886199615563 0.539607020387145 1.134490617165919 0.24518117386906102 
379 1 -1.5870876210644778 -1.7714622495120185 -1.7237640488596457 -1.1517459530986434 -1.5266218699752498 -1.3959629426772597 -1.725057538030795 
380 1 -0.4079814705708714 -0.37182601923592756 -0.29871480429871905 0.10024076678833584 0.1569720406904052 1.3152373000118605 -0.08319194478091499 
381 -1 -1.3727046846110948 -1.4215531919429958 -1.41839635359659 -0.004091459868912423 -0.8378789065211182 -1.5767096255232012 -0.6461172910380167 
382 -1 -0.5151729387975629 -0.546780548020439 -0.7058717313161267 -0.630084819812402 -0.7613519105817703 -1.5767096255232012 -0.27083372686661555 
383 -1 0.7711246799227348 0.7653784178633963 1.0245452085078557 -0.3170881398406572 -0.14913594306698663 -0.4922295284475531 0.6204647380404622 
384 1 -0.5151729387975629 -0.2843487548436719 0.057547506841512656 -0.8387492731268985 -0.6082979187030744 1.134490617165919 -0.5522963999951664 
385 1 -1.0511302799310203 -0.9841668699817173 -1.0112394265791824 -0.10842368652616069 -0.5317709227637264 -0.6729762112934944 -0.6461172910380167 
386 1 0.4495502752426604 0.4154693602943736 0.8718613608763279 0.4132374467600806 1.6492484615076903 1.676730665703743 1.183390084297564 
387 -1 0.5567417434693519 0.7653784178633963 0.8718613608763279 0.3089052201028324 1.0370324939929068 0.9537439343199777 1.0426587477332885 
388 -1 1.5214649575095751 1.6401510617859532 1.3299129037709114 0.8305663533890737 0.7309245102355149 -0.3114828456016117 0.9957483022118633 
389 -1 -1.3727046846110948 -1.1591213987662288 -1.0621340424563583 0.3089052201028324 -0.4169804288547045 -1.7574563083691426 0.057539391783360434 
390 -1 -0.4079814705708714 -0.37182601923592756 0.10844212271868861 -0.004091459868912423 0.8074515061748628 -0.4922295284475531 0.4328229559547616 
391 -1 3.3437199173633303 1.2902420042169305 -0.7058717313161267 -1.2560781797558915 -1.4500948740359019 -1.0344695769853771 -1.349773973859394 
392 -1 -0.30079000234417996 -0.2843487548436719 -0.24782018842154308 -0.5257525931551538 -0.3787169308850305 0.2307572029362123 -0.36465461790946585 
393 -1 1.7358478939629582 1.0278102110401635 0.4138098179817443 -1.6734070863848847 -0.4169804288547045 0.592250568628095 0.47973340147618676 
394 -1 2.7005711080031816 2.51492370570851 1.889753678419847 0.5175696734173288 0.6543975142961669 -0.3114828456016117 0.9488378566904382 
395 1 0.7711246799227348 1.2902420042169305 1.1263344402622077 0.10024076678833584 0.003918048811709296 -0.3114828456016117 -0.17701283582376529 
396 1 -0.6223644070242544 -0.37182601923592756 -0.40050403605307094 0.4132374467600806 1.0752959919625806 -1.0344695769853771 0.47973340147618676 
397 1 -1.5870876210644778 -1.5965077207275071 -1.9782371282455256 0.2045729934455841 -1.182250388248184 -1.5767096255232012 -1.725057538030795 
398 -1 -0.9439388117043288 -0.7217350768049503 -0.9603448107020064 -1.6734070863848847 -1.7944663557629676 -1.2152162598313185 -1.396684419380819 
399 1 0.02078440233589448 -0.19687149045141622 0.3120205862273924 0.5175696734173288 1.4196674736896464 1.3152373000118605 0.9957483022118633 
400 1 0.4495502752426604 0.4154693602943736 0.3120205862273924 -0.10842368652616069 0.08044504475105725 0.05001052009027096 0.29209161939048617 
401 -1 0.7711246799227348 0.590423889078885 0.3120205862273924 -0.8387492731268985 -0.26392643697600854 -0.6729762112934944 0.057539391783360434 
402 1 -0.5151729387975629 -1.2465986631584844 -1.1130286583335343 0.5175696734173288 0.6926610122658409 -0.13073616275567038 0.057539391783360434 
403 -1 0.6639332116960434 0.5029466246866293 0.6682828973676241 0.10024076678833584 2.2232009310528 0.2307572029362123 1.7463154305546655 
404 -1 -0.30079000234417996 -0.546780548020439 -0.7567663471933026 1.9782208466188047 -0.6465614166727484 -0.6729762112934944 -0.8806695186451424 
405 1 -0.5151729387975629 -0.02191696166690484 0.057547506841512656 -1.36041040641314 -0.7230884126120963 0.41150388578215363 -0.27083372686661555 
406 1 -1.6942790892911692 -1.5090304563352515 -1.621974817105294 2.395549753247798 -1.182250388248184 0.2307572029362123 -1.5374157559450945 
407 -1 1.0926990846028093 1.2027647398246748 0.9227559767535038 1.4565597133325632 1.1518229879019286 0.05001052009027096 0.8550169656475879 
408 1 0.23516733878927745 0.4154693602943736 0.4138098179817443 -0.7344170464696502 -0.7996154085514443 0.05001052009027096 -0.8337590731237173 
409 1 -0.5151729387975629 -0.546780548020439 -0.34960942017589497 -0.7344170464696502 -0.7230884126120963 0.592250568628095 -0.6930277365594418 
410 1 0.12797587056258597 0.6779011534711407 1.0245452085078557 -1.2560781797558915 -0.6465614166727484 1.3152373000118605 0.057539391783360434 
411 1 -0.4079814705708714 -0.7217350768049503 -0.6040824995617747 -0.004091459868912423 -1.6796758618539458 -0.6729762112934944 -1.8657888745950704 
412 -1 -0.086407065890797 -0.19687149045141622 -0.29871480429871905 -0.3170881398406572 0.1952355386600792 -1.0344695769853771 0.7142856290833125 
413 -1 -0.19359853411748848 -0.809212341197206 -0.6040824995617747 -0.10842368652616069 -0.5317709227637264 -1.0344695769853771 -0.45847550895231615 
414 -1 -0.6223644070242544 -0.7217350768049503 -0.45139865193024686 -0.10842368652616069 -0.6465614166727484 -1.2152162598313185 -0.5053859544737412 
415 -1 0.02078440233589448 0.06556030272535085 -0.19692557254436713 -0.4214203664979055 -1.0291963963694881 0.7729972514740363 -1.1621321917736933 
416 1 0.34235880701596894 0.590423889078885 0.4647044338589203 0.5175696734173288 0.3865530285084491 1.4959839828578017 0.38591251043333646 
417 1 -1.9086620257445521 -1.9464167782965298 -2.1818155917542295 1.7695563933043081 -1.33530438012688 -1.9382029912150838 -2.053430656680771 
418 1 0.4495502752426604 0.7653784178633963 1.1263344402622077 0.4132374467600806 1.9553564452650822 1.3152373000118605 3.0128974596331446 
419 -1 1.1998905528295007 0.590423889078885 0.4138098179817443 -0.8387492731268985 -1.0674598943391622 -0.8537228941394358 -0.8337590731237173 
420 1 0.12797587056258597 0.4154693602943736 0.006652890964336702 2.2912175265905494 0.3100260325691011 -0.8537228941394358 0.24518117386906102 
421 -1 0.4495502752426604 0.3279920959021179 -0.04424172491283925 -0.004091459868912423 -0.3404534329153565 0.592250568628095 -0.3177441723880407 
422 -1 -0.4079814705708714 -0.02191696166690484 -0.34960942017589497 1.1435630333608184 -1.0291963963694881 -1.2152162598313185 -1.1621321917736933 
423 -1 -0.19359853411748848 0.15303756711760652 0.3120205862273924 -0.10842368652616069 0.2717625345994272 0.2307572029362123 0.6673751835618873 
424 1 0.4495502752426604 0.590423889078885 0.7191775132448001 -0.5257525931551538 2.261464429022474 1.676730665703743 1.7932258760760909 
425 1 -1.2655132163844034 -1.071644134373973 -1.1639232742107102 -0.10842368652616069 -0.7613519105817703 -1.2152162598313185 -0.45847550895231615 
426 1 0.12797587056258597 0.15303756711760652 0.4138098179817443 -0.8387492731268985 0.1569720406904052 0.7729972514740363 0.19827072834763587 
427 1 -0.30079000234417996 -0.7217350768049503 -0.40050403605307094 -1.047413726441395 0.8074515061748628 0.41150388578215363 0.6204647380404622 
428 1 0.6639332116960434 1.4651965330014418 1.4317021355252635 2.0825530732760527 -0.6465614166727484 -0.8537228941394358 -1.4905053104236694 
429 1 0.02078440233589448 0.24051483150986222 0.5664936656132722 -0.630084819812402 0.1952355386600792 1.134490617165919 0.19827072834763587 
430 -1 1.3070820210561922 0.852855682255652 0.5155990497360963 -0.9430814997841468 0.1952355386600792 -0.6729762112934944 0.9488378566904382 
431 1 -0.9439388117043288 -1.2465986631584844 -1.1639232742107102 -0.3170881398406572 -1.14398689027851 -0.8537228941394358 -1.0214008552094178 
432 -1 6.345081027710692 5.75158248822197 3.213013691226422 0.934898580046322 0.7691880082051888 0.7729972514740363 1.6524945395118154 
433 1 0.7711246799227348 0.590423889078885 0.7191775132448001 -0.004091459868912423 -1.0674598943391622 -0.3114828456016117 -0.9275799641665676 
434 1 -0.4079814705708714 0.15303756711760652 0.057547506841512656 -0.4214203664979055 -0.4552439268243785 1.4959839828578017 -0.45847550895231615 
435 1 0.8783161481494264 1.1152874754324191 1.4317021355252635 0.6219019000745771 1.3814039757199725 1.134490617165919 0.8550169656475879 
436 1 -0.7295558752509459 -0.6342578124126946 -0.7058717313161267 1.0392308067035703 0.08044504475105725 0.05001052009027096 -0.5992068455165915 
437 1 0.5567417434693519 -0.45930328362818323 -0.19692557254436713 -0.21275591318340895 -1.182250388248184 0.2307572029362123 -1.4905053104236694 
438 -1 -0.9439388117043288 -0.9841668699817173 -0.9603448107020064 1.1435630333608184 -0.14913594306698663 0.2307572029362123 -0.5992068455165915 
439 -1 0.4495502752426604 0.590423889078885 0.6173882814904481 0.2045729934455841 -0.3404534329153565 -0.6729762112934944 0.10444983730478558 
440 1 -0.6223644070242544 -0.6342578124126946 -0.29871480429871905 -0.21275591318340895 0.003918048811709296 -0.8537228941394358 -0.3177441723880407 
441 1 0.7711246799227348 0.852855682255652 1.2281236720165596 -0.5257525931551538 0.9605054980535588 1.3152373000118605 1.1364796387761387 
442 -1 0.7711246799227348 0.590423889078885 0.5155990497360963 -0.4214203664979055 -0.4552439268243785 0.05001052009027096 -0.03628149925948985 
443 1 0.34235880701596894 0.5029466246866293 0.9227559767535038 -0.10842368652616069 0.616134016326493 0.05001052009027096 0.6673751835618873 
444 -1 -1.4798961528377863 -1.7714622495120185 -1.6728694329824698 -0.8387492731268985 -1.8327298537326417 -1.2152162598313185 -1.6312366469879447 
445 1 -0.086407065890797 0.15303756711760652 0.5664936656132722 -0.21275591318340895 -0.03434544915796468 1.3152373000118605 0.38591251043333646 
446 1 -0.7295558752509459 -0.6342578124126946 -0.45139865193024686 -1.5690748597276365 -0.9526694004301401 1.3152373000118605 -0.6461172910380167 
447 -1 1.0926990846028093 1.0278102110401635 0.6173882814904481 -0.9430814997841468 0.11870854272073122 -0.4922295284475531 0.901927411169013 
448 -1 0.9855076163761178 0.590423889078885 -0.14603095666719115 0.3089052201028324 -1.14398689027851 -1.0344695769853771 -1.1152217462522682 
449 -1 -0.5151729387975629 -1.2465986631584844 -0.9094501948248305 -0.8387492731268985 -1.4500948740359019 -0.6729762112934944 -0.9275799641665676 
450 -1 0.7711246799227348 0.6779011534711407 0.820966744999152 -1.047413726441395 -0.26392643697600854 0.592250568628095 0.057539391783360434 
451 1 0.4495502752426604 0.6779011534711407 0.8718613608763279 0.3089052201028324 1.993619943234756 1.3152373000118605 1.6524945395118154 
452 1 -0.19359853411748848 -0.37182601923592756 -0.14603095666719115 -0.004091459868912423 0.3100260325691011 0.9537439343199777 0.010628946261935293 
453 -1 -1.1583217481577117 -1.4215531919429958 -1.367501737719414 -1.464742633070388 -1.7562028577932938 -1.3959629426772597 -1.4905053104236694 
454 -1 -0.086407065890797 0.06556030272535085 0.057547506841512656 0.4132374467600806 -0.4552439268243785 -0.6729762112934944 -0.5522963999951664 
455 1 -0.6223644070242544 -0.45930328362818323 -0.5531878836845988 0.5175696734173288 -1.105723392308836 -0.6729762112934944 -1.8188784290736453 
456 -1 -0.6223644070242544 -0.8966896055894616 -0.8076609630704785 0.934898580046322 -0.3787169308850305 -0.6729762112934944 -0.45847550895231615 
457 1 0.7711246799227348 1.0278102110401635 1.1772290561393837 0.10024076678833584 1.9170929472954081 1.4959839828578017 1.6055840939903903 
458 -1 0.4495502752426604 0.5029466246866293 0.26112597035021645 0.5175696734173288 0.08044504475105725 -0.6729762112934944 0.24518117386906102 
