id label data 
0 1 -1.637279041323677 -1.7161076345415438 -1.7464165441547008 0.9915587159926692 1.1836068409771439 -0.5124068480786131 -1.563438819029288 
1 1 -0.7750788856174474 -0.7251159019189619 -0.7334169254677967 0.8786311955601708 0.47928346681077383 0.26569243974446854 -0.0977149261893305 
2 1 0.45663562253430934 0.7613716970149109 0.8660561566694202 0.6527761546951739 1.1836068409771439 1.0437917275675501 0.977149261893305 
3 -1 0.210292720903958 -0.031421689083154625 0.06631961560081173 0.08813855253268178 -1.1406602937718775 -0.901456491990154 -1.0748641880826355 
4 1 -0.2823930823567447 0.06767748417910356 -0.09362769261290996 2.233761440750152 0.5497158042274108 1.8218910153906318 0.0 
5 -1 0.08712127008878233 0.2658758307036199 0.06631961560081173 0.9915587159926692 0.5497158042274108 -0.7069316700343835 0.390859704757322 
6 1 0.210292720903958 -0.32871920886992917 0.11963538500538562 -0.2506440087648135 1.2892553471020995 0.4602172617002389 1.0260067249879703 
7 1 -0.15922163154156901 -0.031421689083154625 0.27958269321910734 -2.0574843356847885 -0.9997956189386035 1.6273661934348613 -0.4885746309466525 
8 1 0.210292720903958 0.9595700435394272 1.2392665425014375 1.5561963181551615 1.817497877726877 0.4602172617002389 1.2214365773666311 
9 -1 1.6883501306860662 1.7523634296374928 1.1326350036922896 -1.379919213089798 -0.5772015944387814 -0.1233572041670723 0.195429852378661 
10 -1 1.1956643274253633 0.6622725237526527 0.8127403872648463 -0.5894265700623088 -0.0841752325223223 -1.2905061359016947 0.390859704757322 
11 1 -0.03605018072639335 0.3649750039658781 0.3862142320282551 0.5398486342626755 0.12712177972758876 0.07116761778869811 0.4397171678519872 
12 -1 -0.15922163154156901 0.16677665744136175 -0.09362769261290996 1.2174137568576662 0.3032026232691813 -1.2905061359016947 0.390859704757322 
13 -1 -0.2823930823567447 -0.5269175553944455 -0.7334169254677967 -0.36357152919731195 -0.894147112813648 -0.7069316700343835 -1.0748641880826355 
14 -1 0.949321425795012 0.4640741772281363 0.1729511544099595 -1.4928467335222964 -0.823714775397011 -1.2905061359016947 -0.04885746309466525 
15 -1 -0.5287359839870961 -0.229620035607671 0.06631961560081173 0.3139935933976786 0.8666613226022774 -0.1233572041670723 0.6351470202306483 
16 -1 3.0432360896529986 2.4460576424733 1.6657926977380286 -0.02478896789981665 -0.7180662692720554 -1.0959813139459245 -0.390859704757322 
17 -1 0.7029785241646607 0.2658758307036199 0.22626692381453342 -0.8152816109273057 -0.682850100563737 -1.0959813139459245 -0.195429852378661 
18 1 -2.006793393769204 -2.1125043275905764 -2.3328900076050134 0.5398486342626755 -1.31674113731347 -2.0686054237247764 -2.100870913070606 
19 1 -1.2677646888781502 -1.5179092880170275 -1.4798376971318312 -1.4928467335222964 -0.964579450230285 -0.1233572041670723 -0.8794343357039744 
20 -1 -0.8982503364326231 -0.8242150751812202 -0.8933642336815184 0.5398486342626755 -0.2602560760639148 0.26569243974446854 -0.6840044833253135 
21 1 -1.1445932380629744 -1.4188101147547691 -1.3732061583226836 0.3139935933976786 0.5144996355190923 -0.7069316700343835 -0.14657238928399574 
22 -1 1.4420072290557147 0.9595700435394272 0.7061088484556984 -0.2506440087648135 0.12712177972758876 -0.3178820261228427 0.6840044833253135 
23 -1 0.3334641717191337 -0.1305208623454128 -0.25357500082663165 -0.4764990496298104 -0.894147112813648 0.26569243974446854 -0.4397171678519872 
24 1 1.0724928766101878 1.1577683900639437 1.6124769283334548 0.8786311955601708 1.5005523593520105 1.2383165495233206 0.977149261893305 
25 1 0.7029785241646607 0.8604708702771691 1.1859507730968635 0.8786311955601708 2.662685926726521 1.6273661934348613 2.394015691638597 
26 -1 0.08712127008878233 0.5631733504903945 0.7594246178602724 1.1044862364251677 1.0075259974355515 -0.7069316700343835 2.0031559868812754 
27 -1 -0.5287359839870961 -0.32871920886992917 -0.04031192320833606 0.20106607296518023 0.3736349606858183 1.0437917275675501 0.24428731547332624 
28 -1 -0.03605018072639335 -0.031421689083154625 0.013003846196237831 -0.8152816109273057 -0.47155308831382586 -1.0959813139459245 0.14657238928399574 
29 1 -1.637279041323677 -1.815206807803802 -1.7464165441547008 -0.4764990496298104 -0.29547224477223333 0.6547420836560094 -0.586289557135983 
30 -1 -1.5141075905085015 -1.5179092880170275 -1.533153466536405 -0.5894265700623088 -1.4576058121467441 -1.0959813139459245 -1.6122962821239533 
31 1 1.0724928766101878 1.7523634296374928 1.8257400059517503 -0.36357152919731195 0.12712177972758876 1.0437917275675501 1.0748641880826355 
32 -1 -1.1445932380629744 -0.9233142484434783 -1.106627311299814 -1.7187017743872932 -1.8449836679382476 -1.4850309578574652 -1.563438819029288 
33 -1 -0.40556453317192037 -0.7251159019189619 -0.8933642336815184 2.233761440750152 -0.7884986066886924 -0.901456491990154 -1.0260067249879703 
34 -1 -0.03605018072639335 -0.031421689083154625 -0.30689077023120553 -0.36357152919731195 -1.1406602937718775 0.6547420836560094 -1.3191515035559618 
35 -1 0.45663562253430934 0.2658758307036199 -0.14694346201748384 0.08813855253268178 -0.5067692570221444 0.4602172617002389 -0.4397171678519872 
36 -1 -0.2823930823567447 0.06767748417910356 0.22626692381453342 -0.02478896789981665 0.05668944231095173 0.07116761778869811 0.586289557135983 
37 1 0.08712127008878233 0.06767748417910356 0.3328984626236812 -0.8152816109273057 -0.04895906381400379 0.6547420836560094 0.0977149261893305 
38 1 0.8261499749798363 0.8604708702771691 1.1859507730968635 -0.4764990496298104 0.6905804790606849 1.2383165495233206 1.0748641880826355 
39 1 -0.8982503364326231 -0.8242150751812202 -0.573469617254075 -1.6057742539547948 -1.0702279563552406 1.2383165495233206 -0.781719409514644 
40 1 0.8261499749798363 1.0586692168016854 1.1326350036922896 0.20106607296518023 1.5709846967686476 1.432841371479091 1.563438819029288 
