id label data 
0 -1 0.3294195630368216 -0.11528279235673011 -0.3051219971598684 -0.7239898790040583 -0.13786780765561335 -0.8509082304611457 0.11744734020213432 
1 1 0.1157167870157676 0.32841064377253576 0.5199458977432743 0.6188872984383594 0.2846249021795328 1.31719173922567 0.4480322152574841 
2 -1 0.7568251150789297 0.8608427671276548 0.7777796149005064 0.2056943207637694 0.7071176120146789 0.7751667468039661 1.534239661867919 
3 -1 -0.7390943170684484 -0.558976228485996 -0.7176559446114397 -0.6206916345854108 -0.25309309215610776 -0.30888323803944173 0.16467375092432715 
4 1 -1.1664998691105564 -0.9139309773894086 -0.9239229183372254 0.10239607634512186 -0.521952089323928 -0.30888323803944173 -1.1104393385748792 
5 1 -1.4870540331421376 -1.8900565368737936 -1.5427238395145824 -0.8272881234227057 -1.6357965061620405 -0.6702332329872444 -1.8660619101299645 
6 -1 0.008865399005240597 -0.026544105130876943 0.36524566744893505 -0.2074986569108207 1.2448356063503194 0.5944917493300648 1.1564283760903764 
7 -1 -0.3116887650263404 -0.558976228485996 -0.7176559446114397 -1.7569723231905334 -2.096697644164018 -0.8509082304611457 -1.9132883208521572 
8 1 0.6499737270684026 1.038320141579361 1.1387468189206313 -0.2074986569108207 1.283244034517151 1.1365167417517688 1.298107608256955 
9 1 -2.0213109731947725 -2.0675339113255 -2.161524760691939 2.0650627202994247 -0.9444447991590741 -1.7542832178306522 -1.7716090886855786 
10 -1 1.0773792791105106 0.5946267054500953 0.41681241088038146 -0.8272881234227057 -0.9444447991590741 -0.30888323803944173 -0.638175231352951 
11 1 1.0773792791105106 1.038320141579361 1.4481472795093098 -0.10420041249217317 1.552103031684971 0.9558417442778674 1.4870132511457264 
12 1 0.9705278910999836 0.6833653926759484 1.0356133320577385 0.10239607634512186 2.6275390203562523 1.859216731647374 1.864824536923269 
13 -1 -0.20483737701581342 -0.6477149157118491 -0.6660892011799933 -1.860270567609181 -1.2901206526605573 -0.6702332329872444 -1.0632129278526863 
14 1 -1.8076081971737186 -2.156272598551353 -2.0068245303976 0.3089925651824169 -1.021261655492737 -0.8509082304611457 -1.724382677963386 
15 -1 1.9321903831947267 1.5707522649344803 0.9324798451948456 -0.5173933901667632 -0.4067268048234336 -0.6702332329872444 0.16467375092432715 
16 1 0.008865399005240597 -0.11528279235673011 -0.511388970885654 0.6188872984383594 0.8223428965151733 2.2205667265951767 0.4008058045352913 
17 1 -0.8459457050789755 -0.9139309773894086 -0.2535552537284219 -2.686656522958361 -1.1364869399932314 1.6785417341734725 -0.3548167670197939 
18 -1 1.1842306671210376 1.482013577708627 1.087180075489185 0.6188872984383594 0.9759766091824992 0.05246675690836086 0.6369378581462555 
19 -1 0.3294195630368216 -0.11528279235673011 -0.3051219971598684 -0.10420041249217317 -0.3299099484897707 -1.031583227935047 0.21190016164651998 
20 -1 -0.20483737701581342 0.32841064377253576 -0.3566887405913148 -0.000902168073525652 -0.13786780765561335 0.05246675690836086 0.02299451875774867 
21 1 -1.1664998691105564 -1.0026696646152617 -1.491157096083136 0.4122908096010644 -1.7894302188293663 -1.2122582254089482 -2.0077411422965428 
22 1 1.1842306671210376 1.6594909521603334 1.963814713823774 1.0320802761129495 1.9745957415201172 1.6785417341734725 1.6286924833123049 
23 1 1.3979334431420918 2.458139137193012 3.1498498127470413 2.7881504312299574 3.3188907273592188 1.31719173922567 2.2898622334230043 
24 -1 1.5047848311526186 2.1031843882895993 2.2732151744124525 1.6518697426248345 1.129610321849825 0.41381675185616346 1.1092019653681837 
25 -1 0.43627095104734864 -0.2040214795825833 -0.1504217668655291 -0.000902168073525652 0.8607513246820048 0.41381675185616346 1.1092019653681837 
26 -1 0.8636765030894566 1.1270588288052144 0.6746461280376136 -0.000902168073525652 0.13099118951220692 0.05246675690836086 0.8258435010350267 
27 -1 0.7568251150789297 0.4171493309983889 0.2105454371545958 -0.5173933901667632 0.5534838993473531 -0.8509082304611457 1.2508811975347622 
28 1 -0.20483737701581342 0.06219458209497623 0.5199458977432743 -0.8272881234227057 0.20780804584586984 0.9558417442778674 -0.11868471340882981 
29 1 0.6499737270684026 1.3932748904827739 1.345013792646417 1.0320802761129495 0.3230333303463642 2.0398917291212753 0.30635298309090564 
30 -1 0.3294195630368216 -0.026544105130876943 -0.3566887405913148 -1.9635688120278285 -1.2517122244937258 -0.12820824056554045 -0.7326280527973366 
31 -1 1.8253389951841996 1.482013577708627 0.9324798451948456 -0.3107969013294682 0.20780804584586984 -0.6702332329872444 0.6841642688684483 
32 -1 0.7568251150789297 0.6833653926759484 0.5715126411747207 0.5155890540197119 0.8607513246820048 -0.6702332329872444 0.8730699117572196 
33 1 -0.8459457050789755 -0.9139309773894086 -0.9239229183372254 -0.9305863678413533 -0.7139942301580853 -0.12820824056554045 -0.6854016420751438 
34 1 2.0390417712052535 1.482013577708627 0.46837915431182786 0.8254837872756545 -0.5603605174907594 -1.2122582254089482 -0.11868471340882981 
35 1 1.1842306671210376 1.3932748904827739 1.6544142532350954 0.722185542857007 2.128229454187443 1.6785417341734725 1.6759188940344976 
36 -1 0.2225681750262946 0.32841064377253576 0.46837915431182786 0.5155890540197119 -0.598768945657591 -0.8509082304611457 -0.5437224099085652 
37 1 -0.6322429290579215 -0.7364536029377023 -0.6660892011799933 -0.2074986569108207 0.7839344683483418 0.5944917493300648 0.21190016164651998 
38 -1 0.1157167870157676 -0.026544105130876943 -0.3051219971598684 -0.10420041249217317 -0.4067268048234336 -0.8509082304611457 -0.26036394557540826 
39 1 -1.1664998691105564 -0.9139309773894086 -1.0786231486315645 1.1353785205315972 -0.598768945657591 -0.12820824056554045 -1.0632129278526863 
40 1 0.008865399005240597 0.4171493309983889 0.5715126411747207 1.341975009368892 2.1666378823542747 1.31719173922567 1.581466072590112 
41 -1 0.5431223390578757 0.1509332693208294 0.31367892401748865 -0.5173933901667632 -0.7139942301580853 -0.6702332329872444 -0.11868471340882981 
42 -1 1.1842306671210376 0.5058880182242421 0.31367892401748865 -1.1371828566786484 -0.598768945657591 -1.573608220356751 -0.07145830268663698 
43 1 -1.3802026451316105 -1.4463631007445277 -1.5942905829460288 0.8254837872756545 1.5136946035181398 -0.30888323803944173 -1.3937978029080362 
44 1 -0.3116887650263404 0.32841064377253576 -0.3051219971598684 -0.5173933901667632 -0.7139942301580853 0.9558417442778674 -0.7326280527973366 
45 1 -1.8076081971737186 -1.8013178496479405 -1.4395903526516896 0.2056943207637694 -0.6371773738244224 -1.573608220356751 -1.5827034457968074 
46 -1 0.6499737270684026 0.6833653926759484 0.41681241088038146 -0.2074986569108207 -0.09945937948878188 -0.48955823551334304 0.11744734020213432 
47 1 -0.3116887650263404 0.23967195654668258 0.46837915431182786 -1.9635688120278285 -0.8292195146585797 1.859216731647374 -0.3075903562976011 
48 -1 -0.4185401530368674 -0.47023754126014283 -0.511388970885654 0.4122908096010644 0.2846249021795328 -1.031583227935047 0.35357939381309844 
49 -1 0.6499737270684026 0.32841064377253576 0.31367892401748865 -0.8272881234227057 -0.521952089323928 -0.8509082304611457 -0.07145830268663698 
50 1 0.6499737270684026 0.9495814543535079 1.3965805360778634 -0.8272881234227057 -0.06105095132195041 1.859216731647374 0.6369378581462555 
51 -1 1.2910820551315647 0.5946267054500953 0.26211218058604224 -2.273463545283771 -1.0596700836595685 1.1365167417517688 -0.4492695884641796 
52 -1 -1.2733512571210834 -1.535101787970381 -1.491157096083136 -2.5833582785397136 -1.8278386469961978 -1.2122582254089482 -1.441024213630229 
53 -1 -0.6322429290579215 -0.3814988540342896 -0.09885502343408269 -1.0338846122600007 0.7839344683483418 -0.6702332329872444 1.581466072590112 
54 -1 -0.3116887650263404 0.06219458209497623 -0.20198851029697554 0.3089925651824169 0.16939961767903838 -0.8509082304611457 0.4008058045352913 
55 1 -0.0979859890052864 -0.3814988540342896 -0.047288280002636275 0.6188872984383594 2.2434547386879373 0.23314175438226217 1.7231453047566905 
56 1 -1.7007568091631915 -1.1801470390669682 -1.4395903526516896 0.928782031694302 -0.13786780765561335 -1.031583227935047 -1.0632129278526863 
57 1 0.1157167870157676 0.4171493309983889 0.72621287146906 0.10239607634512186 1.0143850373493306 0.41381675185616346 0.7313906795906411 
58 1 -1.2733512571210834 -1.1801470390669682 -1.027056405200118 -0.41409514574811573 0.3998501866800272 -1.573608220356751 -0.3548167670197939 
59 -1 1.1842306671210376 1.925707013837893 1.8606812269608812 1.6518697426248345 1.4368777471844767 0.23314175438226217 1.9120509476454617 
60 -1 1.0773792791105106 0.9495814543535079 0.72621287146906 -0.7239898790040583 -0.4067268048234336 -0.6702332329872444 0.21190016164651998 
61 -1 -0.4185401530368674 -0.47023754126014283 -0.1504217668655291 -0.3107969013294682 0.5918923275141845 -1.3929332228828495 1.534239661867919 
62 -1 0.1157167870157676 0.1509332693208294 0.36524566744893505 -0.2074986569108207 -0.13786780765561335 0.05246675690836086 0.4480322152574841 
63 -1 -0.3116887650263404 -0.558976228485996 -0.6660892011799933 -1.3437793455159435 0.05417433317854399 -0.12820824056554045 1.0147491439237981 
64 1 -0.6322429290579215 -0.558976228485996 -0.6145224577485469 0.722185542857007 0.7455260401815104 0.41381675185616346 0.02299451875774867 
65 1 -1.7007568091631915 -1.4463631007445277 -1.8005575566718144 1.7551679870434822 -0.6371773738244224 -0.6702332329872444 -1.441024213630229 
66 1 -0.20483737701581342 0.06219458209497623 0.26211218058604224 0.4122908096010644 0.7455260401815104 -1.2122582254089482 0.4480322152574841 
67 -1 -0.9527970930895024 -1.0026696646152617 -0.8207894314743325 -0.3107969013294682 -0.8676279428254112 -1.2122582254089482 -0.638175231352951 
68 1 1.7184876071736728 1.8369683266120398 2.2732151744124525 0.928782031694302 1.5136946035181398 0.05246675690836086 1.3925604297013408 
69 -1 2.0390417712052535 1.7482296393861865 1.2934470492149706 -1.0338846122600007 -0.4067268048234336 -0.6702332329872444 0.35357939381309844 
70 1 -0.9527970930895024 -0.6477149157118491 -0.8207894314743325 1.1353785205315972 0.13099118951220692 0.05246675690836086 -0.3075903562976011 
71 -1 0.3294195630368216 -0.026544105130876943 -0.4082554840227612 -0.9305863678413533 -2.0198807878303553 -1.573608220356751 -1.724382677963386 
72 1 0.008865399005240597 0.06219458209497623 -0.1504217668655291 0.6188872984383594 1.0527934655161622 0.5944917493300648 0.49525862597967696 
73 -1 -0.4185401530368674 -0.6477149157118491 -0.6660892011799933 -0.2074986569108207 -0.4835436611570965 -1.031583227935047 0.16467375092432715 
74 -1 -0.7390943170684484 -0.2927601668084365 -0.3051219971598684 -0.3107969013294682 -0.25309309215610776 -1.573608220356751 0.5897114474240626 
75 1 -0.5253915410473944 -1.091408351841115 -0.6660892011799933 -2.5833582785397136 -1.021261655492737 1.4978667366995713 -0.5437224099085652 
76 1 0.43627095104734864 0.7721040799018016 0.9324798451948456 0.5155890540197119 1.5136946035181398 1.1365167417517688 1.0619755546459908 
77 -1 0.2225681750262946 0.06219458209497623 0.15897869372314938 -0.000902168073525652 -1.021261655492737 -0.6702332329872444 -0.9215336956861079 
78 -1 2.1458931592157806 1.6594909521603334 1.345013792646417 -1.2404811010972958 -0.21468466398927627 -0.30888323803944173 0.4480322152574841 
79 -1 -0.20483737701581342 0.23967195654668258 0.36524566744893505 0.10239607634512186 -0.4067268048234336 0.41381675185616346 -0.024231891964444155 
80 -1 -0.8459457050789755 -0.9139309773894086 -0.8723561749057789 -0.7239898790040583 -0.13786780765561335 -1.3929332228828495 0.5424850367018698 
81 -1 0.1157167870157676 -0.11528279235673011 0.004278463428810141 0.3089925651824169 -0.09945937948878188 -0.12820824056554045 0.16467375092432715 
82 1 -0.5253915410473944 -0.2040214795825833 0.004278463428810141 0.8254837872756545 -0.25309309215610776 0.9558417442778674 -0.590948820630758 
83 1 0.3294195630368216 0.4171493309983889 1.087180075489185 -0.7239898790040583 0.16939961767903838 2.5819167215429792 0.30635298309090564 
84 1 -0.20483737701581342 0.1509332693208294 0.004278463428810141 1.9617644758807773 0.8223428965151733 1.859216731647374 0.11744734020213432 
85 -1 0.008865399005240597 0.23967195654668258 0.10741195029170297 -0.2074986569108207 -0.25309309215610776 0.05246675690836086 -0.024231891964444155 
86 1 0.2225681750262946 0.32841064377253576 0.46837915431182786 0.722185542857007 1.3216524626839823 1.4978667366995713 0.6369378581462555 
87 -1 0.1157167870157676 0.32841064377253576 0.15897869372314938 0.8254837872756545 0.8223428965151733 -0.48955823551334304 0.49525862597967696 
88 1 0.2225681750262946 -0.2040214795825833 0.2105454371545958 -0.3107969013294682 1.6289198880186342 0.5944917493300648 1.1092019653681837 
89 1 -1.2733512571210834 -0.47023754126014283 -0.6145224577485469 0.6188872984383594 0.7071176120146789 -0.12820824056554045 -0.16591112413102263 
90 1 -0.9527970930895024 -0.7364536029377023 -0.4598222274542076 -1.1371828566786484 -0.598768945657591 0.9558417442778674 -0.5437224099085652 
91 1 -0.0979859890052864 0.06219458209497623 0.36524566744893505 -1.9635688120278285 -0.8676279428254112 1.6785417341734725 -0.3548167670197939 
92 -1 -0.7390943170684484 -0.2927601668084365 0.10741195029170297 0.2056943207637694 -0.598768945657591 -1.031583227935047 -0.26036394557540826 
93 1 0.5431223390578757 0.32841064377253576 0.5199458977432743 0.3089925651824169 1.3984693190176454 2.0398917291212753 0.6841642688684483 
94 -1 0.5431223390578757 0.6833653926759484 0.26211218058604224 0.5155890540197119 -0.4835436611570965 0.23314175438226217 -0.590948820630758 
95 1 -1.2733512571210834 -1.535101787970381 -1.491157096083136 -0.2074986569108207 0.43825861484685863 0.05246675690836086 0.6369378581462555 
96 -1 0.7568251150789297 0.5946267054500953 0.31367892401748865 -0.000902168073525652 -0.21468466398927627 -0.8509082304611457 -0.11868471340882981 
97 -1 1.8253389951841996 1.3045362032569208 1.087180075489185 0.3089925651824169 -0.09945937948878188 -0.6702332329872444 0.35357939381309844 
98 -1 0.2225681750262946 -0.2040214795825833 -0.20198851029697554 -1.1371828566786484 -0.1762762358224448 -0.6702332329872444 0.2591265723687128 
99 1 0.7568251150789297 0.7721040799018016 1.087180075489185 0.6188872984383594 1.8209620288527915 1.6785417341734725 1.534239661867919 
100 1 0.6499737270684026 0.6833653926759484 1.1903135623520777 -0.5173933901667632 1.2448356063503194 1.6785417341734725 1.534239661867919 
101 -1 1.2910820551315647 0.8608427671276548 1.0356133320577385 -0.5173933901667632 -0.25309309215610776 -0.12820824056554045 0.35357939381309844 
102 1 -0.8459457050789755 -1.1801470390669682 -1.1301898920630111 -0.41409514574811573 0.3230333303463642 -0.12820824056554045 -0.16591112413102263 
103 -1 -0.0979859890052864 0.06219458209497623 0.10741195029170297 0.10239607634512186 -0.21468466398927627 1.4978667366995713 0.02299451875774867 
104 -1 -1.1664998691105564 -1.0026696646152617 -0.9239229183372254 0.6188872984383594 -0.4835436611570965 -0.6702332329872444 -0.6854016420751438 
105 -1 1.0773792791105106 0.6833653926759484 0.31367892401748865 -1.1371828566786484 -0.4067268048234336 0.05246675690836086 -0.11868471340882981 
106 -1 -0.0979859890052864 -0.026544105130876943 0.004278463428810141 -0.000902168073525652 0.05417433317854399 -0.48955823551334304 0.35357939381309844 
107 1 -0.8459457050789755 -0.3814988540342896 -0.511388970885654 2.478255697974015 0.4766670430136901 0.7751667468039661 -0.26036394557540826 
108 1 -1.3802026451316105 -1.2688857262928215 -1.3880236092202431 1.0320802761129495 -0.7524026583249168 -0.48955823551334304 -0.9215336956861079 
109 -1 0.5431223390578757 0.5946267054500953 0.8293463583319528 0.10239607634512186 1.0143850373493306 1.31719173922567 1.534239661867919 
110 -1 1.8253389951841996 1.6594909521603334 1.345013792646417 -0.3107969013294682 0.2846249021795328 -0.6702332329872444 0.7313906795906411 
111 -1 -0.4185401530368674 -0.2040214795825833 0.2105454371545958 -0.2074986569108207 0.6687091838478474 0.23314175438226217 0.6841642688684483 
112 1 0.2225681750262946 0.9495814543535079 1.2934470492149706 1.341975009368892 2.205046310521106 0.5944917493300648 1.298107608256955 
113 -1 -1.0596484811000295 -1.091408351841115 -1.0786231486315645 -0.41409514574811573 -0.2915015203229392 -1.573608220356751 0.11744734020213432 
114 1 -1.7007568091631915 -1.8013178496479405 -2.0068245303976 0.3089925651824169 -1.4821627934947146 -1.573608220356751 -2.0077411422965428 
115 1 0.3294195630368216 0.4171493309983889 0.41681241088038146 0.5155890540197119 1.1680187500166566 0.7751667468039661 0.9202963224794124 
116 1 0.5431223390578757 1.1270588288052144 1.087180075489185 0.928782031694302 0.20780804584586984 1.4978667366995713 0.02299451875774867 
117 1 0.43627095104734864 0.4171493309983889 0.5199458977432743 0.3089925651824169 0.3998501866800272 1.1365167417517688 0.35357939381309844 
118 1 0.43627095104734864 0.4171493309983889 0.72621287146906 0.5155890540197119 2.128229454187443 1.31719173922567 1.4870132511457264 
119 -1 0.008865399005240597 -0.11528279235673011 0.15897869372314938 -0.41409514574811573 0.9759766091824992 0.05246675690836086 0.9675227332016052 
120 -1 1.6116362191631457 0.5946267054500953 0.26211218058604224 -1.5503758343532383 -0.9444447991590741 1.859216731647374 -0.49649599918637244 
121 -1 1.5047848311526186 1.6594909521603334 1.1903135623520777 -1.3437793455159435 -0.4067268048234336 0.05246675690836086 0.30635298309090564 
122 -1 0.008865399005240597 -0.47023754126014283 -0.5629557143171005 -1.1371828566786484 0.2846249021795328 -0.6702332329872444 0.8730699117572196 
123 1 0.6499737270684026 1.3045362032569208 1.5512807663722026 -0.10420041249217317 1.8209620288527915 2.0398917291212753 1.2036547868125693 
124 -1 -0.4185401530368674 -0.3814988540342896 -0.2535552537284219 -0.7239898790040583 0.015765905011712524 -0.12820824056554045 -0.16591112413102263 
125 1 0.8636765030894566 1.3045362032569208 1.5512807663722026 1.341975009368892 1.7441451725191284 1.4978667366995713 1.0619755546459908 
126 -1 0.8636765030894566 0.5058880182242421 0.36524566744893505 -0.6206916345854108 -0.4451352329902651 -0.6702332329872444 -0.024231891964444155 
127 1 -0.8459457050789755 -0.47023754126014283 -0.047288280002636275 -2.273463545283771 -1.2517122244937258 1.1365167417517688 -0.638175231352951 
128 1 0.3294195630368216 0.23967195654668258 0.41681241088038146 0.4122908096010644 0.3614417585131957 1.31719173922567 -0.21313753485321546 
129 1 -1.0596484811000295 -1.535101787970381 -1.3880236092202431 0.2056943207637694 -0.4451352329902651 -1.2122582254089482 -1.157665749297072 
130 1 -0.8459457050789755 -0.7364536029377023 -1.3880236092202431 1.7551679870434822 0.5918923275141845 -1.573608220356751 -0.11868471340882981 
131 -1 0.008865399005240597 -0.2927601668084365 -0.4082554840227612 -1.3437793455159435 -1.1364869399932314 -0.48955823551334304 -0.7798544635195294 
132 -1 1.0773792791105106 0.6833653926759484 0.8809131017633992 -0.6206916345854108 0.13099118951220692 -1.031583227935047 0.49525862597967696 
133 1 -0.4185401530368674 -0.3814988540342896 -0.3051219971598684 -1.9635688120278285 -0.7139942301580853 1.31719173922567 -0.16591112413102263 
134 1 -1.5939054211526644 -1.3576244135186746 -1.5427238395145824 1.341975009368892 -0.9828532273259056 -1.573608220356751 -1.7716090886855786 
135 1 -1.8076081971737186 -1.7125791624220872 -1.8005575566718144 0.722185542857007 -0.8676279428254112 -0.30888323803944173 -1.5827034457968074 
136 -1 1.8253389951841996 1.925707013837893 1.963814713823774 0.6188872984383594 1.8593704570196228 -0.6702332329872444 1.9592773583676546 
137 1 0.008865399005240597 0.4171493309983889 0.46837915431182786 0.4122908096010644 0.3614417585131957 0.23314175438226217 0.5424850367018698 
138 1 -1.0596484811000295 -1.8013178496479405 -1.748990813240368 -0.2074986569108207 -1.2901206526605573 -1.7542832178306522 -1.2993449814636504 
139 1 0.2225681750262946 0.1509332693208294 0.2105454371545958 0.2056943207637694 1.5136946035181398 0.23314175438226217 1.0619755546459908 
140 1 -2.1281623612052996 -2.156272598551353 -2.2130915041233856 -0.3107969013294682 -1.0596700836595685 -2.296308210252356 -1.677156267241193 
141 -1 0.3294195630368216 0.1509332693208294 0.6746461280376136 -0.6206916345854108 0.5918923275141845 -1.031583227935047 1.6286924833123049 
142 1 -0.20483737701581342 -0.026544105130876943 0.5199458977432743 -1.9635688120278285 -0.6371773738244224 1.31719173922567 0.2591265723687128 
143 -1 0.1157167870157676 -0.026544105130876943 0.31367892401748865 -0.6206916345854108 0.015765905011712524 -0.12820824056554045 0.02299451875774867 
144 1 -1.2733512571210834 -1.0026696646152617 -1.233323378925904 2.1683609647180724 -0.1762762358224448 -1.031583227935047 -0.590948820630758 
145 1 -0.20483737701581342 -0.47023754126014283 -0.6660892011799933 -0.2074986569108207 -0.9060363709922427 -0.8509082304611457 -0.49649599918637244 
146 1 -1.2733512571210834 -1.0026696646152617 -0.9754896617686718 1.5485714982061871 -0.521952089323928 0.23314175438226217 -1.2048921600192648 
147 -1 4.0692181434052666 4.587867630613488 4.078051194513077 2.478255697974015 3.1652570146918926 0.23314175438226217 3.8955601979775607 
148 1 0.2225681750262946 0.5946267054500953 1.2418803057835242 1.7551679870434822 1.0912018936829935 0.41381675185616346 0.16467375092432715 
149 -1 0.1157167870157676 0.1509332693208294 0.2105454371545958 -0.5173933901667632 0.9759766091824992 0.7751667468039661 0.8730699117572196 
150 1 -0.3116887650263404 0.06219458209497623 0.36524566744893505 -1.1371828566786484 -0.8292195146585797 0.9558417442778674 -0.3075903562976011 
151 1 1.1842306671210376 1.6594909521603334 2.066948200686667 1.5485714982061871 2.0898210260206116 1.4978667366995713 1.3925604297013408 
152 1 -1.1664998691105564 -1.091408351841115 -1.1301898920630111 0.5155890540197119 0.16939961767903838 -0.30888323803944173 -0.5437224099085652 
153 1 0.7568251150789297 1.3045362032569208 1.3965805360778634 0.8254837872756545 1.7441451725191284 1.4978667366995713 1.2508811975347622 
154 1 -0.8459457050789755 -0.8251922901635556 -0.7176559446114397 -0.5173933901667632 -0.9828532273259056 1.31719173922567 -0.8270808742417222 
155 -1 -0.0979859890052864 0.23967195654668258 0.004278463428810141 1.0320802761129495 0.5534838993473531 -1.031583227935047 0.49525862597967696 
156 1 -1.4870540331421376 -1.2688857262928215 -1.2848901223573503 0.722185542857007 -0.6371773738244224 0.23314175438226217 -1.2048921600192648 
157 -1 -0.5253915410473944 -0.6477149157118491 -0.5629557143171005 -1.9635688120278285 -0.9828532273259056 -0.48955823551334304 -0.3075903562976011 
158 -1 0.2225681750262946 0.23967195654668258 -0.3566887405913148 0.3089925651824169 -0.7524026583249168 -0.48955823551334304 -0.590948820630758 
159 1 -1.7007568091631915 -2.245011285777206 -2.264658247554832 0.6188872984383594 -1.0980785118264 -1.573608220356751 -1.677156267241193 
160 1 0.008865399005240597 0.5946267054500953 1.087180075489185 1.0320802761129495 2.1666378823542747 1.1365167417517688 1.7703717154788832 
161 -1 0.9705278910999836 0.8608427671276548 0.8809131017633992 -0.5173933901667632 0.3998501866800272 -0.48955823551334304 0.6369378581462555 
162 1 -0.4185401530368674 -0.2040214795825833 -0.047288280002636275 -1.5503758343532383 0.7839344683483418 1.1365167417517688 1.298107608256955 
163 1 -1.8076081971737186 -1.8900565368737936 -1.8521243001032608 0.5155890540197119 -1.9814723596635238 -1.2122582254089482 -2.196646785185314 
164 -1 -0.20483737701581342 -0.3814988540342896 -0.6145224577485469 -0.41409514574811573 -0.7524026583249168 -0.48955823551334304 -0.9215336956861079 
165 1 -0.3116887650263404 -0.47023754126014283 -0.6145224577485469 1.4452732537875397 0.015765905011712524 -1.573608220356751 -0.16591112413102263 
166 -1 0.8636765030894566 0.5058880182242421 0.26211218058604224 -1.447077589934591 -0.6755858019912538 -1.031583227935047 0.0702209294799415 
167 1 -1.0596484811000295 -0.6477149157118491 -0.511388970885654 -0.000902168073525652 -1.174895368160063 -0.8509082304611457 -1.3937978029080362 
168 -1 2.0390417712052535 1.925707013837893 1.6544142532350954 -0.000902168073525652 0.630300755681016 0.41381675185616346 0.9675227332016052 
169 1 -0.4185401530368674 -0.7364536029377023 -0.6660892011799933 -0.5173933901667632 -0.6755858019912538 0.7751667468039661 -0.9215336956861079 
170 1 0.5431223390578757 0.7721040799018016 1.1903135623520777 0.4122908096010644 1.7441451725191284 0.41381675185616346 1.0147491439237981 
171 1 -1.8076081971737186 -2.0675339113255 -1.9552577869661536 0.5155890540197119 -1.0980785118264 -1.031583227935047 -1.5354770350746145 
172 1 -0.20483737701581342 0.06219458209497623 0.41681241088038146 -0.2074986569108207 1.0912018936829935 0.41381675185616346 0.6369378581462555 
173 -1 -0.4185401530368674 -0.558976228485996 -0.4082554840227612 0.10239607634512186 0.3614417585131957 -1.3929332228828495 0.5424850367018698 
174 1 0.3294195630368216 0.9495814543535079 1.1387468189206313 0.5155890540197119 1.1680187500166566 0.7751667468039661 1.3925604297013408 
175 -1 0.6499737270684026 0.4171493309983889 0.15897869372314938 -0.9305863678413533 -0.4451352329902651 -0.30888323803944173 -0.21313753485321546 
176 1 -0.4185401530368674 -0.6477149157118491 -0.6660892011799933 1.0320802761129495 -0.4067268048234336 -0.6702332329872444 0.21190016164651998 
177 1 0.2225681750262946 0.5058880182242421 0.6230793846061672 -0.2074986569108207 0.5534838993473531 2.0398917291212753 0.9675227332016052 
178 -1 0.6499737270684026 0.5058880182242421 0.2105454371545958 -0.000902168073525652 -0.7524026583249168 -0.48955823551334304 -0.4020431777419868 
179 1 1.1842306671210376 1.3045362032569208 0.9324798451948456 -0.10420041249217317 0.3614417585131957 1.1365167417517688 0.4008058045352913 
180 1 0.5431223390578757 0.6833653926759484 0.6230793846061672 0.3089925651824169 1.5136946035181398 1.859216731647374 1.1092019653681837 
181 -1 0.1157167870157676 0.32841064377253576 0.46837915431182786 -0.41409514574811573 -0.09945937948878188 0.41381675185616346 0.21190016164651998 
182 -1 1.1842306671210376 0.9495814543535079 1.087180075489185 -1.2404811010972958 -0.2915015203229392 0.05246675690836086 0.6841642688684483 
183 -1 -0.9527970930895024 -0.9139309773894086 -0.8723561749057789 -0.2074986569108207 -1.0596700836595685 -0.6702332329872444 -0.9215336956861079 
184 -1 -1.2733512571210834 -1.4463631007445277 -1.233323378925904 -0.7239898790040583 -1.3669375089942202 -0.8509082304611457 -1.2993449814636504 
185 -1 0.3294195630368216 0.32841064377253576 0.6746461280376136 0.10239607634512186 0.5918923275141845 -0.48955823551334304 1.3925604297013408 
186 1 -1.8076081971737186 -1.9787952240996467 -2.0068245303976 2.0650627202994247 -1.021261655492737 -1.573608220356751 -1.8660619101299645 
187 1 -2.1281623612052996 -1.8900565368737936 -2.0068245303976 1.6518697426248345 -1.2901206526605573 -0.48955823551334304 -1.9132883208521572 
188 1 -0.20483737701581342 -0.026544105130876943 0.5199458977432743 -1.653674078771886 -0.7908110864917482 0.5944917493300648 -0.26036394557540826 
189 -1 -0.4185401530368674 -0.11528279235673011 0.15897869372314938 0.2056943207637694 1.1680187500166566 0.05246675690836086 0.7313906795906411 
190 -1 -0.0979859890052864 -0.11528279235673011 0.055845206860256555 -0.10420041249217317 0.5150754711805215 0.41381675185616346 0.30635298309090564 
191 -1 0.8636765030894566 0.6833653926759484 0.6230793846061672 -0.10420041249217317 -0.25309309215610776 -0.6702332329872444 0.30635298309090564 
192 -1 0.6499737270684026 0.7721040799018016 0.2105454371545958 -1.2404811010972958 -0.5603605174907594 1.1365167417517688 -0.024231891964444155 
193 -1 2.6801500992684155 2.2806617627413055 1.7059809966665418 -0.10420041249217317 -0.5603605174907594 -0.8509082304611457 -0.26036394557540826 
194 -1 0.008865399005240597 0.06219458209497623 0.004278463428810141 0.10239607634512186 -0.7139942301580853 -0.6702332329872444 -0.7326280527973366 
195 1 -0.8459457050789755 -0.47023754126014283 -0.6145224577485469 1.2386767649502446 0.6687091838478474 -0.30888323803944173 -0.07145830268663698 
196 1 -0.9527970930895024 -0.558976228485996 -0.6660892011799933 0.8254837872756545 0.3230333303463642 -1.2122582254089482 -0.4492695884641796 
197 -1 0.5431223390578757 0.5058880182242421 0.31367892401748865 -0.5173933901667632 -0.7524026583249168 -0.6702332329872444 -0.21313753485321546 
198 -1 0.5431223390578757 0.4171493309983889 0.36524566744893505 0.10239607634512186 0.2846249021795328 -0.48955823551334304 0.5424850367018698 
199 -1 -1.3802026451316105 -1.2688857262928215 -1.3880236092202431 -0.2074986569108207 -0.9060363709922427 -1.9349582153045535 -1.0159865171304936 
200 1 -1.1664998691105564 -0.558976228485996 -0.20198851029697554 -1.0338846122600007 -1.0596700836595685 1.859216731647374 -0.3548167670197939 
201 1 1.3979334431420918 1.6594909521603334 2.1185149441181133 0.928782031694302 1.8593704570196228 0.7751667468039661 1.3925604297013408 
202 -1 -0.0979859890052864 0.06219458209497623 0.26211218058604224 -0.6206916345854108 -0.598768945657591 0.5944917493300648 -0.3075903562976011 
203 -1 0.1157167870157676 -0.026544105130876943 0.5715126411747207 -0.8272881234227057 0.015765905011712524 0.05246675690836086 0.16467375092432715 
204 -1 0.7568251150789297 0.5058880182242421 0.15897869372314938 -0.10420041249217317 -0.21468466398927627 0.05246675690836086 -0.16591112413102263 
205 1 0.8636765030894566 1.038320141579361 1.087180075489185 0.722185542857007 2.3970884513552635 1.31719173922567 1.7231453047566905 
206 1 -0.7390943170684484 -1.0026696646152617 -1.0786231486315645 0.4122908096010644 -0.8676279428254112 -1.031583227935047 -0.9215336956861079 
207 -1 -0.20483737701581342 -0.2927601668084365 -0.8207894314743325 2.478255697974015 -0.06105095132195041 0.23314175438226217 -0.4020431777419868 
208 -1 2.8938528752894697 2.014445701063746 1.345013792646417 0.5155890540197119 0.5150754711805215 -0.8509082304611457 1.1092019653681837 
209 1 -0.0979859890052864 -0.47023754126014283 -0.2535552537284219 -1.0338846122600007 0.20780804584586984 0.5944917493300648 0.35357939381309844 
210 1 0.3294195630368216 0.32841064377253576 0.5199458977432743 -0.2074986569108207 1.2064271781834879 1.6785417341734725 1.1092019653681837 
211 -1 0.2225681750262946 -0.11528279235673011 -0.2535552537284219 2.1683609647180724 -0.25309309215610776 -1.573608220356751 -0.49649599918637244 
212 -1 0.6499737270684026 0.32841064377253576 0.31367892401748865 -0.8272881234227057 -0.521952089323928 -0.8509082304611457 -0.07145830268663698 
213 1 0.5431223390578757 0.1509332693208294 0.72621287146906 -0.7239898790040583 1.2448356063503194 0.9558417442778674 1.298107608256955 
214 -1 -1.0596484811000295 -0.8251922901635556 -0.8207894314743325 0.8254837872756545 -0.4451352329902651 -0.6702332329872444 -0.3548167670197939 
215 1 -1.2733512571210834 -1.3576244135186746 -1.5427238395145824 2.2716592091367196 -0.7139942301580853 -1.031583227935047 -1.5354770350746145 
216 1 -0.7390943170684484 -0.47023754126014283 -0.09885502343408269 -2.3767617897024187 -1.5205712216615461 2.2205667265951767 -0.8743072849639151 
217 1 0.3294195630368216 0.5058880182242421 0.8293463583319528 0.2056943207637694 1.5905114598518026 1.859216731647374 1.1564283760903764 
218 1 0.7568251150789297 0.6833653926759484 0.9324798451948456 0.10239607634512186 0.5534838993473531 1.1365167417517688 0.21190016164651998 
219 1 -1.4870540331421376 -1.091408351841115 -1.5427238395145824 1.4452732537875397 -0.6371773738244224 -0.8509082304611457 -1.3465713921858433 
220 -1 -0.3116887650263404 -1.091408351841115 -1.0786231486315645 -1.5503758343532383 -1.0980785118264 -0.8509082304611457 -0.6854016420751438 
221 1 -1.1664998691105564 -1.091408351841115 -1.491157096083136 3.4079398977418425 -0.4067268048234336 -1.3929332228828495 -1.3465713921858433 
222 -1 -0.5253915410473944 -0.8251922901635556 -0.6660892011799933 0.5155890540197119 -0.3683183766566021 0.05246675690836086 -0.8270808742417222 
223 1 0.43627095104734864 0.4171493309983889 0.7777796149005064 0.8254837872756545 2.3586800231884317 2.0398917291212753 1.9120509476454617 
224 -1 0.2225681750262946 -0.026544105130876943 0.004278463428810141 -0.3107969013294682 -0.6755858019912538 0.7751667468039661 -0.16591112413102263 
225 1 0.2225681750262946 0.5058880182242421 0.36524566744893505 0.10239607634512186 -0.598768945657591 0.7751667468039661 -0.9215336956861079 
226 1 -0.6322429290579215 -0.11528279235673011 0.5199458977432743 -1.7569723231905334 -0.8676279428254112 2.2205667265951767 -0.024231891964444155 
227 1 0.2225681750262946 0.1509332693208294 -0.8723561749057789 1.341975009368892 -0.13786780765561335 -1.573608220356751 -0.07145830268663698 
228 1 -0.7390943170684484 -0.7364536029377023 -0.7692226880428861 1.0320802761129495 0.16939961767903838 -0.30888323803944173 -0.26036394557540826 
229 -1 0.5431223390578757 0.4171493309983889 0.2105454371545958 -0.10420041249217317 -0.21468466398927627 -1.031583227935047 -0.4492695884641796 
230 1 0.008865399005240597 0.4171493309983889 0.7777796149005064 -1.5503758343532383 -0.6755858019912538 1.31719173922567 0.16467375092432715 
231 1 1.2910820551315647 1.5707522649344803 1.3965805360778634 1.8584662314621296 1.7441451725191284 1.859216731647374 0.9202963224794124 
232 -1 0.2225681750262946 0.1509332693208294 0.15897869372314938 -1.0338846122600007 0.3230333303463642 0.23314175438226217 0.4480322152574841 
233 -1 0.5431223390578757 -0.026544105130876943 -0.2535552537284219 -1.860270567609181 -1.2133037963268944 -0.6702332329872444 -0.49649599918637244 
234 -1 -0.6322429290579215 -0.9139309773894086 -1.027056405200118 0.10239607634512186 -0.7139942301580853 -0.6702332329872444 -0.590948820630758 
235 1 -2.0213109731947725 -2.156272598551353 -2.161524760691939 0.722185542857007 -1.751021790662535 -1.9349582153045535 -2.196646785185314 
236 1 -0.3116887650263404 0.06219458209497623 0.10741195029170297 1.6518697426248345 1.5905114598518026 0.5944917493300648 0.8730699117572196 
237 -1 0.5431223390578757 0.7721040799018016 0.46837915431182786 -0.3107969013294682 -0.3683183766566021 -0.48955823551334304 -0.07145830268663698 
238 1 -1.7007568091631915 -1.8013178496479405 -2.161524760691939 0.4122908096010644 -1.2133037963268944 -1.7542832178306522 -1.9132883208521572 
239 -1 -0.5253915410473944 -0.8251922901635556 -1.3880236092202431 -0.9305863678413533 -1.597388077995209 -1.031583227935047 -1.2993449814636504 
240 -1 0.2225681750262946 -0.026544105130876943 0.10741195029170297 -0.41409514574811573 -0.3299099484897707 -0.8509082304611457 0.11744734020213432 
241 -1 0.5431223390578757 0.1509332693208294 -0.047288280002636275 -0.000902168073525652 0.09258276134537545 -0.30888323803944173 -0.11868471340882981 
242 1 0.5431223390578757 0.5058880182242421 0.6230793846061672 0.3089925651824169 1.78255360068596 1.31719173922567 1.6286924833123049 
243 1 -1.0596484811000295 -1.2688857262928215 -1.3364568657887967 -1.447077589934591 -0.8292195146585797 0.05246675690836086 -0.7326280527973366 
244 1 -0.4185401530368674 -0.47023754126014283 -0.4598222274542076 0.2056943207637694 0.630300755681016 1.1365167417517688 0.6369378581462555 
245 1 -1.8076081971737186 -1.8013178496479405 -1.9552577869661536 2.7881504312299574 -0.4835436611570965 -1.2122582254089482 -1.677156267241193 
246 1 -1.5939054211526644 -1.535101787970381 -1.5427238395145824 1.6518697426248345 -0.6755858019912538 -1.031583227935047 -1.9132883208521572 
247 -1 -0.3116887650263404 -0.2927601668084365 -0.20198851029697554 0.5155890540197119 0.16939961767903838 0.05246675690836086 -0.21313753485321546 
248 -1 -0.7390943170684484 -0.6477149157118491 -0.7692226880428861 0.4122908096010644 -0.06105095132195041 0.41381675185616346 -0.5437224099085652 
249 -1 -0.5253915410473944 -0.3814988540342896 -0.1504217668655291 -0.3107969013294682 0.5918923275141845 -0.6702332329872444 0.21190016164651998 
250 -1 -0.0979859890052864 -0.3814988540342896 -0.4598222274542076 -1.5503758343532383 -0.9060363709922427 -0.48955823551334304 -0.6854016420751438 
251 -1 1.1842306671210376 1.3045362032569208 1.0356133320577385 1.5485714982061871 1.2448356063503194 0.05246675690836086 1.6286924833123049 
252 1 -0.3116887650263404 -0.2927601668084365 0.10741195029170297 -0.9305863678413533 -0.2915015203229392 2.0398917291212753 -0.3075903562976011 
253 -1 -0.0979859890052864 -0.2927601668084365 -0.3566887405913148 0.5155890540197119 -0.6371773738244224 -0.6702332329872444 -0.9687601064083007 
254 1 0.5431223390578757 0.7721040799018016 0.9324798451948456 -0.2074986569108207 1.0527934655161622 1.6785417341734725 1.3925604297013408 
255 1 0.008865399005240597 0.32841064377253576 0.5715126411747207 -0.000902168073525652 0.5150754711805215 -0.8509082304611457 0.4480322152574841 
256 -1 0.8636765030894566 0.7721040799018016 0.6230793846061672 -0.5173933901667632 -0.21468466398927627 -0.48955823551334304 -0.16591112413102263 
257 1 0.008865399005240597 -0.026544105130876943 0.10741195029170297 0.2056943207637694 1.3984693190176454 0.5944917493300648 0.8258435010350267 
258 1 -0.9527970930895024 -1.1801470390669682 -1.233323378925904 0.2056943207637694 0.7839344683483418 -0.48955823551334304 -0.024231891964444155 
259 1 0.3294195630368216 0.32841064377253576 0.9324798451948456 0.6188872984383594 1.705736744352297 1.31719173922567 1.298107608256955 
260 -1 0.008865399005240597 -0.11528279235673011 0.055845206860256555 -0.000902168073525652 0.3230333303463642 -0.30888323803944173 0.49525862597967696 
261 -1 -0.6322429290579215 -0.2927601668084365 -0.2535552537284219 -0.2074986569108207 0.24621647401270133 -1.031583227935047 0.6841642688684483 
262 1 -1.8076081971737186 -2.0675339113255 -2.0583912738290464 0.722185542857007 -0.9828532273259056 -0.8509082304611457 -1.724382677963386 
263 -1 -0.0979859890052864 -0.026544105130876943 0.004278463428810141 -1.2404811010972958 -1.0596700836595685 -0.30888323803944173 -0.5437224099085652 
264 -1 0.7568251150789297 0.9495814543535079 0.5715126411747207 0.8254837872756545 -0.21468466398927627 -0.30888323803944173 -0.024231891964444155 
265 -1 0.3294195630368216 -0.026544105130876943 -0.2535552537284219 -0.5173933901667632 -0.598768945657591 -0.12820824056554045 -0.4020431777419868 
266 1 -0.8459457050789755 -0.7364536029377023 -0.9754896617686718 1.341975009368892 0.20780804584586984 -0.12820824056554045 -0.9687601064083007 
267 1 -0.3116887650263404 0.1509332693208294 0.36524566744893505 -0.41409514574811573 -0.4067268048234336 0.23314175438226217 -0.4020431777419868 
268 1 -0.4185401530368674 -0.026544105130876943 0.10741195029170297 0.928782031694302 0.6687091838478474 -0.12820824056554045 0.0702209294799415 
269 -1 -0.20483737701581342 -0.2927601668084365 -0.6145224577485469 0.928782031694302 0.015765905011712524 -1.2122582254089482 -0.5437224099085652 
270 1 -0.6322429290579215 -0.47023754126014283 0.10741195029170297 -0.41409514574811573 0.2846249021795328 -1.2122582254089482 0.4480322152574841 
271 1 1.6116362191631457 2.2806617627413055 2.6857491218640237 1.4452732537875397 2.0898210260206116 1.859216731647374 1.9592773583676546 
272 -1 -0.4185401530368674 -0.3814988540342896 -0.3051219971598684 -0.5173933901667632 -0.598768945657591 1.1365167417517688 -0.8743072849639151 
273 -1 -0.20483737701581342 0.06219458209497623 0.10741195029170297 -0.10420041249217317 0.5534838993473531 0.23314175438226217 0.2591265723687128 
274 1 -1.0596484811000295 -1.0026696646152617 -1.027056405200118 0.6188872984383594 -0.4451352329902651 0.5944917493300648 -0.590948820630758 
275 -1 -0.0979859890052864 0.06219458209497623 -0.09885502343408269 -0.5173933901667632 -0.3299099484897707 -0.30888323803944173 -0.3548167670197939 
276 -1 0.3294195630368216 0.4171493309983889 0.5199458977432743 -0.5173933901667632 -0.25309309215610776 -0.48955823551334304 0.2591265723687128 
277 1 1.2910820551315647 1.8369683266120398 1.963814713823774 0.2056943207637694 1.0912018936829935 1.859216731647374 0.9675227332016052 
278 1 -0.20483737701581342 -0.47023754126014283 -0.09885502343408269 -0.6206916345854108 1.129610321849825 0.7751667468039661 0.35357939381309844 
279 1 -0.20483737701581342 -0.3814988540342896 -0.4598222274542076 1.8584662314621296 0.5918923275141845 -0.6702332329872444 -0.024231891964444155 
280 1 0.008865399005240597 0.4171493309983889 0.6746461280376136 0.722185542857007 -1.4821627934947146 0.5944917493300648 -1.9132883208521572 
281 -1 1.2910820551315647 0.9495814543535079 0.7777796149005064 -0.3107969013294682 0.3614417585131957 -0.12820824056554045 0.7786170903128339 
282 -1 0.3294195630368216 -0.026544105130876943 -0.1504217668655291 -0.5173933901667632 -0.7524026583249168 0.41381675185616346 -0.3075903562976011 
283 1 -2.0213109731947725 -2.0675339113255 -2.161524760691939 -0.6206916345854108 -1.5589796498283777 -0.8509082304611457 -2.0077411422965428 
284 -1 0.5431223390578757 -0.026544105130876943 -0.2535552537284219 -1.860270567609181 -1.3285290808273889 0.05246675690836086 -0.8743072849639151 
285 1 -0.0979859890052864 0.1509332693208294 0.6746461280376136 -0.5173933901667632 0.20780804584586984 2.2205667265951767 0.11744734020213432 
286 -1 -0.5253915410473944 -0.47023754126014283 -0.2535552537284219 0.5155890540197119 -0.02264252315511894 0.05246675690836086 -0.3075903562976011 
287 -1 0.2225681750262946 0.32841064377253576 0.055845206860256555 -0.3107969013294682 -0.3683183766566021 -0.30888323803944173 0.2591265723687128 
288 1 -1.3802026451316105 -1.2688857262928215 -1.1301898920630111 2.0650627202994247 -0.4835436611570965 -0.8509082304611457 -1.2993449814636504 
289 -1 0.9705278910999836 0.9495814543535079 1.087180075489185 -0.000902168073525652 0.43825861484685863 -0.6702332329872444 1.2036547868125693 
290 1 -2.0213109731947725 -1.9787952240996467 -1.9552577869661536 0.8254837872756545 -0.8292195146585797 0.41381675185616346 -1.6299298565190004 
291 1 0.3294195630368216 0.5058880182242421 0.6746461280376136 0.10239607634512186 1.8209620288527915 1.31719173922567 1.4870132511457264 
292 -1 1.8253389951841996 1.6594909521603334 1.1903135623520777 -0.3107969013294682 -0.02264252315511894 -0.48955823551334304 0.49525862597967696 
293 1 0.2225681750262946 0.32841064377253576 0.6230793846061672 0.4122908096010644 2.1666378823542747 1.4978667366995713 1.7231453047566905 
294 1 -0.9527970930895024 -0.8251922901635556 -1.0786231486315645 -0.41409514574811573 -0.7908110864917482 -0.48955823551334304 -1.157665749297072 
295 -1 -0.4185401530368674 -0.558976228485996 -0.4082554840227612 -0.7239898790040583 -0.02264252315511894 -0.6702332329872444 0.8258435010350267 
296 1 1.5047848311526186 -0.8251922901635556 -0.7692226880428861 0.5155890540197119 0.2846249021795328 -0.30888323803944173 -0.11868471340882981 
297 1 -0.6322429290579215 -0.8251922901635556 -1.3880236092202431 0.928782031694302 -1.2133037963268944 -1.2122582254089482 -1.2521185707414577 
298 1 0.9705278910999836 1.1270588288052144 1.6544142532350954 0.722185542857007 1.8593704570196228 1.31719173922567 1.0619755546459908 
299 -1 -0.3116887650263404 -0.47023754126014283 -0.8207894314743325 -0.8272881234227057 -1.0596700836595685 -0.6702332329872444 -0.8743072849639151 
300 -1 -1.4870540331421376 -1.1801470390669682 -1.6458573263774752 0.6188872984383594 -1.2133037963268944 -1.3929332228828495 -1.5827034457968074 
301 1 0.2225681750262946 0.23967195654668258 0.15897869372314938 0.10239607634512186 1.283244034517151 0.05246675690836086 0.8258435010350267 
302 -1 0.43627095104734864 0.6833653926759484 0.6230793846061672 0.5155890540197119 0.4766670430136901 -0.12820824056554045 0.16467375092432715 
303 1 2.6801500992684155 3.1680486349998374 3.0467163258841485 0.6188872984383594 1.0912018936829935 0.7751667468039661 1.817598126201076 
304 1 0.7568251150789297 0.5058880182242421 1.1903135623520777 0.3089925651824169 2.0514125978537803 0.23314175438226217 1.298107608256955 
305 1 -0.4185401530368674 -0.558976228485996 -0.3566887405913148 0.722185542857007 -0.6755858019912538 -1.3929332228828495 -0.07145830268663698 
306 1 -0.4185401530368674 -0.2927601668084365 -0.20198851029697554 -0.3107969013294682 -0.3299099484897707 0.41381675185616346 -0.5437224099085652 
307 1 0.6499737270684026 0.8608427671276548 1.2418803057835242 0.722185542857007 3.1268485865250613 1.6785417341734725 2.431541465589583 
308 1 0.1157167870157676 0.32841064377253576 0.36524566744893505 0.4122908096010644 0.8607513246820048 1.31719173922567 0.5424850367018698 
309 1 0.3294195630368216 0.7721040799018016 0.5199458977432743 -0.9305863678413533 -0.9444447991590741 0.23314175438226217 -0.4492695884641796 
310 1 -1.5939054211526644 -1.7125791624220872 -1.9036910435347072 1.5485714982061871 -1.021261655492737 -1.573608220356751 -1.677156267241193 
311 -1 -0.6322429290579215 -0.8251922901635556 -0.9754896617686718 -0.10420041249217317 -0.9444447991590741 -0.8509082304611457 -0.6854016420751438 
312 -1 -0.0979859890052864 -0.11528279235673011 -0.047288280002636275 -0.41409514574811573 -0.2915015203229392 0.23314175438226217 -0.5437224099085652 
313 -1 0.1157167870157676 0.5946267054500953 0.8293463583319528 0.928782031694302 1.3216524626839823 -0.48955823551334304 2.05373017981204 
314 -1 -1.2733512571210834 -1.091408351841115 -1.3880236092202431 1.4452732537875397 0.015765905011712524 -0.6702332329872444 -0.5437224099085652 
315 -1 0.9705278910999836 0.32841064377253576 0.36524566744893505 -2.066867056446476 -1.0596700836595685 0.23314175438226217 -0.3548167670197939 
316 -1 -0.3116887650263404 -0.2927601668084365 -0.1504217668655291 -1.0338846122600007 -1.0980785118264 0.05246675690836086 -0.7798544635195294 
317 1 -1.0596484811000295 -1.0026696646152617 -1.0786231486315645 0.3089925651824169 -0.4451352329902651 0.41381675185616346 -0.4020431777419868 
318 1 -1.1664998691105564 -1.091408351841115 -1.0786231486315645 -0.6206916345854108 -0.598768945657591 -1.031583227935047 -0.8743072849639151 
319 1 -1.4870540331421376 -1.2688857262928215 -1.027056405200118 0.3089925651824169 -1.2133037963268944 -0.48955823551334304 -1.2521185707414577 
320 -1 1.0773792791105106 0.5058880182242421 0.26211218058604224 -1.1371828566786484 -0.25309309215610776 0.23314175438226217 -0.3075903562976011 
321 -1 -0.4185401530368674 -0.2040214795825833 0.055845206860256555 0.10239607634512186 0.630300755681016 1.1365167417517688 0.35357939381309844 
322 -1 -0.0979859890052864 -0.2927601668084365 -0.1504217668655291 -0.41409514574811573 0.13099118951220692 -0.30888323803944173 0.2591265723687128 
323 -1 0.3294195630368216 1.3932748904827739 2.582615635001131 1.4452732537875397 2.857989589357241 0.23314175438226217 4.131692251588524 
324 -1 0.008865399005240597 0.1509332693208294 0.15897869372314938 -0.8272881234227057 0.13099118951220692 0.05246675690836086 0.4480322152574841 
325 1 -0.20483737701581342 -0.2040214795825833 0.004278463428810141 -0.41409514574811573 -0.06105095132195041 0.05246675690836086 -0.26036394557540826 
326 -1 0.1157167870157676 -0.3814988540342896 -0.047288280002636275 -1.5503758343532383 -1.0980785118264 0.05246675690836086 -0.638175231352951 
327 -1 0.008865399005240597 0.06219458209497623 0.10741195029170297 -0.8272881234227057 -0.2915015203229392 -0.8509082304611457 0.2591265723687128 
328 -1 0.3294195630368216 -0.11528279235673011 0.004278463428810141 -0.5173933901667632 -0.3299099484897707 -1.3929332228828495 -0.16591112413102263 
329 -1 0.008865399005240597 0.06219458209497623 0.055845206860256555 0.2056943207637694 0.16939961767903838 0.05246675690836086 -0.024231891964444155 
330 1 0.7568251150789297 0.4171493309983889 0.10741195029170297 0.4122908096010644 -0.6755858019912538 0.7751667468039661 -0.5437224099085652 
331 1 0.9705278910999836 1.6594909521603334 1.7575477400979882 0.10239607634512186 1.2064271781834879 1.6785417341734725 1.0147491439237981 
332 -1 0.6499737270684026 0.8608427671276548 0.41681241088038146 1.1353785205315972 -0.3299099484897707 -1.031583227935047 -1.0159865171304936 
333 1 -0.3116887650263404 -0.2040214795825833 -0.047288280002636275 -0.8272881234227057 -0.7908110864917482 0.41381675185616346 -0.638175231352951 
334 -1 -0.0979859890052864 -0.026544105130876943 0.004278463428810141 -0.000902168073525652 0.05417433317854399 -0.48955823551334304 0.35357939381309844 
335 -1 0.008865399005240597 -0.026544105130876943 0.055845206860256555 -0.3107969013294682 0.24621647401270133 -0.12820824056554045 0.2591265723687128 
336 -1 0.2225681750262946 0.06219458209497623 0.004278463428810141 -0.9305863678413533 -0.06105095132195041 -0.30888323803944173 -0.07145830268663698 
337 1 -0.4185401530368674 -0.026544105130876943 0.36524566744893505 -1.7569723231905334 -1.0980785118264 1.1365167417517688 -0.4020431777419868 
338 1 -1.4870540331421376 -1.3576244135186746 -1.491157096083136 0.4122908096010644 -1.0980785118264 -0.12820824056554045 -1.5354770350746145 
339 1 -1.3802026451316105 -1.535101787970381 -1.5942905829460288 -0.5173933901667632 -0.09945937948878188 0.7751667468039661 -0.4492695884641796 
340 -1 -0.20483737701581342 -0.2927601668084365 -0.1504217668655291 0.6188872984383594 -0.09945937948878188 -0.6702332329872444 0.21190016164651998 
341 1 -0.4185401530368674 -0.47023754126014283 -0.4598222274542076 0.3089925651824169 -0.4067268048234336 1.1365167417517688 -0.638175231352951 
342 -1 0.7568251150789297 0.7721040799018016 0.41681241088038146 0.10239607634512186 0.13099118951220692 -0.6702332329872444 0.5897114474240626 
343 -1 -1.2733512571210834 -1.2688857262928215 -1.3880236092202431 -0.6206916345854108 -1.3669375089942202 -0.8509082304611457 -1.441024213630229 
344 -1 -0.0979859890052864 -0.3814988540342896 -0.4082554840227612 -0.9305863678413533 -1.3669375089942202 -0.12820824056554045 -0.9215336956861079 
345 -1 0.43627095104734864 0.06219458209497623 -0.3566887405913148 2.1683609647180724 0.7071176120146789 -1.3929332228828495 0.7786170903128339 
346 -1 -0.20483737701581342 -0.11528279235673011 0.8293463583319528 0.10239607634512186 1.0912018936829935 -0.30888323803944173 1.864824536923269 
347 1 0.1157167870157676 0.06219458209497623 0.46837915431182786 -2.066867056446476 -0.8292195146585797 1.31719173922567 -0.024231891964444155 
348 1 -1.1664998691105564 -0.8251922901635556 -0.7692226880428861 0.2056943207637694 -0.4835436611570965 0.5944917493300648 -0.8743072849639151 
349 -1 -0.3116887650263404 -0.2040214795825833 0.10741195029170297 -1.0338846122600007 -0.4067268048234336 -1.031583227935047 0.4008058045352913 
350 -1 0.3294195630368216 0.4171493309983889 0.36524566744893505 -0.8272881234227057 -0.9444447991590741 -1.031583227935047 -0.3075903562976011 
351 1 -1.2733512571210834 -1.4463631007445277 -1.8005575566718144 1.4452732537875397 -0.7139942301580853 -0.8509082304611457 -1.2521185707414577 
352 -1 0.3294195630368216 0.23967195654668258 0.26211218058604224 0.3089925651824169 0.43825861484685863 -0.6702332329872444 0.4480322152574841 
353 1 0.9705278910999836 1.6594909521603334 1.8606812269608812 -0.41409514574811573 0.3614417585131957 1.1365167417517688 1.1564283760903764 
354 1 -0.8459457050789755 -1.2688857262928215 -1.0786231486315645 0.2056943207637694 0.2846249021795328 -0.48955823551334304 0.30635298309090564 
355 1 1.3979334431420918 0.9495814543535079 0.5715126411747207 -1.5503758343532383 -1.2133037963268944 1.1365167417517688 -0.590948820630758 
356 -1 1.6116362191631457 1.3932748904827739 0.8809131017633992 -1.447077589934591 -0.5603605174907594 -0.30888323803944173 -0.024231891964444155 
357 -1 0.43627095104734864 0.5946267054500953 0.41681241088038146 -0.3107969013294682 -0.02264252315511894 1.31719173922567 0.30635298309090564 
358 1 -0.9527970930895024 -0.2040214795825833 -0.6660892011799933 1.4452732537875397 1.129610321849825 0.05246675690836086 1.2036547868125693 
359 -1 -0.3116887650263404 -0.558976228485996 -0.4082554840227612 -1.0338846122600007 -0.7524026583249168 -1.2122582254089482 -0.5437224099085652 
360 -1 0.6499737270684026 0.4171493309983889 0.31367892401748865 0.5155890540197119 -0.4451352329902651 -0.48955823551334304 -0.11868471340882981 
361 -1 -0.6322429290579215 -0.47023754126014283 -0.09885502343408269 -1.653674078771886 -1.597388077995209 0.23314175438226217 -1.1104393385748792 
362 -1 0.3294195630368216 0.5946267054500953 0.15897869372314938 -0.5173933901667632 -0.2915015203229392 0.5944917493300648 0.35357939381309844 
363 -1 -1.2733512571210834 -1.1801470390669682 -1.3364568657887967 -0.9305863678413533 -1.597388077995209 -1.573608220356751 -1.4882506243524218 
364 -1 -0.5253915410473944 -0.47023754126014283 -0.3566887405913148 0.3089925651824169 -0.25309309215610776 -1.2122582254089482 -0.5437224099085652 
365 1 0.008865399005240597 0.1509332693208294 0.2105454371545958 -0.6206916345854108 -0.09945937948878188 0.41381675185616346 0.5897114474240626 
366 1 -2.1281623612052996 -1.9787952240996467 -2.0583912738290464 -0.6206916345854108 -1.3669375089942202 -1.7542832178306522 -1.6299298565190004 
367 1 -1.9144595851842454 -1.8013178496479405 -2.0583912738290464 2.581553942392662 -0.8676279428254112 -2.1156332127784547 -1.7716090886855786 
368 -1 0.6499737270684026 0.4171493309983889 0.41681241088038146 -0.6206916345854108 0.09258276134537545 -0.12820824056554045 0.35357939381309844 
369 -1 0.008865399005240597 -0.2040214795825833 -0.1504217668655291 -0.6206916345854108 0.24621647401270133 0.23314175438226217 0.5424850367018698 
370 -1 -0.5253915410473944 -1.0026696646152617 -0.9754896617686718 -0.6206916345854108 -1.0980785118264 -0.30888323803944173 -1.0632129278526863 
371 1 -0.0979859890052864 0.06219458209497623 -0.09885502343408269 1.5485714982061871 0.6687091838478474 -0.8509082304611457 -0.11868471340882981 
372 -1 1.7184876071736728 1.3932748904827739 0.7777796149005064 -0.7239898790040583 0.09258276134537545 0.5944917493300648 0.6369378581462555 
373 1 -0.4185401530368674 -0.3814988540342896 -0.511388970885654 1.1353785205315972 1.1680187500166566 0.5944917493300648 0.4480322152574841 
374 -1 0.6499737270684026 0.1509332693208294 0.2105454371545958 -0.9305863678413533 -0.9444447991590741 0.23314175438226217 -0.4492695884641796 
375 -1 -0.0979859890052864 -0.3814988540342896 -0.047288280002636275 0.2056943207637694 -0.4067268048234336 0.05246675690836086 -0.4020431777419868 
376 -1 1.9321903831947267 2.014445701063746 1.9122479703923276 1.8584662314621296 0.5534838993473531 1.1365167417517688 0.2591265723687128 
377 1 -1.5939054211526644 -1.8013178496479405 -1.748990813240368 -1.1371828566786484 -1.5205712216615461 -1.3929332228828495 -1.724382677963386 
378 1 -0.4185401530368674 -0.3814988540342896 -0.3051219971598684 0.10239607634512186 0.16939961767903838 1.31719173922567 -0.07145830268663698 
379 -1 -0.5253915410473944 -0.558976228485996 -0.7176559446114397 -0.6206916345854108 -0.7524026583249168 -1.573608220356751 -0.26036394557540826 
380 -1 0.3294195630368216 0.6833653926759484 0.6746461280376136 0.10239607634512186 -0.521952089323928 0.7751667468039661 -0.3075903562976011 
381 1 -0.5253915410473944 -0.2927601668084365 0.055845206860256555 -0.8272881234227057 -0.598768945657591 1.1365167417517688 -0.5437224099085652 
382 1 0.43627095104734864 0.4171493309983889 0.8809131017633992 0.4122908096010644 1.6673283161854655 1.6785417341734725 1.2036547868125693 
383 -1 0.5431223390578757 0.7721040799018016 0.8809131017633992 0.3089925651824169 1.0527934655161622 0.9558417442778674 1.0619755546459908 
384 -1 1.5047848311526186 1.6594909521603334 1.345013792646417 0.8254837872756545 0.7455260401815104 -0.30888323803944173 1.0147491439237981 
385 -1 -1.3802026451316105 -1.1801470390669682 -1.0786231486315645 0.3089925651824169 -0.4067268048234336 -1.7542832178306522 0.0702209294799415 
386 1 0.1157167870157676 -0.026544105130876943 0.10741195029170297 -2.066867056446476 -1.0980785118264 0.5944917493300648 -0.5437224099085652 
387 -1 -0.4185401530368674 -0.3814988540342896 0.10741195029170297 -0.000902168073525652 0.8223428965151733 -0.48955823551334304 0.4480322152574841 
388 -1 2.1458931592157806 1.925707013837893 1.5512807663722026 0.8254837872756545 0.3614417585131957 -0.30888323803944173 0.6841642688684483 
389 -1 3.321258427331578 1.3045362032569208 -0.7176559446114397 -1.2404811010972958 -1.4437543653278833 -1.031583227935047 -1.3465713921858433 
390 -1 -0.3116887650263404 -0.2927601668084365 -0.2535552537284219 -0.5173933901667632 -0.3683183766566021 0.23314175438226217 -0.3548167670197939 
391 -1 1.7184876071736728 1.038320141579361 0.41681241088038146 -1.653674078771886 -0.4067268048234336 0.5944917493300648 0.49525862597967696 
392 -1 2.6801500992684155 2.546877824418865 1.9122479703923276 0.5155890540197119 0.6687091838478474 -0.30888323803944173 0.9675227332016052 
393 1 0.7568251150789297 1.3045362032569208 1.1387468189206313 0.10239607634512186 0.015765905011712524 -0.30888323803944173 -0.16591112413102263 
394 1 -0.6322429290579215 -0.3814988540342896 -0.4082554840227612 0.4122908096010644 1.0912018936829935 -1.031583227935047 0.49525862597967696 
395 1 -1.5939054211526644 -1.623840475196234 -2.0068245303976 0.2056943207637694 -1.174895368160063 -1.573608220356751 -1.724382677963386 
396 -1 -0.9527970930895024 -0.7364536029377023 -0.9754896617686718 -1.653674078771886 -1.7894302188293663 -1.2122582254089482 -1.3937978029080362 
397 1 0.008865399005240597 -0.2040214795825833 0.31367892401748865 0.5155890540197119 1.4368777471844767 1.31719173922567 1.0147491439237981 
398 -1 -0.3116887650263404 -0.47023754126014283 -0.8207894314743325 -1.2404811010972958 -1.021261655492737 1.31719173922567 -0.6854016420751438 
399 1 0.43627095104734864 0.4171493309983889 0.31367892401748865 -0.10420041249217317 0.09258276134537545 0.05246675690836086 0.30635298309090564 
400 -1 0.7568251150789297 0.5946267054500953 0.31367892401748865 -0.8272881234227057 -0.25309309215610776 -0.6702332329872444 0.0702209294799415 
401 1 -0.5253915410473944 -1.2688857262928215 -1.1301898920630111 0.5155890540197119 0.7071176120146789 -0.12820824056554045 0.0702209294799415 
402 -1 0.6499737270684026 0.5058880182242421 0.6746461280376136 0.10239607634512186 2.2434547386879373 0.23314175438226217 1.7703717154788832 
403 -1 -0.0979859890052864 0.1509332693208294 0.055845206860256555 0.5155890540197119 0.16939961767903838 -0.12820824056554045 0.21190016164651998 
404 -1 -0.3116887650263404 -0.558976228485996 -0.7692226880428861 1.9617644758807773 -0.6371773738244224 -0.6702332329872444 -0.8743072849639151 
405 1 -0.5253915410473944 -0.026544105130876943 0.055845206860256555 -1.3437793455159435 -0.7139942301580853 0.41381675185616346 -0.26036394557540826 
406 1 -1.7007568091631915 -1.535101787970381 -1.6458573263774752 2.3749574535553672 -1.174895368160063 0.23314175438226217 -1.5354770350746145 
407 -1 1.0773792791105106 1.2157975160310674 0.9324798451948456 1.4452732537875397 1.1680187500166566 0.05246675690836086 0.8730699117572196 
408 1 0.2225681750262946 0.4171493309983889 0.41681241088038146 -0.7239898790040583 -0.7908110864917482 0.05246675690836086 -0.8270808742417222 
409 -1 1.5047848311526186 1.3932748904827739 1.602847509803649 0.3089925651824169 1.5136946035181398 0.9558417442778674 1.7231453047566905 
410 1 -0.5253915410473944 -0.558976228485996 -0.3566887405913148 -0.7239898790040583 -0.7139942301580853 0.5944917493300648 -0.6854016420751438 
411 1 0.1157167870157676 0.6833653926759484 1.0356133320577385 -1.2404811010972958 -0.6371773738244224 1.31719173922567 0.0702209294799415 
412 1 -0.4185401530368674 -0.7364536029377023 -0.6145224577485469 -0.000902168073525652 -1.6742049343288719 -0.6702332329872444 -1.8660619101299645 
413 -1 -0.0979859890052864 -0.2040214795825833 -0.3051219971598684 -0.3107969013294682 0.20780804584586984 -1.031583227935047 0.7313906795906411 
414 -1 -0.20483737701581342 -0.8251922901635556 -0.6145224577485469 -0.10420041249217317 -0.521952089323928 -1.031583227935047 -0.4492695884641796 
415 -1 -0.6322429290579215 -0.7364536029377023 -0.4598222274542076 -0.10420041249217317 -0.6371773738244224 -1.2122582254089482 -0.49649599918637244 
416 -1 0.008865399005240597 0.06219458209497623 -0.20198851029697554 -0.41409514574811573 -1.021261655492737 0.7751667468039661 -1.157665749297072 
417 1 0.3294195630368216 0.5946267054500953 0.46837915431182786 0.5155890540197119 0.3998501866800272 1.4978667366995713 0.4008058045352913 
418 1 -1.9144595851842454 -1.9787952240996467 -2.2130915041233856 1.7551679870434822 -1.3285290808273889 -1.9349582153045535 -2.0549675530187357 
419 1 0.43627095104734864 0.7721040799018016 1.1387468189206313 0.4122908096010644 1.9745957415201172 1.31719173922567 3.0454848049780896 
420 -1 1.1842306671210376 0.5946267054500953 0.41681241088038146 -0.8272881234227057 -1.0596700836595685 -0.8509082304611457 -0.8270808742417222 
421 1 0.1157167870157676 0.4171493309983889 0.004278463428810141 2.2716592091367196 0.3230333303463642 -0.8509082304611457 0.2591265723687128 
422 -1 0.43627095104734864 0.32841064377253576 -0.047288280002636275 -0.000902168073525652 -0.3299099484897707 0.5944917493300648 -0.3075903562976011 
423 -1 -0.4185401530368674 -0.026544105130876943 -0.3566887405913148 1.1353785205315972 -1.021261655492737 -1.2122582254089482 -1.157665749297072 
424 -1 -0.20483737701581342 0.1509332693208294 0.31367892401748865 -0.10420041249217317 0.2846249021795328 0.23314175438226217 0.6841642688684483 
425 1 0.43627095104734864 0.5946267054500953 0.72621287146906 -0.5173933901667632 2.281863166854769 1.6785417341734725 1.817598126201076 
426 1 -1.2733512571210834 -1.091408351841115 -1.1817566354944575 -0.10420041249217317 -0.7524026583249168 -1.2122582254089482 -0.4492695884641796 
427 1 0.1157167870157676 0.1509332693208294 0.41681241088038146 -0.8272881234227057 0.16939961767903838 0.7751667468039661 0.21190016164651998 
428 1 -0.3116887650263404 -0.7364536029377023 -0.4082554840227612 -1.0338846122600007 0.8223428965151733 0.41381675185616346 0.6369378581462555 
429 1 0.6499737270684026 1.482013577708627 1.4481472795093098 2.0650627202994247 -0.6371773738244224 -0.8509082304611457 -1.4882506243524218 
430 1 0.008865399005240597 0.23967195654668258 0.5715126411747207 -0.6206916345854108 0.20780804584586984 1.1365167417517688 0.21190016164651998 
431 -1 1.2910820551315647 0.8608427671276548 0.5199458977432743 -0.9305863678413533 0.20780804584586984 -0.6702332329872444 0.9675227332016052 
432 1 -0.9527970930895024 -1.2688857262928215 -1.1817566354944575 -0.3107969013294682 -1.1364869399932314 -0.8509082304611457 -1.0159865171304936 
433 -1 6.313097291626334 5.8302092517754325 3.252983299609934 0.928782031694302 0.7839344683483418 0.7751667468039661 1.6759188940344976 
434 1 0.7568251150789297 0.5946267054500953 0.72621287146906 -0.000902168073525652 -1.0596700836595685 -0.30888323803944173 -0.9215336956861079 
435 1 0.8636765030894566 1.1270588288052144 1.4481472795093098 0.6188872984383594 1.3984693190176454 1.1365167417517688 0.8730699117572196 
436 1 -0.7390943170684484 -0.6477149157118491 -0.7176559446114397 1.0320802761129495 0.09258276134537545 0.05246675690836086 -0.590948820630758 
437 1 0.5431223390578757 -0.47023754126014283 -0.20198851029697554 -0.2074986569108207 -1.174895368160063 0.23314175438226217 -1.4882506243524218 
438 -1 0.43627095104734864 -0.026544105130876943 -0.1504217668655291 -0.8272881234227057 -1.174895368160063 -0.30888323803944173 -0.6854016420751438 
439 -1 -0.9527970930895024 -1.0026696646152617 -0.9754896617686718 1.1353785205315972 -0.13786780765561335 0.23314175438226217 -0.590948820630758 
440 -1 0.43627095104734864 0.5946267054500953 0.6230793846061672 0.2056943207637694 -0.3299099484897707 -0.6702332329872444 0.11744734020213432 
441 -1 0.008865399005240597 -0.026544105130876943 -0.4082554840227612 -1.1371828566786484 -0.3299099484897707 0.41381675185616346 -0.024231891964444155 
442 1 -0.6322429290579215 -0.6477149157118491 -0.3051219971598684 -0.2074986569108207 0.015765905011712524 -0.8509082304611457 -0.3075903562976011 
443 1 0.7568251150789297 0.8608427671276548 1.2418803057835242 -0.5173933901667632 0.9759766091824992 1.31719173922567 1.1564283760903764 
444 -1 0.7568251150789297 0.5946267054500953 0.5199458977432743 -0.41409514574811573 -0.4451352329902651 0.05246675690836086 -0.024231891964444155 
445 1 0.3294195630368216 0.5058880182242421 0.9324798451948456 -0.10420041249217317 0.630300755681016 0.05246675690836086 0.6841642688684483 
446 -1 -1.4870540331421376 -1.8013178496479405 -1.6974240698089216 -0.8272881234227057 -1.8278386469961978 -1.2122582254089482 -1.6299298565190004 
447 1 -0.0979859890052864 0.1509332693208294 0.5715126411747207 -0.2074986569108207 -0.02264252315511894 1.31719173922567 0.4008058045352913 
448 1 -0.7390943170684484 -0.6477149157118491 -0.4598222274542076 -1.5503758343532383 -0.9444447991590741 1.31719173922567 -0.638175231352951 
449 -1 1.0773792791105106 1.038320141579361 0.6230793846061672 -0.9305863678413533 0.13099118951220692 -0.48955823551334304 0.9202963224794124 
450 -1 0.9705278910999836 0.5946267054500953 -0.1504217668655291 0.3089925651824169 -1.1364869399932314 -1.031583227935047 -1.1104393385748792 
451 -1 -0.5253915410473944 -1.2688857262928215 -0.9239229183372254 -0.8272881234227057 -1.4437543653278833 -0.6702332329872444 -0.9215336956861079 
452 -1 0.7568251150789297 0.6833653926759484 0.8293463583319528 -1.0338846122600007 -0.25309309215610776 0.5944917493300648 0.0702209294799415 
453 1 0.43627095104734864 0.6833653926759484 0.8809131017633992 0.3089925651824169 2.013004169686949 1.31719173922567 1.6759188940344976 
454 1 -0.20483737701581342 -0.3814988540342896 -0.1504217668655291 -0.000902168073525652 0.3230333303463642 0.9558417442778674 0.02299451875774867 
455 1 -0.6322429290579215 -0.47023754126014283 -0.5629557143171005 0.5155890540197119 -1.0980785118264 -0.6702332329872444 -1.8188354994077716 
456 1 0.7568251150789297 1.038320141579361 1.1903135623520777 0.10239607634512186 1.9361873133532859 1.4978667366995713 1.6286924833123049 
457 -1 0.43627095104734864 0.5058880182242421 0.26211218058604224 0.5155890540197119 0.09258276134537545 -0.6702332329872444 0.2591265723687128 
