id label data 
0 -1 0.3451913667591059 -0.10279156433971566 -0.29537130664621436 -0.7243059553259565 -0.11524006540634098 -0.8650285543959132 0.13406096222214858 
1 1 0.13053061187021212 0.3438738670415939 0.5406584095003512 0.6758621154567542 0.314818786087842 1.3617615790747886 0.467497304257996 
2 -1 0.7745128765368934 0.8798723846991653 0.8019176957961528 0.24504117060053554 0.744877637582025 0.8050640457071131 1.5630738566614946 
3 -1 -0.08413014301868164 -0.19212465061597755 -0.556630592942016 0.24504117060053554 -0.8580689907144752 -1.050594398851805 -0.48517795870156805 
4 1 -1.4794250497964911 -1.8894532898649539 -1.5494158808660625 -0.8320111915400112 -1.6399941752493534 -0.6794627099400213 -1.8665570899929358 
5 -1 0.023200234425765232 -0.013458478063453756 0.3839028377228701 -0.18577977425568318 1.2922252667564396 0.6194982012512212 1.1820037514776691 
6 -1 -0.2987908979075754 -0.5494569957210252 -0.7133861647194971 -1.8013583174665033 -2.1091492859702803 -0.8650285543959132 -1.9141908531409142 
7 1 0.6671824990924465 1.0585385572516892 1.1676806966102753 -0.18577977425568318 1.3313215259831837 1.1761957346188967 1.3249050409216037 
8 1 -2.0160769370187257 -2.0681194624174775 -2.1764381679759865 2.1837354224535197 -0.936261509167963 -1.7928577766753722 -1.7712895636969794 
9 -1 1.096504008870234 0.6118731258703796 0.4361546949820304 -0.8320111915400112 -0.936261509167963 -0.3083310210282378 -0.6280792481455026 
10 1 1.096504008870234 1.0585385572516892 1.4811918401652373 -0.0780745380416285 1.604995340570391 0.9906298901630048 1.5154400935135164 
11 -1 -0.19146052046312853 -0.19212465061597755 0.2793991232045494 0.8912725878848636 0.5103000822215615 -1.4217260877635887 0.943834935737778 
12 -1 -0.19146052046312853 -0.6387900819972872 -0.6611343074603367 -1.909063553680558 -1.2881278422086582 -0.6794627099400213 -1.0567831164773065 
13 -1 0.13053061187021212 -0.37079082316850137 -0.6088824502011764 -1.3705373726102847 -1.4054166198888898 0.24836651233943766 -0.723346774441459 
14 1 -1.8014161821298318 -2.1574525486937395 -2.0196825961985057 0.35274640681459024 -1.0144540276214509 -0.8650285543959132 -1.7236558005490012 
15 -1 1.955147028425809 1.5945370749092607 0.9586732675736338 -0.5088954828978473 -0.3889138799935483 -0.6794627099400213 0.1816947253701268 
16 1 0.3451913667591059 0.254540780765332 0.2271472659453891 -0.29348501046973785 1.2922252667564396 1.1761957346188967 0.7532998831458653 
17 1 -0.8354427851298099 -0.9067893408260728 -0.243119449387054 -2.7707054433929956 -1.1317428053016825 1.732893267986572 -0.34227666925763345 
18 -1 0.3451913667591059 -0.10279156433971566 -0.29537130664621436 -0.0780745380416285 -0.3107213615400605 -1.050594398851805 0.229328488518105 
19 -1 -0.19146052046312853 0.3438738670415939 -0.3476231639053747 0.029630698172426178 -0.11524006540634098 0.06280066788354585 0.03879343592619219 
20 1 -1.1574339174631505 -0.9961224271023347 -1.4971640236069022 0.4604516430286449 -1.796379212156329 -1.2361602433076968 -2.0094583794368703 
21 1 1.4184951412035747 2.4878679376718797 3.2055031297175285 2.9376720759519026 3.4034232650006104 1.3617615790747886 2.3252140670291457 
22 -1 1.5258255186480216 2.130535592566832 2.317221556311803 1.7529144775973011 1.174936489076208 0.4339323567953295 1.134369988329691 
23 -1 0.45252174420355273 -0.19212465061597755 -0.13861573486873333 0.029630698172426178 0.9012626744890005 0.4339323567953295 1.134369988329691 
24 -1 0.8818432539813403 1.147871643527951 0.6974139812778322 0.029630698172426178 0.15843374918086636 0.06280066788354585 0.8485674094418216 
25 -1 0.7745128765368934 0.43320695331785575 0.2271472659453891 -0.5088954828978473 0.5884926006750494 -0.8650285543959132 1.2772712777736255 
26 1 -0.19146052046312853 0.07587460821280816 0.5406584095003512 -0.8320111915400112 0.23662626763435418 0.9906298901630048 -0.10410785351774242 
27 1 0.6671824990924465 1.4158709023567368 1.3766881256469166 1.106683060312973 0.3539150453145859 2.1040249568983556 0.3245960148140614 
28 -1 0.3451913667591059 -0.013458478063453756 -0.3476231639053747 -2.0167687898946127 -1.2490315829819143 -0.12276517657234595 -0.723346774441459 
29 -1 1.8478166509813623 1.5052039886329986 0.9586732675736338 -0.29348501046973785 0.23662626763435418 -0.6794627099400213 0.705666119997887 
30 -1 0.7745128765368934 0.7012062121466415 0.5929102667595114 0.5681568792426995 0.9012626744890005 -0.6794627099400213 0.8962011725897998 
31 1 -0.8354427851298099 -0.9067893408260728 -0.9223935937561384 -0.9397164277540659 -0.7016839538074996 -0.12276517657234595 -0.6757130112934808 
32 1 2.062477405870256 1.5052039886329986 0.4884065522411908 0.8912725878848636 -0.5452989169005239 -1.2361602433076968 -0.10410785351774242 
33 1 1.203834386314681 1.4158709023567368 1.6901992692018786 0.7835673516708089 2.1914392289715496 1.732893267986572 1.7059751461054293 
34 1 -0.19146052046312853 -0.19212465061597755 -0.13861573486873333 0.7835673516708089 1.7613803774773664 1.1761957346188967 0.467497304257996 
35 -1 0.237860989314659 0.3438738670415939 0.4884065522411908 0.5681568792426995 -0.5843951761272679 -0.8650285543959132 -0.5328117218495463 
36 1 -0.620782030240916 -0.7281231682735491 -0.6611343074603367 -0.18577977425568318 0.8230701560355128 0.6194982012512212 0.229328488518105 
37 -1 0.13053061187021212 -0.013458478063453756 -0.29537130664621436 -0.0780745380416285 -0.3889138799935483 -0.8650285543959132 -0.24700914296167703 
38 1 -1.1574339174631505 -0.9067893408260728 -1.0791491655336194 1.2143882965270276 -0.5843951761272679 -0.12276517657234595 -1.0567831164773065 
39 1 0.023200234425765232 0.43320695331785575 0.5929102667595114 1.429798768955137 2.2305354881982935 1.3617615790747886 1.6107076198094727 
40 -1 0.5598521216479997 0.16520769448907005 0.3316509804637098 -0.5088954828978473 -0.7016839538074996 -0.6794627099400213 -0.10410785351774242 
41 -1 1.203834386314681 0.5225400395941177 0.3316509804637098 -1.1551269001821753 -0.5843951761272679 -1.6072919322194805 -0.05647409036976422 
42 1 -1.3720946723520442 -1.4427878584836442 -1.601667738125223 0.8912725878848636 1.565899081343647 -0.3083310210282378 -1.390219458513154 
43 1 -0.2987908979075754 0.3438738670415939 -0.29537130664621436 -0.5088954828978473 -0.7016839538074996 0.9906298901630048 -0.723346774441459 
44 1 -1.8014161821298318 -1.8001202035886918 -1.4449121663477418 0.24504117060053554 -0.6234914353540117 -1.6072919322194805 -1.5807545111050667 
45 -1 0.6671824990924465 0.7012062121466415 0.4361546949820304 -0.18577977425568318 -0.07614380617959707 -0.4938968654841296 0.13406096222214858 
46 -1 -0.4061212753520223 -0.4601239094447633 -0.5043787356828557 0.4604516430286449 0.314818786087842 -1.050594398851805 0.3722297779620396 
47 -1 0.6671824990924465 0.3438738670415939 0.3316509804637098 -0.8320111915400112 -0.50620265767378 -0.8650285543959132 -0.05647409036976422 
48 -1 1.3111647637591277 0.6118731258703796 0.2793991232045494 -2.339884498536777 -1.0535502868481947 1.1761957346188967 -0.4375441955535898 
49 -1 -1.2647642949075975 -1.5321209447599062 -1.4971640236069022 -2.663000207178941 -1.8354754713830728 -1.2361602433076968 -1.4378532216611322 
50 -1 -0.620782030240916 -0.37079082316850137 -0.08636387760957297 -1.0474216639681206 0.8230701560355128 -0.6794627099400213 1.6107076198094727 
51 1 -0.08413014301868164 -0.37079082316850137 -0.03411202035041263 0.6758621154567542 2.3087280066517812 0.24836651233943766 1.7536089092534075 
52 1 -1.6940858046853848 -1.1747885996548586 -1.4449121663477418 0.9989778240989183 -0.11524006540634098 -1.050594398851805 -1.0567831164773065 
53 1 0.13053061187021212 0.43320695331785575 0.7496658385369925 0.13733593438648087 1.0576477113959761 0.4339323567953295 0.7532998831458653 
54 1 -1.2647642949075975 -1.1747885996548586 -1.026897308274459 -0.40119024668379255 0.4321075637680737 -1.6072919322194805 -0.34227666925763345 
55 -1 1.096504008870234 0.9692054709754272 0.7496658385369925 -0.7243059553259565 -0.3889138799935483 -0.6794627099400213 0.229328488518105 
56 -1 -0.4061212753520223 -0.4601239094447633 -0.13861573486873333 -0.29348501046973785 0.6275888599017933 -1.4217260877635887 1.5630738566614946 
57 -1 0.13053061187021212 0.16520769448907005 0.3839028377228701 -0.18577977425568318 -0.11524006540634098 0.06280066788354585 0.467497304257996 
58 1 -0.620782030240916 -0.5494569957210252 -0.6088824502011764 0.7835673516708089 0.7839738968087688 0.4339323567953295 0.03879343592619219 
59 1 -1.6940858046853848 -1.4427878584836442 -1.8106751671618642 1.8606197138113558 -0.6234914353540117 -0.6794627099400213 -1.4378532216611322 
60 1 -0.19146052046312853 0.07587460821280816 0.2793991232045494 0.4604516430286449 0.7839738968087688 -1.2361602433076968 0.467497304257996 
61 -1 -0.9427731625742567 -0.9961224271023347 -0.8178898792378178 -0.29348501046973785 -0.8580689907144752 -1.2361602433076968 -0.6280792481455026 
62 1 1.7404862735369153 1.8625363337380463 2.317221556311803 0.9989778240989183 1.565899081343647 0.06280066788354585 1.42017256721756 
63 1 -0.9427731625742567 -0.6387900819972872 -0.8178898792378178 1.2143882965270276 0.15843374918086636 0.06280066788354585 -0.2946429061096552 
64 -1 0.3451913667591059 -0.013458478063453756 -0.399875021164535 -0.9397164277540659 -2.0309567675167925 -1.6072919322194805 -1.7236558005490012 
65 1 0.023200234425765232 0.07587460821280816 -0.13861573486873333 0.6758621154567542 1.0967439706227202 0.6194982012512212 0.5151310674059743 
66 -1 -0.4061212753520223 -0.6387900819972872 -0.6611343074603367 -0.18577977425568318 -0.4671063984470361 -1.050594398851805 0.1816947253701268 
67 -1 0.7745128765368934 0.6118731258703796 0.2271472659453891 -1.5859478450383941 -0.42801013922029224 0.06280066788354585 0.08642719907417039 
68 -1 -0.7281124076853629 -0.28145773689223946 -0.29537130664621436 -0.29348501046973785 -0.2325288430865727 -1.6072919322194805 0.6103985937019306 
69 1 0.45252174420355273 0.7905392984229034 0.9586732675736338 0.5681568792426995 1.565899081343647 1.1761957346188967 1.0867362251817125 
70 -1 0.237860989314659 0.43320695331785575 1.5334436974243977 -0.18577977425568318 1.2140327483029518 0.6194982012512212 2.2299465407331893 
71 -1 0.237860989314659 0.07587460821280816 0.17489540868622874 0.029630698172426178 -1.0144540276214509 -0.6794627099400213 -0.9138818270333718 
72 -1 2.169807783314703 1.6838701611855225 1.3766881256469166 -1.26283213639623 -0.19343258385982878 -0.3083310210282378 0.467497304257996 
73 -1 -0.19146052046312853 0.254540780765332 0.3839028377228701 0.13733593438648087 -0.3889138799935483 0.4339323567953295 -0.008840327221786017 
74 -1 -0.8354427851298099 -0.9067893408260728 -0.8701417364969781 -0.7243059553259565 -0.11524006540634098 -1.4217260877635887 0.5627648305539524 
75 -1 0.13053061187021212 -0.10279156433971566 0.01813983690874771 0.35274640681459024 -0.07614380617959707 -0.12276517657234595 0.1816947253701268 
76 1 -0.5134516527964692 -0.19212465061597755 0.01813983690874771 0.8912725878848636 -0.2325288430865727 0.9906298901630048 -0.5804454849975245 
77 1 0.3451913667591059 0.43320695331785575 1.115428839351115 -0.7243059553259565 0.19753000840761026 2.660722490266031 0.3245960148140614 
78 1 -0.19146052046312853 0.16520769448907005 0.01813983690874771 2.076030186239465 0.8621664152622567 1.918459112442464 0.13406096222214858 
79 -1 0.023200234425765232 0.254540780765332 0.1226435514270684 -0.18577977425568318 -0.2325288430865727 0.06280066788354585 -0.008840327221786017 
80 1 0.237860989314659 0.3438738670415939 0.4884065522411908 0.7835673516708089 1.3704177852099275 1.5473274235306804 0.6580323568499088 
81 -1 0.13053061187021212 0.3438738670415939 0.17489540868622874 0.8912725878848636 0.8621664152622567 -0.4938968654841296 0.5151310674059743 
82 1 0.237860989314659 -0.19212465061597755 0.2271472659453891 -0.29348501046973785 1.6831878590238787 0.6194982012512212 1.134369988329691 
83 1 -1.2647642949075975 -0.4601239094447633 -0.6088824502011764 0.6758621154567542 0.744877637582025 -0.12276517657234595 -0.1517416166657206 
84 1 -0.9427731625742567 -0.7281231682735491 -0.45212687842369537 -1.1551269001821753 -0.5843951761272679 0.9906298901630048 -0.5328117218495463 
85 1 -0.08413014301868164 0.07587460821280816 0.3839028377228701 -2.0167687898946127 -0.8580689907144752 1.732893267986572 -0.34227666925763345 
86 -1 -0.7281124076853629 -0.28145773689223946 0.1226435514270684 0.24504117060053554 -0.5843951761272679 -1.050594398851805 -0.24700914296167703 
87 1 0.5598521216479997 0.3438738670415939 0.5406584095003512 0.35274640681459024 1.4486103036634153 2.1040249568983556 0.705666119997887 
88 -1 0.5598521216479997 0.7012062121466415 0.2793991232045494 0.5681568792426995 -0.4671063984470361 0.24836651233943766 -0.5804454849975245 
89 1 -1.2647642949075975 -1.5321209447599062 -1.4971640236069022 -0.18577977425568318 0.4712038229948176 0.06280066788354585 0.6580323568499088 
90 -1 0.7745128765368934 0.6118731258703796 0.3316509804637098 0.029630698172426178 -0.19343258385982878 -0.8650285543959132 -0.10410785351774242 
91 -1 1.8478166509813623 1.3265378160804748 1.115428839351115 0.35274640681459024 -0.07614380617959707 -0.6794627099400213 0.3722297779620396 
92 -1 0.237860989314659 -0.19212465061597755 -0.19086759212789364 -1.1551269001821753 -0.1543363246330849 -0.6794627099400213 0.2769622516660832 
93 1 0.7745128765368934 0.7905392984229034 1.115428839351115 0.6758621154567542 1.8786691551575982 1.732893267986572 1.5630738566614946 
94 1 0.6671824990924465 0.7012062121466415 1.2199325538694354 -0.5088954828978473 1.2922252667564396 1.732893267986572 1.5630738566614946 
95 -1 1.3111647637591277 0.8798723846991653 1.0631769820919545 -0.5088954828978473 -0.2325288430865727 -0.12276517657234595 0.3722297779620396 
96 -1 0.45252174420355273 0.5225400395941177 0.2271472659453891 0.6758621154567542 0.15843374918086636 -0.4938968654841296 -0.5328117218495463 
97 -1 -0.08413014301868164 -0.013458478063453756 0.07039169416790805 -0.18577977425568318 0.8230701560355128 0.6194982012512212 0.7532998831458653 
98 1 -0.8354427851298099 -1.1747885996548586 -1.1314010227927798 -0.40119024668379255 0.3539150453145859 -0.12276517657234595 -0.1517416166657206 
99 -1 -0.08413014301868164 0.07587460821280816 0.1226435514270684 0.13733593438648087 -0.19343258385982878 1.5473274235306804 0.03879343592619219 
100 -1 -1.1574339174631505 -0.9961224271023347 -0.9223935937561384 0.6758621154567542 -0.4671063984470361 -0.6794627099400213 -0.6757130112934808 
101 -1 1.096504008870234 0.7012062121466415 0.3316509804637098 -1.1551269001821753 -0.3889138799935483 0.06280066788354585 -0.10410785351774242 
102 -1 -0.08413014301868164 -0.013458478063453756 0.01813983690874771 0.029630698172426178 0.08024123072737856 -0.4938968654841296 0.3722297779620396 
103 1 -0.8354427851298099 -0.37079082316850137 -0.5043787356828557 2.6145563673097385 0.5103000822215615 0.8050640457071131 -0.24700914296167703 
104 1 -1.3720946723520442 -1.2641216859311204 -1.3926603090885814 1.106683060312973 -0.7407802130342435 -0.4938968654841296 -0.9138818270333718 
105 -1 0.5598521216479997 0.6118731258703796 0.8541695530553132 0.13733593438648087 1.0576477113959761 1.3617615790747886 1.5630738566614946 
106 -1 1.8478166509813623 1.6838701611855225 1.3766881256469166 -0.29348501046973785 0.314818786087842 -0.6794627099400213 0.7532998831458653 
107 -1 -0.4061212753520223 -0.19212465061597755 0.2271472659453891 -0.18577977425568318 0.7057813783552811 0.24836651233943766 0.705666119997887 
108 1 0.237860989314659 0.9692054709754272 1.3244362683877562 1.429798768955137 2.2696317474250374 0.6194982012512212 1.3249050409216037 
109 1 -1.6940858046853848 -1.8001202035886918 -2.0196825961985057 0.35274640681459024 -1.4836091383423777 -1.6072919322194805 -2.0094583794368703 
110 1 0.3451913667591059 0.43320695331785575 0.4361546949820304 0.5681568792426995 1.2140327483029518 0.8050640457071131 0.943834935737778 
111 1 -0.9427731625742567 -0.9067893408260728 -1.1836528800519401 0.24504117060053554 -0.11524006540634098 -0.8650285543959132 -0.24700914296167703 
112 1 0.5598521216479997 1.147871643527951 1.115428839351115 0.9989778240989183 0.23662626763435418 1.5473274235306804 0.03879343592619219 
113 1 0.45252174420355273 0.43320695331785575 0.5406584095003512 0.35274640681459024 0.4321075637680737 1.1761957346188967 0.3722297779620396 
114 1 0.45252174420355273 0.43320695331785575 0.7496658385369925 0.5681568792426995 2.1914392289715496 1.3617615790747886 1.5154400935135164 
115 -1 0.023200234425765232 -0.10279156433971566 0.17489540868622874 -0.40119024668379255 1.0185514521692323 0.06280066788354585 0.9914686988857562 
116 -1 1.6331558960924684 0.6118731258703796 0.2793991232045494 -1.5859478450383941 -0.936261509167963 1.918459112442464 -0.48517795870156805 
117 -1 1.5258255186480216 1.6838701611855225 1.2199325538694354 -1.3705373726102847 -0.3889138799935483 0.06280066788354585 0.3245960148140614 
118 -1 0.023200234425765232 -0.4601239094447633 -0.556630592942016 -1.1551269001821753 0.314818786087842 -0.6794627099400213 0.8962011725897998 
119 1 0.6671824990924465 1.3265378160804748 1.5856955546835578 -0.0780745380416285 1.8786691551575982 2.1040249568983556 1.2296375146256473 
120 -1 -0.4061212753520223 -0.37079082316850137 -0.243119449387054 -0.7243059553259565 0.04114497150063465 -0.12276517657234595 -0.1517416166657206 
121 -1 0.8818432539813403 0.5225400395941177 0.3839028377228701 -0.616600719111902 -0.42801013922029224 -0.6794627099400213 -0.008840327221786017 
122 1 -0.8354427851298099 -0.4601239094447633 -0.03411202035041263 -2.339884498536777 -1.2490315829819143 1.1761957346188967 -0.6280792481455026 
123 1 0.3451913667591059 0.254540780765332 0.4361546949820304 0.4604516430286449 0.3930113045413298 1.3617615790747886 -0.19937537981369882 
124 1 -0.620782030240916 -0.4601239094447633 -0.29537130664621436 0.6758621154567542 0.9794551929424884 0.4339323567953295 0.4198635411100178 
125 1 -1.0501035400187035 -1.5321209447599062 -1.3926603090885814 0.24504117060053554 -0.42801013922029224 -1.2361602433076968 -1.1520506427732629 
126 -1 0.023200234425765232 -0.28145773689223946 -0.399875021164535 -1.3705373726102847 -1.1317428053016825 -0.4938968654841296 -0.7709805375894373 
127 -1 1.096504008870234 0.7012062121466415 0.9064214103144735 -0.616600719111902 0.15843374918086636 -1.050594398851805 0.5151310674059743 
128 1 -0.4061212753520223 -0.37079082316850137 -0.29537130664621436 -2.0167687898946127 -0.7016839538074996 1.3617615790747886 -0.1517416166657206 
129 1 -1.586755427240938 -1.3534547722073824 -1.5494158808660625 1.429798768955137 -0.9753577683947069 -1.6072919322194805 -1.7712895636969794 
130 1 -1.8014161821298318 -1.71078711731243 -1.8106751671618642 0.7835673516708089 -0.8580689907144752 -0.3083310210282378 -1.5807545111050667 
131 -1 1.8478166509813623 1.951869420014308 2.0037104127568406 0.6758621154567542 1.9177654143843421 -0.6794627099400213 1.9917777249932984 
132 1 0.023200234425765232 0.43320695331785575 0.4884065522411908 0.4604516430286449 0.3930113045413298 0.24836651233943766 0.5627648305539524 
133 -1 -0.19146052046312853 0.07587460821280816 -0.08636387760957297 -0.0780745380416285 -0.11524006540634098 -0.3083310210282378 -0.24700914296167703 
134 1 -1.0501035400187035 -1.8001202035886918 -1.7584233099027038 -0.18577977425568318 -1.2881278422086582 -1.7928577766753722 -1.2949519322171974 
135 1 0.237860989314659 0.16520769448907005 0.2271472659453891 0.24504117060053554 1.565899081343647 0.24836651233943766 1.0867362251817125 
136 1 0.9891736314257872 1.0585385572516892 1.5856955546835578 1.106683060312973 1.6831878590238787 1.5473274235306804 1.134369988329691 
137 1 -2.123407314463172 -2.1574525486937395 -2.228690025235147 -0.29348501046973785 -1.0535502868481947 -2.3495553100430477 -1.676022037401023 
138 -1 0.3451913667591059 0.16520769448907005 0.6974139812778322 -0.616600719111902 0.6275888599017933 -1.050594398851805 1.6583413829574511 
139 1 -0.19146052046312853 -0.013458478063453756 0.5406584095003512 -2.0167687898946127 -0.6234914353540117 1.3617615790747886 0.2769622516660832 
140 -1 0.13053061187021212 -0.013458478063453756 0.3316509804637098 -0.616600719111902 0.04114497150063465 -0.12276517657234595 0.03879343592619219 
141 1 -1.2647642949075975 -0.9961224271023347 -1.2359047373111005 2.2914406586675744 -0.1543363246330849 -1.050594398851805 -0.5804454849975245 
142 1 -0.19146052046312853 -0.4601239094447633 -0.6611343074603367 -0.18577977425568318 -0.897165249941219 -0.8650285543959132 -0.48517795870156805 
143 1 -1.2647642949075975 -0.9961224271023347 -0.9746454510152988 1.6452092413832464 -0.50620265767378 0.24836651233943766 -1.199684405921241 
144 -1 4.101754577314747 4.631862008302165 4.146036560382415 2.6145563673097385 3.247038228093635 0.24836651233943766 3.9447620140604047 
145 1 1.3111647637591277 1.5052039886329986 1.8469548409793597 -0.18577977425568318 1.135840229849464 0.4339323567953295 2.3252140670291457 
146 1 0.237860989314659 0.6118731258703796 1.2721844111285958 1.8606197138113558 1.135840229849464 0.4339323567953295 0.1816947253701268 
147 -1 0.13053061187021212 0.16520769448907005 0.2271472659453891 -0.5088954828978473 1.0185514521692323 0.8050640457071131 0.8962011725897998 
148 1 -0.2987908979075754 0.07587460821280816 0.3839028377228701 -1.1551269001821753 -0.8189727314877313 0.9906298901630048 -0.2946429061096552 
149 1 1.203834386314681 1.6838701611855225 2.1082141272751613 1.6452092413832464 2.1523429697448058 1.5473274235306804 1.42017256721756 
150 1 -1.1574339174631505 -1.0854555133785966 -1.1314010227927798 0.5681568792426995 0.19753000840761026 -0.3083310210282378 -0.5328117218495463 
151 1 0.7745128765368934 1.3265378160804748 1.428939982906077 0.8912725878848636 1.8004766367041105 1.5473274235306804 1.2772712777736255 
152 1 -0.8354427851298099 -0.8174562545498109 -0.7133861647194971 -0.5088954828978473 -0.9753577683947069 1.3617615790747886 -0.8186143007374155 
153 -1 -0.08413014301868164 0.254540780765332 0.01813983690874771 1.106683060312973 0.5884926006750494 -1.050594398851805 0.5151310674059743 
154 1 -1.4794250497964911 -1.2641216859311204 -1.2881565945702609 0.7835673516708089 -0.6234914353540117 0.24836651233943766 -1.199684405921241 
155 -1 -0.5134516527964692 -0.6387900819972872 -0.556630592942016 -2.0167687898946127 -0.9753577683947069 -0.4938968654841296 -0.2946429061096552 
156 -1 0.237860989314659 0.254540780765332 -0.3476231639053747 0.35274640681459024 -0.7407802130342435 -0.4938968654841296 -0.5804454849975245 
157 1 -1.6940858046853848 -2.2467856349700015 -2.2809418824943073 0.6758621154567542 -1.0926465460749386 -1.6072919322194805 -1.676022037401023 
158 1 0.023200234425765232 0.6118731258703796 1.115428839351115 1.106683060312973 2.2305354881982935 1.1761957346188967 1.8012426724013857 
159 -1 0.9891736314257872 0.8798723846991653 0.9064214103144735 -0.5088954828978473 0.4321075637680737 -0.4938968654841296 0.6580323568499088 
160 1 -0.4061212753520223 -0.19212465061597755 -0.03411202035041263 -1.5859478450383941 0.8230701560355128 1.1761957346188967 1.3249050409216037 
161 1 -1.8014161821298318 -1.8894532898649539 -1.8629270244210245 0.5681568792426995 -1.9918605082900485 -1.2361602433076968 -2.1999934320287835 
162 -1 -0.19146052046312853 -0.37079082316850137 -0.6088824502011764 -0.40119024668379255 -0.7407802130342435 -0.4938968654841296 -0.9138818270333718 
163 1 -0.2987908979075754 -0.4601239094447633 -0.6088824502011764 1.5375040051691917 0.04114497150063465 -1.6072919322194805 -0.1517416166657206 
164 -1 0.8818432539813403 0.5225400395941177 0.2793991232045494 -1.4782426088243394 -0.6625876945807556 -1.050594398851805 0.08642719907417039 
165 1 -1.0501035400187035 -0.6387900819972872 -0.5043787356828557 0.029630698172426178 -1.1708390645284263 -0.8650285543959132 -1.390219458513154 
166 -1 2.062477405870256 1.951869420014308 1.6901992692018786 0.029630698172426178 0.6666851191285371 0.4339323567953295 0.9914686988857562 
167 1 -0.4061212753520223 -0.7281231682735491 -0.6611343074603367 -0.5088954828978473 -0.6625876945807556 0.8050640457071131 -0.9138818270333718 
168 1 0.5598521216479997 0.7905392984229034 1.2199325538694354 0.4604516430286449 1.8004766367041105 0.4339323567953295 1.0391024620337344 
169 1 -1.8014161821298318 -2.0681194624174775 -1.9674307389393453 0.5681568792426995 -1.0926465460749386 -1.050594398851805 -1.5331207479570885 
170 -1 -0.4061212753520223 -0.5494569957210252 -0.399875021164535 0.13733593438648087 0.3930113045413298 -1.4217260877635887 0.5627648305539524 
171 1 0.3451913667591059 0.9692054709754272 1.1676806966102753 0.5681568792426995 1.2140327483029518 0.8050640457071131 1.42017256721756 
172 -1 0.6671824990924465 0.43320695331785575 0.17489540868622874 -0.9397164277540659 -0.42801013922029224 -0.3083310210282378 -0.19937537981369882 
173 1 -0.4061212753520223 -0.6387900819972872 -0.6611343074603367 1.106683060312973 -0.3889138799935483 -0.6794627099400213 0.229328488518105 
174 1 0.237860989314659 0.5225400395941177 0.6451621240186718 -0.18577977425568318 0.5884926006750494 2.1040249568983556 0.9914686988857562 
175 -1 0.6671824990924465 0.5225400395941177 0.2271472659453891 0.029630698172426178 -0.7407802130342435 -0.4938968654841296 -0.38991043240561163 
176 1 1.203834386314681 1.3265378160804748 0.9586732675736338 -0.0780745380416285 0.3930113045413298 1.1761957346188967 0.4198635411100178 
177 -1 0.13053061187021212 0.3438738670415939 0.4884065522411908 -0.40119024668379255 -0.07614380617959707 0.4339323567953295 0.229328488518105 
178 -1 1.203834386314681 0.9692054709754272 1.115428839351115 -1.26283213639623 -0.2716251023133166 0.06280066788354585 0.705666119997887 
179 -1 -0.9427731625742567 -0.9067893408260728 -0.8701417364969781 -0.18577977425568318 -1.0535502868481947 -0.6794627099400213 -0.9138818270333718 
180 -1 -1.2647642949075975 -1.4427878584836442 -1.2359047373111005 -0.7243059553259565 -1.366320360662146 -0.8650285543959132 -1.2949519322171974 
181 -1 0.3451913667591059 0.3438738670415939 0.6974139812778322 0.13733593438648087 0.6275888599017933 -0.4938968654841296 1.42017256721756 
182 1 -1.8014161821298318 -1.9787863761412157 -2.0196825961985057 2.1837354224535197 -1.0144540276214509 -1.6072919322194805 -1.8665570899929358 
183 1 -2.123407314463172 -1.8894532898649539 -2.0196825961985057 1.7529144775973011 -1.2881278422086582 -0.4938968654841296 -1.9141908531409142 
184 1 -0.19146052046312853 -0.013458478063453756 0.5406584095003512 -1.6936530812524486 -0.7798764722609873 0.6194982012512212 -0.24700914296167703 
185 -1 -0.4061212753520223 -0.10279156433971566 0.17489540868622874 0.24504117060053554 1.2140327483029518 0.06280066788354585 0.7532998831458653 
186 -1 -0.08413014301868164 -0.10279156433971566 0.07039169416790805 -0.0780745380416285 0.5493963414483054 0.4339323567953295 0.3245960148140614 
187 -1 0.8818432539813403 0.7012062121466415 0.6451621240186718 -0.0780745380416285 -0.2325288430865727 -0.6794627099400213 0.3245960148140614 
188 -1 0.6671824990924465 0.7905392984229034 0.2271472659453891 -1.26283213639623 -0.5452989169005239 1.1761957346188967 -0.008840327221786017 
189 -1 2.7064596705369373 2.3092017651193557 1.742451126461039 -0.0780745380416285 -0.5452989169005239 -0.8650285543959132 -0.24700914296167703 
190 -1 0.023200234425765232 0.07587460821280816 0.01813983690874771 0.13733593438648087 -0.7016839538074996 -0.6794627099400213 -0.723346774441459 
191 1 -0.8354427851298099 -0.4601239094447633 -0.6088824502011764 1.3220935327410823 0.7057813783552811 -0.3083310210282378 -0.05647409036976422 
192 1 -0.9427731625742567 -0.5494569957210252 -0.6611343074603367 0.8912725878848636 0.3539150453145859 -1.2361602433076968 -0.4375441955535898 
193 -1 0.5598521216479997 0.5225400395941177 0.3316509804637098 -0.5088954828978473 -0.7407802130342435 -0.6794627099400213 -0.19937537981369882 
194 -1 0.5598521216479997 0.43320695331785575 0.3839028377228701 0.13733593438648087 0.314818786087842 -0.4938968654841296 0.5627648305539524 
195 -1 -1.3720946723520442 -1.2641216859311204 -1.3926603090885814 -0.18577977425568318 -0.897165249941219 -1.978423621131264 -1.0091493533293283 
196 1 -1.1574339174631505 -0.5494569957210252 -0.19086759212789364 -1.0474216639681206 -1.0535502868481947 1.918459112442464 -0.34227666925763345 
197 1 1.4184951412035747 1.6838701611855225 2.1604659845343215 0.9989778240989183 1.9177654143843421 0.8050640457071131 1.42017256721756 
198 -1 -0.08413014301868164 0.07587460821280816 0.2793991232045494 -0.616600719111902 -0.5843951761272679 0.6194982012512212 -0.2946429061096552 
199 -1 0.13053061187021212 -0.013458478063453756 0.5929102667595114 -0.8320111915400112 0.04114497150063465 0.06280066788354585 0.1816947253701268 
200 -1 0.7745128765368934 0.5225400395941177 0.17489540868622874 -0.0780745380416285 -0.19343258385982878 0.06280066788354585 -0.1517416166657206 
201 1 0.8818432539813403 1.0585385572516892 1.115428839351115 0.7835673516708089 2.4651130435587567 1.3617615790747886 1.7536089092534075 
202 1 -0.7281124076853629 -0.9961224271023347 -1.0791491655336194 0.4604516430286449 -0.8580689907144752 -1.050594398851805 -0.9138818270333718 
203 -1 -0.19146052046312853 -0.28145773689223946 -0.8178898792378178 2.6145563673097385 -0.037047546952853165 0.24836651233943766 -0.38991043240561163 
204 -1 2.921120425425831 2.04120250629057 1.3766881256469166 0.5681568792426995 0.5493963414483054 -0.8650285543959132 1.134369988329691 
205 1 -0.08413014301868164 -0.4601239094447633 -0.243119449387054 -1.0474216639681206 0.23662626763435418 0.6194982012512212 0.3722297779620396 
206 1 0.3451913667591059 0.3438738670415939 0.5406584095003512 -0.18577977425568318 1.2531290075296957 1.732893267986572 1.134369988329691 
207 -1 2.384468538203597 2.5772010239481413 2.0037104127568406 0.6758621154567542 0.7839738968087688 -0.12276517657234595 1.4678063303655382 
208 -1 0.6671824990924465 0.3438738670415939 0.3316509804637098 -0.8320111915400112 -0.50620265767378 -0.8650285543959132 -0.05647409036976422 
209 1 -1.3720946723520442 -1.0854555133785966 -1.026897308274459 -0.5088954828978473 -1.2490315829819143 -0.12276517657234595 -1.199684405921241 
210 -1 -1.0501035400187035 -0.8174562545498109 -0.8178898792378178 0.8912725878848636 -0.42801013922029224 -0.6794627099400213 -0.34227666925763345 
211 1 -0.7281124076853629 -0.4601239094447633 -0.08636387760957297 -2.4475897347508315 -1.5227053975691216 2.2895908013542474 -0.8662480638853937 
212 1 0.3451913667591059 0.5225400395941177 0.8541695530553132 0.24504117060053554 1.6440915997971348 1.918459112442464 1.1820037514776691 
213 1 0.7745128765368934 0.7012062121466415 0.9586732675736338 0.13733593438648087 0.5884926006750494 1.1761957346188967 0.229328488518105 
214 1 -1.4794250497964911 -1.0854555133785966 -1.5494158808660625 1.5375040051691917 -0.6234914353540117 -0.8650285543959132 -1.3425856953651756 
215 -1 -0.2987908979075754 -1.0854555133785966 -1.0791491655336194 -1.5859478450383941 -1.0926465460749386 -0.8650285543959132 -0.6757130112934808 
216 -1 1.3111647637591277 1.0585385572516892 0.9586732675736338 -0.5088954828978473 0.3539150453145859 0.4339323567953295 0.6580323568499088 
217 1 -1.1574339174631505 -1.0854555133785966 -1.4971640236069022 3.583903493236231 -0.3889138799935483 -1.4217260877635887 -1.3425856953651756 
218 -1 -0.5134516527964692 -0.8174562545498109 -0.6611343074603367 0.5681568792426995 -0.3498176207668044 0.06280066788354585 -0.8186143007374155 
219 1 0.45252174420355273 0.43320695331785575 0.8019176957961528 0.8912725878848636 2.426016784332013 2.1040249568983556 1.9441439618453202 
220 -1 0.237860989314659 -0.013458478063453756 0.01813983690874771 -0.29348501046973785 -0.6625876945807556 0.8050640457071131 -0.1517416166657206 
221 1 0.237860989314659 0.5225400395941177 0.3839028377228701 0.13733593438648087 -0.5843951761272679 0.8050640457071131 -0.9138818270333718 
222 1 -0.620782030240916 -0.10279156433971566 0.5406584095003512 -1.8013583174665033 -0.8580689907144752 2.2895908013542474 -0.008840327221786017 
223 1 0.237860989314659 0.16520769448907005 -0.8701417364969781 1.429798768955137 -0.11524006540634098 -1.6072919322194805 -0.05647409036976422 
224 -1 0.5598521216479997 0.43320695331785575 0.2271472659453891 -0.0780745380416285 -0.19343258385982878 -1.050594398851805 -0.4375441955535898 
225 1 0.023200234425765232 0.43320695331785575 0.8019176957961528 -1.5859478450383941 -0.6625876945807556 1.3617615790747886 0.1816947253701268 
226 1 0.023200234425765232 0.16520769448907005 0.4884065522411908 -0.40119024668379255 1.2531290075296957 1.732893267986572 1.2296375146256473 
227 1 1.3111647637591277 1.5945370749092607 1.428939982906077 1.9683249500254105 1.8004766367041105 1.918459112442464 0.943834935737778 
228 -1 0.237860989314659 0.16520769448907005 0.17489540868622874 -1.0474216639681206 0.3539150453145859 0.24836651233943766 0.467497304257996 
229 -1 0.5598521216479997 -0.013458478063453756 -0.243119449387054 -1.909063553680558 -1.2099353237551704 -0.6794627099400213 -0.48517795870156805 
230 -1 -0.620782030240916 -0.9067893408260728 -1.026897308274459 0.13733593438648087 -0.7016839538074996 -0.6794627099400213 -0.5804454849975245 
231 1 -2.0160769370187257 -2.1574525486937395 -2.1764381679759865 0.7835673516708089 -1.757282952929585 -1.978423621131264 -2.1999934320287835 
232 1 -0.2987908979075754 0.07587460821280816 0.1226435514270684 1.7529144775973011 1.6440915997971348 0.6194982012512212 0.8962011725897998 
233 -1 0.5598521216479997 0.7905392984229034 0.4884065522411908 -0.29348501046973785 -0.3498176207668044 -0.4938968654841296 -0.05647409036976422 
234 1 -1.6940858046853848 -1.8001202035886918 -2.1764381679759865 0.4604516430286449 -1.2099353237551704 -1.7928577766753722 -1.9141908531409142 
235 -1 -0.5134516527964692 -0.8174562545498109 -1.3926603090885814 -0.9397164277540659 -1.6008979160226093 -1.050594398851805 -1.2949519322171974 
236 -1 0.237860989314659 -0.013458478063453756 0.1226435514270684 -0.40119024668379255 -0.3107213615400605 -0.8650285543959132 0.13406096222214858 
237 -1 0.5598521216479997 0.16520769448907005 -0.03411202035041263 0.029630698172426178 0.11933748995412245 -0.3083310210282378 -0.10410785351774242 
238 1 -1.0501035400187035 -1.0854555133785966 -0.6611343074603367 0.4604516430286449 -0.5843951761272679 -0.4938968654841296 -1.0091493533293283 
239 1 0.5598521216479997 0.5225400395941177 0.6451621240186718 0.35274640681459024 1.8395728959308544 1.3617615790747886 1.6583413829574511 
240 1 -1.0501035400187035 -1.2641216859311204 -1.3404084518294213 -1.4782426088243394 -0.8189727314877313 0.06280066788354585 -0.723346774441459 
241 1 -0.4061212753520223 -0.4601239094447633 -0.45212687842369537 0.24504117060053554 0.6666851191285371 1.1761957346188967 0.6580323568499088 
242 1 -1.8014161821298318 -1.8001202035886918 -1.9674307389393453 2.9376720759519026 -0.4671063984470361 -1.2361602433076968 -1.676022037401023 
243 1 -1.586755427240938 -1.5321209447599062 -1.5494158808660625 1.7529144775973011 -0.6625876945807556 -1.050594398851805 -1.9141908531409142 
244 -1 -0.2987908979075754 -0.28145773689223946 -0.19086759212789364 0.5681568792426995 0.19753000840761026 0.06280066788354585 -0.19937537981369882 
245 -1 -0.7281124076853629 -0.6387900819972872 -0.7656380219786574 0.4604516430286449 -0.037047546952853165 0.4339323567953295 -0.5328117218495463 
246 -1 -0.5134516527964692 -0.37079082316850137 -0.13861573486873333 -0.29348501046973785 0.6275888599017933 -0.6794627099400213 0.229328488518105 
247 -1 0.6671824990924465 0.8798723846991653 0.6974139812778322 -0.29348501046973785 0.3539150453145859 1.1761957346188967 1.134369988329691 
248 -1 -0.08413014301868164 -0.37079082316850137 -0.45212687842369537 -1.5859478450383941 -0.897165249941219 -0.4938968654841296 -0.6757130112934808 
249 -1 1.203834386314681 1.3265378160804748 1.0631769820919545 1.6452092413832464 1.2922252667564396 0.06280066788354585 1.6583413829574511 
250 1 -0.2987908979075754 -0.28145773689223946 0.1226435514270684 -0.9397164277540659 -0.2716251023133166 2.1040249568983556 -0.2946429061096552 
251 -1 -0.08413014301868164 -0.28145773689223946 -0.3476231639053747 0.5681568792426995 -0.6234914353540117 -0.6794627099400213 -0.96151559018135 
252 1 -1.0501035400187035 -0.8174562545498109 -0.6611343074603367 -0.5088954828978473 -0.3498176207668044 0.8050640457071131 -0.24700914296167703 
253 1 0.5598521216479997 0.7905392984229034 0.9586732675736338 -0.18577977425568318 1.0967439706227202 1.732893267986572 1.42017256721756 
254 1 0.023200234425765232 0.3438738670415939 0.5929102667595114 0.029630698172426178 0.5493963414483054 -0.8650285543959132 0.467497304257996 
255 -1 0.8818432539813403 0.7905392984229034 0.6451621240186718 -0.5088954828978473 -0.19343258385982878 -0.4938968654841296 -0.1517416166657206 
256 1 -0.9427731625742567 -1.1747885996548586 -1.2359047373111005 0.24504117060053554 0.8230701560355128 -0.4938968654841296 -0.008840327221786017 
257 1 0.3451913667591059 0.3438738670415939 0.9586732675736338 0.6758621154567542 1.7613803774773664 1.3617615790747886 1.3249050409216037 
258 -1 0.023200234425765232 -0.10279156433971566 0.07039169416790805 0.029630698172426178 0.3539150453145859 -0.3083310210282378 0.5151310674059743 
259 -1 -0.620782030240916 -0.28145773689223946 -0.243119449387054 -0.18577977425568318 0.2757225268610981 -1.050594398851805 0.705666119997887 
260 1 -1.8014161821298318 -2.0681194624174775 -2.071934453457666 0.7835673516708089 -0.9753577683947069 -0.8650285543959132 -1.7236558005490012 
261 -1 -0.08413014301868164 -0.013458478063453756 0.01813983690874771 -1.26283213639623 -1.0535502868481947 -0.3083310210282378 -0.5328117218495463 
262 -1 0.7745128765368934 0.9692054709754272 0.5929102667595114 0.8912725878848636 -0.19343258385982878 -0.3083310210282378 -0.008840327221786017 
263 -1 0.3451913667591059 -0.013458478063453756 -0.243119449387054 -0.5088954828978473 -0.5843951761272679 -0.12276517657234595 -0.38991043240561163 
264 1 -1.9087465595742787 -2.0681194624174775 -2.071934453457666 0.35274640681459024 -1.4054166198888898 -1.6072919322194805 -1.7236558005490012 
265 1 -0.8354427851298099 -0.7281231682735491 -0.9746454510152988 1.429798768955137 0.23662626763435418 -0.12276517657234595 -0.96151559018135 
266 1 -0.2987908979075754 0.16520769448907005 0.3839028377228701 -0.40119024668379255 -0.3889138799935483 0.24836651233943766 -0.38991043240561163 
267 1 -0.4061212753520223 -0.013458478063453756 0.1226435514270684 0.9989778240989183 0.7057813783552811 -0.12276517657234595 0.08642719907417039 
268 -1 -0.19146052046312853 -0.28145773689223946 -0.6088824502011764 0.9989778240989183 0.04114497150063465 -1.2361602433076968 -0.5328117218495463 
269 1 -0.620782030240916 -0.4601239094447633 0.1226435514270684 -0.40119024668379255 0.314818786087842 -1.2361602433076968 0.467497304257996 
270 -1 -0.4061212753520223 -0.37079082316850137 -0.29537130664621436 -0.5088954828978473 -0.5843951761272679 1.1761957346188967 -0.8662480638853937 
271 -1 -0.19146052046312853 0.07587460821280816 0.1226435514270684 -0.0780745380416285 0.5884926006750494 0.24836651233943766 0.2769622516660832 
272 -1 0.13053061187021212 0.5225400395941177 0.1226435514270684 -0.8320111915400112 -0.8580689907144752 -0.6794627099400213 -0.2946429061096552 
273 -1 -0.08413014301868164 0.07587460821280816 -0.08636387760957297 -0.5088954828978473 -0.3107213615400605 -0.3083310210282378 -0.34227666925763345 
274 -1 0.3451913667591059 0.43320695331785575 0.5406584095003512 -0.5088954828978473 -0.2325288430865727 -0.4938968654841296 0.2769622516660832 
275 1 1.3111647637591277 1.8625363337380463 2.0037104127568406 0.24504117060053554 1.135840229849464 1.918459112442464 0.9914686988857562 
276 1 -0.19146052046312853 -0.4601239094447633 -0.08636387760957297 -0.616600719111902 1.174936489076208 0.8050640457071131 0.3722297779620396 
277 1 0.023200234425765232 0.43320695331785575 0.6974139812778322 0.7835673516708089 -1.4836091383423777 0.6194982012512212 -1.9141908531409142 
278 -1 1.3111647637591277 0.9692054709754272 0.8019176957961528 -0.29348501046973785 0.3930113045413298 -0.12276517657234595 0.8009336462938434 
279 -1 0.3451913667591059 -0.013458478063453756 -0.13861573486873333 -0.5088954828978473 -0.7407802130342435 0.4339323567953295 -0.2946429061096552 
280 1 -2.0160769370187257 -2.0681194624174775 -2.1764381679759865 -0.616600719111902 -1.5618016567958655 -0.8650285543959132 -2.0094583794368703 
281 -1 0.5598521216479997 -0.013458478063453756 -0.243119449387054 -1.909063553680558 -1.327224101435402 0.06280066788354585 -0.8662480638853937 
282 1 -0.08413014301868164 0.16520769448907005 0.6974139812778322 -0.5088954828978473 0.23662626763435418 2.2895908013542474 0.13406096222214858 
283 -1 -0.5134516527964692 -0.4601239094447633 -0.243119449387054 0.5681568792426995 0.0020487122738907407 0.06280066788354585 -0.2946429061096552 
284 -1 0.237860989314659 0.3438738670415939 0.07039169416790805 -0.29348501046973785 -0.3498176207668044 -0.3083310210282378 0.2769622516660832 
285 1 -1.3720946723520442 -1.2641216859311204 -1.1314010227927798 2.1837354224535197 -0.4671063984470361 -0.8650285543959132 -1.2949519322171974 
286 -1 0.9891736314257872 0.9692054709754272 1.115428839351115 0.029630698172426178 0.4712038229948176 -0.6794627099400213 1.2296375146256473 
287 1 0.8818432539813403 1.147871643527951 0.9586732675736338 0.029630698172426178 1.526802822116903 0.6194982012512212 1.5630738566614946 
288 1 -2.0160769370187257 -1.9787863761412157 -1.9674307389393453 0.8912725878848636 -0.8189727314877313 0.4339323567953295 -1.6283882742530449 
289 1 1.8478166509813623 2.6665341102244033 2.4739771280892837 0.9989778240989183 1.4877065628901591 0.4339323567953295 1.5630738566614946 
290 1 0.3451913667591059 0.5225400395941177 0.6974139812778322 0.13733593438648087 1.8786691551575982 1.3617615790747886 1.5154400935135164 
291 -1 1.955147028425809 1.5945370749092607 0.9586732675736338 0.35274640681459024 -0.2325288430865727 -0.3083310210282378 0.3245960148140614 
292 1 0.237860989314659 0.3438738670415939 0.6451621240186718 0.4604516430286449 2.2305354881982935 1.5473274235306804 1.7536089092534075 
293 1 -0.9427731625742567 -0.8174562545498109 -1.0791491655336194 -0.40119024668379255 -0.7798764722609873 -0.4938968654841296 -1.1520506427732629 
294 -1 -0.4061212753520223 -0.5494569957210252 -0.399875021164535 -0.7243059553259565 0.0020487122738907407 -0.6794627099400213 0.8485674094418216 
295 1 1.5258255186480216 -0.8174562545498109 -0.7656380219786574 0.5681568792426995 0.314818786087842 -0.3083310210282378 -0.10410785351774242 
296 1 -0.620782030240916 -0.8174562545498109 -1.3926603090885814 0.9989778240989183 -1.2099353237551704 -1.2361602433076968 -1.2473181690692192 
297 1 0.9891736314257872 1.147871643527951 1.6901992692018786 0.7835673516708089 1.9177654143843421 1.3617615790747886 1.0867362251817125 
298 -1 -0.2987908979075754 -0.4601239094447633 -0.8178898792378178 -0.8320111915400112 -1.0535502868481947 -0.6794627099400213 -0.8662480638853937 
299 -1 -1.4794250497964911 -1.1747885996548586 -1.6539195953843833 0.6758621154567542 -1.2099353237551704 -1.4217260877635887 -1.5807545111050667 
300 1 0.237860989314659 0.254540780765332 0.17489540868622874 0.13733593438648087 1.3313215259831837 0.06280066788354585 0.8485674094418216 
301 1 0.5598521216479997 0.5225400395941177 0.8019176957961528 0.029630698172426178 1.135840229849464 1.3617615790747886 1.0867362251817125 
302 -1 0.45252174420355273 0.7012062121466415 0.6451621240186718 0.5681568792426995 0.5103000822215615 -0.12276517657234595 0.1816947253701268 
303 1 2.7064596705369373 3.202532627881975 3.1009994151992077 0.6758621154567542 1.135840229849464 0.8050640457071131 1.8488764355493639 
304 1 -0.4061212753520223 -0.5494569957210252 -0.3476231639053747 0.7835673516708089 -0.6625876945807556 -1.4217260877635887 -0.05647409036976422 
305 1 -0.4061212753520223 -0.28145773689223946 -0.19086759212789364 -0.29348501046973785 -0.3107213615400605 0.4339323567953295 -0.5328117218495463 
306 1 0.6671824990924465 0.8798723846991653 1.2721844111285958 0.7835673516708089 3.207941968866891 1.732893267986572 2.4681153564730804 
307 1 0.13053061187021212 0.3438738670415939 0.3839028377228701 0.4604516430286449 0.9012626744890005 1.3617615790747886 0.5627648305539524 
308 1 0.3451913667591059 0.7905392984229034 0.5406584095003512 -0.9397164277540659 -0.936261509167963 0.24836651233943766 -0.4375441955535898 
309 1 -1.586755427240938 -1.71078711731243 -1.915178881680185 1.6452092413832464 -1.0144540276214509 -1.6072919322194805 -1.676022037401023 
310 -1 -0.620782030240916 -0.8174562545498109 -0.9746454510152988 -0.0780745380416285 -0.936261509167963 -0.8650285543959132 -0.6757130112934808 
311 1 -0.8354427851298099 -0.9961224271023347 -1.026897308274459 0.6758621154567542 0.3539150453145859 0.8050640457071131 -0.05647409036976422 
312 -1 -0.08413014301868164 -0.10279156433971566 -0.03411202035041263 -0.40119024668379255 -0.2716251023133166 0.24836651233943766 -0.5328117218495463 
313 -1 0.13053061187021212 0.6118731258703796 0.8541695530553132 0.9989778240989183 1.3704177852099275 -0.4938968654841296 2.087045251289255 
314 -1 -1.2647642949075975 -1.0854555133785966 -1.3926603090885814 1.5375040051691917 0.04114497150063465 -0.6794627099400213 -0.5328117218495463 
315 -1 0.9891736314257872 0.3438738670415939 0.3839028377228701 -2.1244740261086674 -1.0535502868481947 0.24836651233943766 -0.34227666925763345 
316 -1 -0.2987908979075754 -0.28145773689223946 -0.13861573486873333 -1.0474216639681206 -1.0926465460749386 0.06280066788354585 -0.7709805375894373 
317 1 -1.0501035400187035 -0.9961224271023347 -1.0791491655336194 0.35274640681459024 -0.42801013922029224 0.4339323567953295 -0.38991043240561163 
318 1 -1.1574339174631505 -1.0854555133785966 -1.0791491655336194 -0.616600719111902 -0.5843951761272679 -1.050594398851805 -0.8662480638853937 
319 1 -1.4794250497964911 -1.2641216859311204 -1.026897308274459 0.35274640681459024 -1.2099353237551704 -0.4938968654841296 -1.2473181690692192 
320 -1 1.096504008870234 0.5225400395941177 0.2793991232045494 -1.1551269001821753 -0.2325288430865727 0.24836651233943766 -0.2946429061096552 
321 -1 -0.4061212753520223 -0.19212465061597755 0.07039169416790805 0.13733593438648087 0.6666851191285371 1.1761957346188967 0.3722297779620396 
322 -1 -0.08413014301868164 -0.28145773689223946 -0.13861573486873333 -0.40119024668379255 0.15843374918086636 -0.3083310210282378 0.2769622516660832 
323 -1 0.3451913667591059 1.4158709023567368 2.6307326998667646 1.5375040051691917 2.9342681542796836 0.24836651233943766 4.182930829800296 
324 -1 -0.5134516527964692 -0.7281231682735491 -0.7133861647194971 -0.29348501046973785 -0.50620265767378 -1.6072919322194805 -0.10410785351774242 
325 -1 0.023200234425765232 0.16520769448907005 0.17489540868622874 -0.8320111915400112 0.15843374918086636 0.06280066788354585 0.467497304257996 
326 1 -0.19146052046312853 -0.19212465061597755 0.01813983690874771 -0.40119024668379255 -0.037047546952853165 0.06280066788354585 -0.24700914296167703 
327 -1 0.13053061187021212 -0.37079082316850137 -0.03411202035041263 -1.5859478450383941 -1.0926465460749386 0.06280066788354585 -0.6280792481455026 
328 -1 0.023200234425765232 0.07587460821280816 0.1226435514270684 -0.8320111915400112 -0.2716251023133166 -0.8650285543959132 0.2769622516660832 
329 -1 0.5598521216479997 -0.19212465061597755 -0.08636387760957297 -2.5552949709648862 -1.4445128791156339 -0.3083310210282378 -0.8186143007374155 
330 -1 0.3451913667591059 -0.10279156433971566 0.01813983690874771 -0.5088954828978473 -0.3107213615400605 -1.4217260877635887 -0.1517416166657206 
331 -1 0.023200234425765232 0.07587460821280816 0.07039169416790805 0.24504117060053554 0.19753000840761026 0.06280066788354585 -0.008840327221786017 
332 1 0.7745128765368934 0.43320695331785575 0.1226435514270684 0.4604516430286449 -0.6625876945807556 0.8050640457071131 -0.5328117218495463 
333 1 0.9891736314257872 1.6838701611855225 1.7947029837201993 0.13733593438648087 1.2531290075296957 1.732893267986572 1.0391024620337344 
334 -1 0.6671824990924465 0.8798723846991653 0.4361546949820304 1.2143882965270276 -0.3107213615400605 -1.050594398851805 -1.0091493533293283 
335 1 -0.2987908979075754 -0.19212465061597755 -0.03411202035041263 -0.8320111915400112 -0.7798764722609873 0.4339323567953295 -0.6280792481455026 
336 -1 -0.08413014301868164 -0.013458478063453756 0.01813983690874771 0.029630698172426178 0.08024123072737856 -0.4938968654841296 0.3722297779620396 
337 -1 0.023200234425765232 -0.013458478063453756 0.07039169416790805 -0.29348501046973785 0.2757225268610981 -0.12276517657234595 0.2769622516660832 
338 -1 0.237860989314659 0.07587460821280816 0.01813983690874771 -0.9397164277540659 -0.037047546952853165 -0.3083310210282378 -0.05647409036976422 
339 1 -0.4061212753520223 -0.013458478063453756 0.3839028377228701 -1.8013583174665033 -1.0926465460749386 1.1761957346188967 -0.38991043240561163 
340 1 -1.4794250497964911 -1.3534547722073824 -1.4971640236069022 0.4604516430286449 -1.0926465460749386 -0.12276517657234595 -1.5331207479570885 
341 1 -1.3720946723520442 -1.5321209447599062 -1.601667738125223 -0.5088954828978473 -0.07614380617959707 0.8050640457071131 -0.4375441955535898 
342 -1 -0.19146052046312853 -0.28145773689223946 -0.13861573486873333 0.6758621154567542 -0.07614380617959707 -0.6794627099400213 0.229328488518105 
343 1 -0.4061212753520223 -0.4601239094447633 -0.45212687842369537 0.35274640681459024 -0.3889138799935483 1.1761957346188967 -0.6280792481455026 
344 -1 0.7745128765368934 0.7905392984229034 0.4361546949820304 0.13733593438648087 0.15843374918086636 -0.6794627099400213 0.6103985937019306 
345 -1 -1.2647642949075975 -1.2641216859311204 -1.3926603090885814 -0.616600719111902 -1.366320360662146 -0.8650285543959132 -1.4378532216611322 
346 -1 -0.08413014301868164 -0.37079082316850137 -0.399875021164535 -0.9397164277540659 -1.366320360662146 -0.12276517657234595 -0.9138818270333718 
347 -1 0.45252174420355273 0.07587460821280816 -0.3476231639053747 2.2914406586675744 0.744877637582025 -1.4217260877635887 0.8009336462938434 
348 -1 -0.19146052046312853 -0.10279156433971566 0.8541695530553132 0.13733593438648087 1.135840229849464 -0.3083310210282378 1.896510198697342 
349 1 0.13053061187021212 0.07587460821280816 0.4884065522411908 -2.1244740261086674 -0.8189727314877313 1.3617615790747886 -0.008840327221786017 
350 -1 -0.620782030240916 -0.9067893408260728 -0.9223935937561384 -1.1551269001821753 -0.5843951761272679 -1.2361602433076968 -0.5804454849975245 
351 1 -1.1574339174631505 -0.8174562545498109 -0.7656380219786574 0.24504117060053554 -0.4671063984470361 0.6194982012512212 -0.8662480638853937 
352 -1 -0.2987908979075754 -0.19212465061597755 0.1226435514270684 -1.0474216639681206 -0.3889138799935483 -1.050594398851805 0.4198635411100178 
353 1 0.9891736314257872 1.6838701611855225 1.89920669823852 -0.40119024668379255 0.3930113045413298 1.1761957346188967 1.1820037514776691 
354 1 -0.8354427851298099 -1.2641216859311204 -1.0791491655336194 0.24504117060053554 0.314818786087842 -0.4938968654841296 0.3245960148140614 
355 -1 0.237860989314659 -0.013458478063453756 -0.13861573486873333 -0.9397164277540659 -0.7798764722609873 0.24836651233943766 -0.5328117218495463 
356 1 1.4184951412035747 0.9692054709754272 0.5929102667595114 -1.5859478450383941 -1.2099353237551704 1.1761957346188967 -0.5804454849975245 
357 -1 1.6331558960924684 1.4158709023567368 0.9064214103144735 -1.4782426088243394 -0.5452989169005239 -0.3083310210282378 -0.008840327221786017 
358 -1 0.45252174420355273 0.6118731258703796 0.4361546949820304 -0.29348501046973785 0.0020487122738907407 1.3617615790747886 0.3245960148140614 
359 1 -0.9427731625742567 -0.19212465061597755 -0.6611343074603367 1.5375040051691917 1.174936489076208 0.06280066788354585 1.2296375146256473 
360 -1 0.6671824990924465 0.43320695331785575 0.3316509804637098 0.5681568792426995 -0.42801013922029224 -0.4938968654841296 -0.10410785351774242 
361 -1 -0.620782030240916 -0.4601239094447633 -0.08636387760957297 -1.6936530812524486 -1.6008979160226093 0.24836651233943766 -1.1044168796252847 
362 1 -0.19146052046312853 -0.4601239094447633 -0.3476231639053747 -0.0780745380416285 0.0020487122738907407 -0.6794627099400213 -0.34227666925763345 
363 -1 0.3451913667591059 0.6118731258703796 0.17489540868622874 -0.5088954828978473 -0.2716251023133166 0.6194982012512212 0.3722297779620396 
364 -1 -1.2647642949075975 -1.1747885996548586 -1.3404084518294213 -0.9397164277540659 -1.6008979160226093 -1.6072919322194805 -1.4854869848091103 
365 -1 -0.5134516527964692 -0.4601239094447633 -0.3476231639053747 0.35274640681459024 -0.2325288430865727 -1.2361602433076968 -0.5328117218495463 
366 1 0.023200234425765232 0.16520769448907005 0.2271472659453891 -0.616600719111902 -0.07614380617959707 0.4339323567953295 0.6103985937019306 
367 1 -2.123407314463172 -1.9787863761412157 -2.071934453457666 -0.616600719111902 -1.366320360662146 -1.7928577766753722 -1.6283882742530449 
368 1 -1.8014161821298318 -1.8001202035886918 -1.8629270244210245 0.4604516430286449 -0.7407802130342435 1.1761957346188967 -1.7712895636969794 
369 -1 0.6671824990924465 0.43320695331785575 0.4361546949820304 -0.616600719111902 0.11933748995412245 -0.12276517657234595 0.3722297779620396 
370 -1 0.023200234425765232 -0.19212465061597755 -0.13861573486873333 -0.616600719111902 0.2757225268610981 0.24836651233943766 0.5627648305539524 
371 -1 -0.5134516527964692 -0.9961224271023347 -0.9746454510152988 -0.616600719111902 -1.0926465460749386 -0.3083310210282378 -1.0567831164773065 
372 1 -0.08413014301868164 0.07587460821280816 -0.08636387760957297 1.6452092413832464 0.7057813783552811 -0.8650285543959132 -0.10410785351774242 
373 1 -0.4061212753520223 -0.37079082316850137 -0.5043787356828557 1.2143882965270276 1.2140327483029518 0.6194982012512212 0.467497304257996 
374 -1 0.6671824990924465 0.16520769448907005 0.2271472659453891 -0.9397164277540659 -0.936261509167963 0.24836651233943766 -0.4375441955535898 
375 -1 0.3451913667591059 0.3438738670415939 0.1226435514270684 -0.0780745380416285 0.0020487122738907407 0.06280066788354585 0.2769622516660832 
376 -1 -0.08413014301868164 -0.37079082316850137 -0.03411202035041263 0.24504117060053554 -0.3889138799935483 0.06280066788354585 -0.38991043240561163 
377 1 -1.586755427240938 -1.8001202035886918 -1.7584233099027038 -1.1551269001821753 -1.5227053975691216 -1.4217260877635887 -1.7236558005490012 
378 1 -0.4061212753520223 -0.37079082316850137 -0.29537130664621436 0.13733593438648087 0.19753000840761026 1.3617615790747886 -0.05647409036976422 
379 -1 -1.3720946723520442 -1.4427878584836442 -1.4449121663477418 0.029630698172426178 -0.8189727314877313 -1.6072919322194805 -0.6280792481455026 
380 -1 -0.5134516527964692 -0.5494569957210252 -0.7133861647194971 -0.616600719111902 -0.7407802130342435 -1.6072919322194805 -0.24700914296167703 
381 -1 0.3451913667591059 0.7012062121466415 0.6974139812778322 0.13733593438648087 -0.50620265767378 0.8050640457071131 -0.2946429061096552 
382 -1 0.7745128765368934 0.7905392984229034 1.0631769820919545 -0.29348501046973785 -0.11524006540634098 -0.4938968654841296 0.6580323568499088 
383 1 -0.5134516527964692 -0.28145773689223946 0.07039169416790805 -0.8320111915400112 -0.5843951761272679 1.1761957346188967 -0.5328117218495463 
384 1 -1.0501035400187035 -0.9961224271023347 -1.026897308274459 -0.0780745380416285 -0.50620265767378 -0.6794627099400213 -0.6280792481455026 
385 1 0.45252174420355273 0.43320695331785575 0.9064214103144735 0.4604516430286449 1.7222841182506226 1.732893267986572 1.2296375146256473 
386 -1 0.5598521216479997 0.7905392984229034 0.9064214103144735 0.35274640681459024 1.0967439706227202 0.9906298901630048 1.0867362251817125 
387 -1 1.5258255186480216 1.6838701611855225 1.3766881256469166 0.8912725878848636 0.7839738968087688 -0.3083310210282378 1.0391024620337344 
388 -1 -1.3720946723520442 -1.1747885996548586 -1.0791491655336194 0.35274640681459024 -0.3889138799935483 -1.7928577766753722 0.08642719907417039 
389 1 0.13053061187021212 -0.013458478063453756 0.1226435514270684 -2.1244740261086674 -1.0926465460749386 0.6194982012512212 -0.5328117218495463 
390 -1 -0.4061212753520223 -0.37079082316850137 0.1226435514270684 0.029630698172426178 0.8621664152622567 -0.4938968654841296 0.467497304257996 
391 -1 2.169807783314703 1.951869420014308 1.5856955546835578 0.8912725878848636 0.3930113045413298 -0.3083310210282378 0.705666119997887 
392 -1 3.3504419352036185 1.3265378160804748 -0.7133861647194971 -1.26283213639623 -1.4445128791156339 -1.050594398851805 -1.3425856953651756 
393 -1 -0.2987908979075754 -0.28145773689223946 -0.243119449387054 -0.5088954828978473 -0.3498176207668044 0.24836651233943766 -0.34227666925763345 
394 -1 1.7404862735369153 1.0585385572516892 0.4361546949820304 -1.6936530812524486 -0.3889138799935483 0.6194982012512212 0.5151310674059743 
395 -1 2.7064596705369373 2.5772010239481413 1.9514585554976802 0.5681568792426995 0.7057813783552811 -0.3083310210282378 0.9914686988857562 
396 1 0.7745128765368934 1.3265378160804748 1.1676806966102753 0.13733593438648087 0.04114497150063465 -0.3083310210282378 -0.1517416166657206 
397 1 -0.620782030240916 -0.37079082316850137 -0.399875021164535 0.4604516430286449 1.135840229849464 -1.050594398851805 0.5151310674059743 
398 1 -1.586755427240938 -1.621454031036168 -2.0196825961985057 0.24504117060053554 -1.1708390645284263 -1.6072919322194805 -1.7236558005490012 
399 -1 -0.9427731625742567 -0.7281231682735491 -0.9746454510152988 -1.6936530812524486 -1.796379212156329 -1.2361602433076968 -1.390219458513154 
400 1 0.023200234425765232 -0.19212465061597755 0.3316509804637098 0.5681568792426995 1.4877065628901591 1.3617615790747886 1.0391024620337344 
401 -1 -0.2987908979075754 -0.4601239094447633 -0.8178898792378178 -1.26283213639623 -1.0144540276214509 1.3617615790747886 -0.6757130112934808 
402 1 0.45252174420355273 0.43320695331785575 0.3316509804637098 -0.0780745380416285 0.11933748995412245 0.06280066788354585 0.3245960148140614 
403 -1 0.7745128765368934 0.6118731258703796 0.3316509804637098 -0.8320111915400112 -0.2325288430865727 -0.6794627099400213 0.08642719907417039 
404 1 -0.5134516527964692 -1.2641216859311204 -1.1314010227927798 0.5681568792426995 0.744877637582025 -0.12276517657234595 0.08642719907417039 
405 -1 0.6671824990924465 0.5225400395941177 0.6974139812778322 0.13733593438648087 2.3087280066517812 0.24836651233943766 1.8012426724013857 
406 -1 -0.08413014301868164 0.16520769448907005 0.07039169416790805 0.5681568792426995 0.19753000840761026 -0.12276517657234595 0.229328488518105 
407 -1 -0.2987908979075754 -0.5494569957210252 -0.7656380219786574 2.076030186239465 -0.6234914353540117 -0.6794627099400213 -0.8662480638853937 
408 1 -0.5134516527964692 -0.013458478063453756 0.07039169416790805 -1.3705373726102847 -0.7016839538074996 0.4339323567953295 -0.24700914296167703 
409 1 -1.6940858046853848 -1.5321209447599062 -1.6539195953843833 2.506851131095684 -1.1708390645284263 0.24836651233943766 -1.5331207479570885 
410 -1 1.096504008870234 1.237204729804213 0.9586732675736338 1.5375040051691917 1.2140327483029518 0.06280066788354585 0.8962011725897998 
411 1 0.237860989314659 0.43320695331785575 0.4361546949820304 -0.7243059553259565 -0.7798764722609873 0.06280066788354585 -0.8186143007374155 
412 -1 1.5258255186480216 1.4158709023567368 1.6379474119427182 0.35274640681459024 1.565899081343647 0.9906298901630048 1.7536089092534075 
413 1 -0.5134516527964692 -0.5494569957210252 -0.3476231639053747 -0.7243059553259565 -0.7016839538074996 0.6194982012512212 -0.6757130112934808 
414 1 0.13053061187021212 0.7012062121466415 1.0631769820919545 -1.26283213639623 -0.6234914353540117 1.3617615790747886 0.08642719907417039 
415 1 -0.4061212753520223 -0.7281231682735491 -0.6088824502011764 0.029630698172426178 -1.6790904344760973 -0.6794627099400213 -1.8665570899929358 
416 -1 -0.08413014301868164 -0.19212465061597755 -0.29537130664621436 -0.29348501046973785 0.23662626763435418 -1.050594398851805 0.7532998831458653 
417 -1 -0.19146052046312853 -0.8174562545498109 -0.6088824502011764 -0.0780745380416285 -0.50620265767378 -1.050594398851805 -0.4375441955535898 
418 -1 0.023200234425765232 0.07587460821280816 -0.19086759212789364 -0.40119024668379255 -1.0144540276214509 0.8050640457071131 -1.1520506427732629 
419 1 0.3451913667591059 0.6118731258703796 0.4884065522411908 0.5681568792426995 0.4321075637680737 1.5473274235306804 0.4198635411100178 
420 1 -1.9087465595742787 -1.9787863761412157 -2.228690025235147 1.8606197138113558 -1.327224101435402 -1.978423621131264 -2.0570921425848487 
421 1 0.13053061187021212 0.43320695331785575 0.01813983690874771 2.399145894881629 0.3539150453145859 -0.8650285543959132 0.2769622516660832 
422 -1 0.45252174420355273 0.3438738670415939 -0.03411202035041263 0.029630698172426178 -0.3107213615400605 0.6194982012512212 -0.2946429061096552 
423 -1 -0.4061212753520223 -0.013458478063453756 -0.3476231639053747 1.2143882965270276 -1.0144540276214509 -1.2361602433076968 -1.1520506427732629 
424 -1 -0.19146052046312853 0.16520769448907005 0.3316509804637098 -0.0780745380416285 0.314818786087842 0.24836651233943766 0.705666119997887 
425 1 0.45252174420355273 0.6118731258703796 0.7496658385369925 -0.5088954828978473 2.347824265878525 1.732893267986572 1.8488764355493639 
426 1 -1.2647642949075975 -1.0854555133785966 -1.1836528800519401 -0.0780745380416285 -0.7407802130342435 -1.2361602433076968 -0.4375441955535898 
427 1 0.13053061187021212 0.16520769448907005 0.4361546949820304 -0.8320111915400112 0.19753000840761026 0.8050640457071131 0.229328488518105 
428 1 -0.2987908979075754 -0.7281231682735491 -0.399875021164535 -1.0474216639681206 0.8621664152622567 0.4339323567953295 0.6580323568499088 
429 1 0.6671824990924465 1.5052039886329986 1.4811918401652373 2.1837354224535197 -0.6234914353540117 -0.8650285543959132 -1.4854869848091103 
430 1 0.023200234425765232 0.254540780765332 0.5929102667595114 -0.616600719111902 0.23662626763435418 1.1761957346188967 0.229328488518105 
431 -1 1.3111647637591277 0.8798723846991653 0.5406584095003512 -0.9397164277540659 0.23662626763435418 -0.6794627099400213 0.9914686988857562 
432 1 -0.9427731625742567 -1.2641216859311204 -1.1836528800519401 -0.29348501046973785 -1.1317428053016825 -0.8650285543959132 -1.0091493533293283 
433 -1 6.3556925036481315 5.8825252161698325 3.3100068442358492 0.9989778240989183 0.8230701560355128 0.8050640457071131 1.7059751461054293 
434 1 0.7745128765368934 0.6118731258703796 0.7496658385369925 0.029630698172426178 -1.0535502868481947 -0.3083310210282378 -0.9138818270333718 
435 1 -0.4061212753520223 0.16520769448907005 0.07039169416790805 -0.40119024668379255 -0.42801013922029224 1.5473274235306804 -0.4375441955535898 
436 1 0.8818432539813403 1.147871643527951 1.4811918401652373 0.6758621154567542 1.4486103036634153 1.1761957346188967 0.8962011725897998 
437 1 -0.7281124076853629 -0.6387900819972872 -0.7133861647194971 1.106683060312973 0.11933748995412245 0.06280066788354585 -0.5804454849975245 
438 1 0.5598521216479997 -0.4601239094447633 -0.19086759212789364 -0.18577977425568318 -1.1708390645284263 0.24836651233943766 -1.4854869848091103 
439 -1 0.45252174420355273 -0.013458478063453756 -0.13861573486873333 -0.8320111915400112 -1.1708390645284263 -0.3083310210282378 -0.6757130112934808 
440 -1 -0.9427731625742567 -0.9961224271023347 -0.9746454510152988 1.2143882965270276 -0.11524006540634098 0.24836651233943766 -0.5804454849975245 
441 -1 0.45252174420355273 0.6118731258703796 0.6451621240186718 0.24504117060053554 -0.3107213615400605 -0.6794627099400213 0.13406096222214858 
442 -1 0.023200234425765232 -0.013458478063453756 -0.399875021164535 -1.1551269001821753 -0.3107213615400605 0.4339323567953295 -0.008840327221786017 
443 1 -0.620782030240916 -0.6387900819972872 -0.29537130664621436 -0.18577977425568318 0.04114497150063465 -0.8650285543959132 -0.2946429061096552 
444 1 0.7745128765368934 0.8798723846991653 1.2721844111285958 -0.5088954828978473 1.0185514521692323 1.3617615790747886 1.1820037514776691 
445 -1 0.7745128765368934 0.6118731258703796 0.5406584095003512 -0.40119024668379255 -0.42801013922029224 0.06280066788354585 -0.008840327221786017 
446 1 0.3451913667591059 0.5225400395941177 0.9586732675736338 -0.0780745380416285 0.6666851191285371 0.06280066788354585 0.705666119997887 
447 1 -0.08413014301868164 0.16520769448907005 0.5929102667595114 -0.18577977425568318 0.0020487122738907407 1.3617615790747886 0.4198635411100178 
448 1 -0.7281124076853629 -0.6387900819972872 -0.45212687842369537 -1.5859478450383941 -0.936261509167963 1.3617615790747886 -0.6280792481455026 
449 -1 0.9891736314257872 0.6118731258703796 -0.13861573486873333 0.35274640681459024 -1.1317428053016825 -1.050594398851805 -1.1044168796252847 
450 -1 0.7745128765368934 0.7012062121466415 0.8541695530553132 -1.0474216639681206 -0.2325288430865727 0.6194982012512212 0.08642719907417039 
451 1 0.45252174420355273 0.7012062121466415 0.9064214103144735 0.35274640681459024 2.0741504512913176 1.3617615790747886 1.7059751461054293 
452 -1 -1.1574339174631505 -1.4427878584836442 -1.3926603090885814 -1.4782426088243394 -1.757282952929585 -1.4217260877635887 -1.4854869848091103 
453 -1 -0.08413014301868164 0.07587460821280816 0.07039169416790805 0.4604516430286449 -0.42801013922029224 -0.6794627099400213 -0.5328117218495463 
454 1 -0.620782030240916 -0.4601239094447633 -0.556630592942016 0.5681568792426995 -1.0926465460749386 -0.6794627099400213 -1.8189233268449576 
455 -1 -0.620782030240916 -0.9067893408260728 -0.8178898792378178 0.9989778240989183 -0.3498176207668044 -0.6794627099400213 -0.4375441955535898 
456 1 0.7745128765368934 1.0585385572516892 1.2199325538694354 0.13733593438648087 1.9959579328378299 1.5473274235306804 1.6583413829574511 
457 -1 0.45252174420355273 0.5225400395941177 0.2793991232045494 0.5681568792426995 0.11933748995412245 -0.6794627099400213 0.2769622516660832 
