id label data 
0 -1 1.0868447650226485 1.0835628844724177 0.9817009609294757 0.11379124302401789 0.8890987373866878 0.5387386730969035 1.8170348026351042 
1 1 -1.9563205770407681 -2.2440237801009433 -2.1235958025127157 0.22241015681967097 -0.9554639559841573 -0.9697296115744224 -1.6841399699955686 
2 -1 1.2136433209419577 1.3771734725230085 0.8666899696908761 -0.10344658456728828 0.27424450626307273 -0.13169167564590803 1.0559098520632189 
3 1 0.9600462091033396 1.670784060573599 1.614261412741774 0.9827425533892425 0.4791959166376111 1.7119917833968235 0.49775155497716955 
4 -1 0.8332476531840305 0.8878224924386906 0.40664600473647733 0.43964798441097713 -0.38160000693545 0.035915911539794836 -0.466340049080552 
5 -1 1.0868447650226485 0.7899522964218271 0.4641515003557772 -0.10344658456728828 -0.09466803241109631 -0.9697296115744224 0.04107658463403829 
6 -1 0.07245631766817633 0.20273112032064575 0.2341295178785778 0.0051723292283648 -0.09466803241109631 1.2091690218397149 0.1933015747484154 
7 -1 1.4672404327805757 0.8878224924386906 0.4641515003557772 -1.2982546363194722 -0.2996194427856347 -0.13169167564590803 0.04107658463403829 
8 1 -0.8151335737669869 -0.28661985976367205 -0.4559364295530203 2.5034073465283857 0.6431570449372418 0.5387386730969035 -0.11114840548033879 
9 -1 -0.30793935008975076 -0.09087946772994493 0.3491405091171775 -0.32068441215859445 0.8481084553117801 0.035915911539794836 0.9036848619488418 
10 1 0.8332476531840305 1.3771734725230085 1.3267339346452747 0.8741236395935894 0.35622507041288803 1.2091690218397149 0.1933015747484154 
11 1 0.9600462091033396 1.5729138645567355 1.8442833952189732 -0.21206549836294136 2.07781691755901 1.7119917833968235 1.461843159034891 
12 -1 1.2136433209419577 0.6920821004049635 0.521656995975077 -0.7551600673412068 -0.3406097248605423 -0.8021220243887195 0.14255991137695637 
13 1 -1.068730685605605 -1.5589324079828983 -1.4335298550811175 0.11379124302401789 -0.3406097248605423 -1.304944785945828 -1.0752400095380603 
14 1 -1.9563205770407681 -1.7546728000166254 -1.8935738200355163 0.6568858120022832 -0.7915028276845267 -0.4669068500173138 -1.5319149798811915 
15 1 0.45285198542610344 0.7899522964218271 1.4992504215031743 1.743074949958814 1.2990015581357646 0.20352349872549771 0.3455265648627925 
16 1 -0.8151335737669869 -0.7759708398479899 -0.6859584120302197 -0.6465411535455536 -0.9144736739092497 1.041561434654012 -0.7200483659378472 
17 1 -0.30793935008975076 -0.09087946772994493 0.061613031020678284 -1.7327302915020846 0.9710793015365031 0.8739538474683092 1.563326485777809 
18 1 -1.068730685605605 -0.5802304478142627 -0.4559364295530203 -0.10344658456728828 -1.119425084283788 -0.9697296115744224 -1.3289483263953554 
19 1 -0.30793935008975076 -0.5802304478142627 -0.6284529164109198 0.9827425533892425 -0.2996194427856347 -0.8021220243887195 0.3962682282342515 
20 1 -0.6883350178476778 -0.3844900557805356 0.004107535401378443 -2.601681601867309 -1.488337622957957 1.8795993705825265 -0.7707900293093062 
21 -1 0.8332476531840305 0.5942119043881 0.3491405091171775 -0.21206549836294136 -0.09466803241109631 -1.1373371987601253 -0.3141150589661749 
22 1 0.19925487358748536 0.5942119043881 0.9817009609294757 -1.7327302915020846 -0.5865514173099884 1.041561434654012 0.3455265648627925 
23 1 1.7208375446191937 1.8665244526073261 1.6717669083610738 1.851693863754467 1.9958363534091947 1.5443841962111207 1.157393178806137 
24 -1 -0.5615364619283688 -0.8738410358648534 -1.0309913857460187 0.0051723292283648 -0.627541699384896 -0.8021220243887195 -0.466340049080552 
25 1 -2.2099176888793863 -2.2440237801009433 -2.296112289370615 0.6568858120022832 -1.7342793154074032 -1.9753751346886397 -2.191556603710159 
26 1 0.8332476531840305 0.6920821004049635 0.8091844740715762 0.22241015681967097 2.0368266354841027 1.041561434654012 1.9185181293780225 
27 1 -0.30793935008975076 -0.3844900557805356 -0.3984309339337204 0.11379124302401789 0.8071181732368724 0.8739538474683092 0.8529431985773828 
28 -1 0.19925487358748536 0.006990728286918627 0.17662402225927795 -0.10344658456728828 0.4791959166376111 -0.4669068500173138 0.7007182084630057 
29 -1 -0.5615364619283688 -0.1887496637468085 -0.16840895145652107 -0.32068441215859445 0.3972153524877957 -1.1373371987601253 0.9036848619488418 
30 -1 0.45285198542610344 0.4963417083712364 0.17662402225927795 -0.4293033259542475 -0.258629160710727 -0.4669068500173138 0.44700989160571053 
31 1 -1.5759249092828411 -1.2653218199323075 -1.0309913857460187 0.22241015681967097 -1.1604153663586958 -0.6345144372030167 -1.1767233362809784 
32 1 -0.0543422382511327 -0.09087946772994493 0.11911852663997813 -0.5379222397499006 0.06929309588853437 -0.13169167564590803 -0.11114840548033879 
33 1 1.0868447650226485 0.5942119043881 0.2341295178785778 0.33102907061532405 -0.5865514173099884 0.5387386730969035 -0.41559838570909297 
34 -1 -0.5615364619283688 -0.3844900557805356 0.004107535401378443 -1.8413492052977376 -1.5703181871077725 0.035915911539794836 -1.0244983461666013 
35 1 0.07245631766817633 0.20273112032064575 0.004107535401378443 1.525837122367508 0.8481084553117801 -0.9697296115744224 0.04107658463403829 
36 1 -0.30793935008975076 -0.28661985976367205 -0.4559364295530203 1.0913614671848957 1.3809821222855798 0.3711310859112006 0.6499765450915467 
37 -1 0.9600462091033396 0.3006013163375093 0.3491405091171775 -1.081016808728166 -0.8734833918343421 0.035915911539794836 -0.3141150589661749 
38 -1 -0.4347379060090598 -0.48236025179739916 -0.6859584120302197 -0.7551600673412068 -0.6685319814598036 -1.6401599603172339 -0.11114840548033879 
39 1 -1.7027234652021501 -1.6568026039997619 -2.1235958025127157 0.11379124302401789 -1.119425084283788 -1.6401599603172339 -1.6841399699955686 
40 1 0.19925487358748536 -0.09087946772994493 0.4641515003557772 0.43964798441097713 1.6679140968099335 1.041561434654012 1.258876505549055 
41 1 0.8332476531840305 -0.3844900557805356 -0.11090345583722123 -0.32068441215859445 -1.119425084283788 0.035915911539794836 -1.4304316531382735 
