id label data 
0 1 0.18983648560941593 0.4599422098922375 0.6429213167112453 0.5619453466218284 0.29936039104280515 1.3510851322114246 0.5293996363353926 
1 1 -2.0882013417035687 -2.122109602077056 -2.0625510449406996 1.8577252047145152 -1.050775063861657 -1.7809758560968738 -1.8510898445895854 
2 1 1.214953507900259 1.22499459862388 1.5794309803599955 -0.08594458242451514 1.691687578913032 0.9826073688810366 1.6436713082577226 
3 -1 1.214953507900259 1.1293630500324245 0.8510345752998565 -0.641278807321381 -0.4600908023409549 -0.6755425661057097 0.276156074534863 
4 1 -0.9491824280470764 -0.5920048246137709 -0.709814864114727 1.0247238673692165 0.13059345917974738 0.061412960555066426 -0.280979761426302 
5 -1 0.4176402683407144 0.07741601552641626 -0.2935883469375048 -0.8263902156203362 -2.2321435869030615 -1.59673697443168 -1.8004411322294793 
6 -1 -0.3796729712188302 -0.5920048246137709 -0.5537299201732687 -0.17850028657399278 -0.5444742682724838 -1.0440203294360977 0.2255073621747571 
7 1 0.6454440510720129 0.4599422098922375 0.6429213167112453 0.2842782341733954 1.522920647049974 2.0880406588722007 0.7826431981359221 
8 1 -1.2908881021440242 -1.5483203105283239 -1.3861829545277133 -0.17850028657399278 0.46812732290586295 0.061412960555066426 0.7319944857758162 
9 -1 0.0759345942437667 -0.4007417274308603 -0.44967329087896313 -1.0115016239192915 0.29936039104280515 -0.6755425661057097 0.9852380475763458 
10 -1 0.0759345942437667 -0.20947863024794966 -0.2935883469375048 -1.1966130322182469 -1.2617337286904793 -0.4913036844405157 -0.7874668850273612 
11 1 -0.3796729712188302 -0.30511017883940494 -0.1895317176431992 -1.7519472571151127 -0.7976246660670705 1.3510851322114246 -0.12903362434598428 
12 1 -1.5186918848753226 -1.2614256647539581 -1.1780696959391022 0.6545010507713059 -0.7132412001355416 0.24565184222026046 -1.2433052962683144 
13 1 -1.746495667606621 -2.3133726992599666 -2.166607674235005 0.5619453466218284 -1.219541995724715 -1.59673697443168 -1.7497924198693735 
14 -1 1.1010516165346098 1.0337315014409694 1.007119519241315 -0.4561673990224257 0.4259355899400985 -0.4913036844405157 0.7319944857758162 
15 -1 1.3288553992659082 1.1293630500324245 1.215232777829926 -1.104057328068769 -0.33351560344366155 0.061412960555066426 0.7826431981359221 
16 -1 -1.4047899935096733 -1.2614256647539581 -1.2821263252334076 -0.17850028657399278 -1.0085833308958927 -1.965214737762068 -1.0407104468278907 
17 1 0.9871497251689605 1.22499459862388 1.215232777829926 0.6545010507713059 2.6199057041598497 1.3510851322114246 1.896914870058252 
18 -1 -0.15186918848753175 -0.20947863024794966 -0.709814864114727 2.2279480213124256 -0.08036520564907486 0.24565184222026046 -0.38227718614651385 
19 1 0.4176402683407144 0.4599422098922375 0.6429213167112453 -0.17850028657399278 1.311961982221152 1.7195628955418127 1.2384816093768753 
20 1 -1.5186918848753226 -1.0701625675710473 -1.438211269174866 1.3023909798176494 -0.7132412001355416 -0.8597814477709037 -1.395251433348632 
21 1 -1.86039755897227 -1.8352149563026898 -1.8544377863520882 2.5056151337608585 -0.5444742682724838 -1.2282592111012918 -1.7497924198693735 
22 -1 1.3288553992659082 1.511889244398246 1.1632044631827732 1.3949466839671272 1.3541537151869163 0.061412960555066426 1.7956174453380402 
23 1 0.0759345942437667 0.4599422098922375 0.6949496313583982 0.006611121724962501 0.5525107888373918 -0.8597814477709037 0.5293996363353926 
24 -1 -0.15186918848753175 0.17304756411787156 0.22669479953402305 -0.08594458242451514 0.5947025218031563 0.24565184222026046 0.32680478689496895 
25 1 1.4427572906315576 2.0856785359469776 2.099714126831523 0.1917225300239178 1.1853867833238585 1.9038017772070068 1.0865354722965577 
26 1 -0.15186918848753175 -0.4007417274308603 0.01858154094541192 -0.5487231031719033 1.2275785162896231 0.7983684872158425 0.42810221161518075 
27 -1 -0.265771079853181 -0.4007417274308603 -0.709814864114727 -0.7338345114708587 -1.1773502627589505 -0.6755425661057097 -0.8887643097475729 
28 1 0.30373837697506517 0.36431066130078216 0.27872311418117585 0.09916682587444015 1.3963454481526807 0.061412960555066426 0.9345893352162399 
29 -1 -0.037967297121882536 -0.018215533065039043 0.0706098555925647 -0.36361169487294803 -0.33351560344366155 0.24565184222026046 -0.5342233232268315 
30 -1 -1.2908881021440242 -1.0701625675710473 -1.2821263252334076 1.3023909798176494 0.004018260282454042 -0.6755425661057097 -0.5342233232268315 
31 -1 1.1010516165346098 0.4599422098922375 0.486836372769787 -1.8445029612645902 -1.1773502627589505 0.24565184222026046 -0.3316284737864079 
32 -1 0.7593459424376621 1.0337315014409694 0.5388646874169397 1.0247238673692165 -0.375707336409426 -1.0440203294360977 -1.0407104468278907 
33 1 -0.265771079853181 -0.11384708165649435 0.0706098555925647 -0.7338345114708587 -0.8820081319985994 0.4298907238854545 -0.6355207479470434 
34 1 1.5566591819972067 1.1293630500324245 0.6949496313583982 -1.381724440517202 -1.3461171946220083 1.1668462505462307 -0.5848720355869375 
35 -1 0.0759345942437667 -0.11384708165649435 -0.033446773701740866 -0.5487231031719033 0.2571686580770407 0.24565184222026046 0.6306970610556044 
36 1 -0.49357486258447947 -0.20947863024794966 0.17466648488687028 -0.7338345114708587 -0.6710494671697771 1.1668462505462307 -0.5342233232268315 
37 -1 -0.3796729712188302 -0.30511017883940494 0.22669479953402305 0.006611121724962501 0.8900446525635074 -0.4913036844405157 0.5293996363353926 
38 -1 1.4427572906315576 1.0337315014409694 0.6429213167112453 -0.8263902156203362 0.21497692511127628 -0.6755425661057097 1.0865354722965577 
39 1 -0.7213786453157779 -0.5920048246137709 -0.6057582348204215 0.9321681632197389 0.08840172621398294 0.061412960555066426 -0.5848720355869375 
40 1 0.4176402683407144 0.6512053070751481 1.0591478338884677 -0.08594458242451514 0.6790859877346852 0.061412960555066426 0.7826431981359221 
41 -1 0.8732478338033113 0.8424684042580587 0.9550912045941621 -0.9189459197698139 -0.2913238704778971 0.6141296055506485 0.12420993745454528 
