id label data 
0 -1 -0.3214578601043285 0.19822509334285532 -0.5325064015559603 0.1446342899441011 -0.2811458635474894 -0.017194588911885217 -0.17113942540767854 
1 1 1.285831440417314 2.3939492042175554 2.7310950637741294 3.298774382186607 3.3091627993224746 1.667875124452579 2.0692312344746555 
2 -1 0.3214578601043285 -0.35070593437581976 -0.3405298447718374 0.1446342899441011 0.7560544168371669 0.4642539006208188 0.90237151578594 
3 -1 0.21430524006955232 -0.1677289251362614 -0.5325064015559603 -2.0749457749672917 -1.4380230993611445 -0.2579188336782372 -0.9179296453684566 
4 -1 1.7144419205564185 1.3875756533999846 0.6673470783448079 -0.2058257203050662 0.07788500273950702 -0.9800915679772932 0.4823020170580023 
5 1 -1.285831440417314 -1.0826139713340532 -1.2044243503003904 1.4296543275243814 -0.7598536852634846 -0.2579188336782372 -1.244650366601297 
6 1 -1.8215945405911946 -1.3570794851933907 -1.5403833246726055 1.196014320691603 -0.2811458635474894 -1.4615400575099973 -1.244650366601297 
7 -1 0.0 0.015248084103296963 0.13941154718846988 -0.0890057168886771 -0.2811458635474894 -0.017194588911885217 0.24893007332025913 
8 1 1.6072893005216424 1.7535296718791014 1.9151946974416068 1.196014320691603 1.4342238309348267 -0.017194588911885217 1.1824178482712318 
9 -1 2.035899780660747 1.570552662639543 1.0513001919130538 -1.2572057510525683 -0.3609305005001553 -0.4986430784445892 0.24893007332025913 
10 1 -1.0715262003477615 -0.8996369620944948 -0.6284946799480218 -1.140385747636179 -0.7598536852634846 1.1864266349198749 -0.7312320903782621 
11 -1 1.7144419205564185 1.2045986441604262 0.8113294959329 0.49509430019326844 -0.24125354507115646 -0.9800915679772932 0.15558129582516186 
12 1 -0.9643735803129854 -1.3570794851933907 -1.2524184894964212 -0.32264572372145534 0.19756195816850583 -0.2579188336782372 -0.35783698039787304 
13 -1 -0.10715262003477616 -0.25921742975604056 -0.05256500959565302 -0.32264572372145534 0.8757313722661657 -0.017194588911885217 0.7623483495432941 
14 1 0.21430524006955232 0.10673658872307613 0.1874056863845006 0.6119143036096575 0.23745427664483876 1.667875124452579 -0.4045113691454217 
15 -1 0.0 -0.1677289251362614 0.09141740799243915 -0.5562857305542335 -0.12157658964215766 -0.2579188336782372 -0.17113942540767854 
16 1 -1.285831440417314 -1.2655909805736114 -1.2524184894964212 0.7287343070260467 0.03799268426317409 -0.4986430784445892 -0.7312320903782621 
17 -1 0.5357631001738807 0.2897135979626345 -0.05256500959565302 -0.9067457408034009 -0.6002844113581529 -0.4986430784445892 -0.4045113691454217 
18 -1 0.21430524006955232 0.19822509334285532 0.42737638236465425 0.2614542933604902 0.4768081875028364 -0.7393673232109412 1.1824178482712318 
19 -1 -0.21430524006955232 -0.25921742975604056 -0.14855328798771447 0.027814286527712007 0.3970235505501705 0.4642539006208188 0.10890690707761325 
20 -1 0.42861048013910463 0.2897135979626345 0.13941154718846988 0.2614542933604902 0.1576696396921729 -0.7393673232109412 0.3422788508153564 
21 1 -1.285831440417314 -0.7166599528549364 -0.38852398396786814 -1.0235657442197899 -1.2385615069794798 2.3900478587516347 -0.5445345353880676 
22 1 1.285831440417314 1.570552662639543 1.7712122798535146 1.196014320691603 1.7932546972218233 0.9457023901535229 1.1824178482712318 
23 -1 -0.21430524006955232 -0.07624042051648221 0.043423268796408426 -0.5562857305542335 -0.7598536852634846 0.7049781453871709 -0.4978601466405189 
24 -1 0.0 -0.1677289251362614 0.3313881039725928 -0.7899257373870118 -0.12157658964215766 -0.017194588911885217 -0.03111625916503264 
25 -1 0.642915720208657 0.38120210258241366 -0.05256500959565302 0.027814286527712007 -0.3609305005001553 -0.017194588911885217 -0.35783698039787304 
26 1 -0.21430524006955232 -0.6251714482351572 -0.4365181231638988 -1.0235657442197899 0.07788500273950702 0.7049781453871709 0.15558129582516186 
27 1 0.642915720208657 0.564179111821972 0.6673470783448079 0.2614542933604902 0.4369158690265034 1.427150879686227 0.015558129582515989 
28 -1 0.42861048013910463 0.015248084103296963 -0.24454156637977592 0.1446342899441011 -0.04179195268949178 -0.4986430784445892 -0.3111625916503244 
29 -1 -0.642915720208657 -0.533682943615378 -0.3405298447718374 -0.2058257203050662 0.4768081875028364 -0.9800915679772932 0.015558129582515989 
30 1 -0.10715262003477616 0.2897135979626345 0.42737638236465425 0.9623743138588249 -1.677377010219142 0.7049781453871709 -2.084789364057172 
31 1 -1.1786788203825378 -1.1741024759538323 -1.2044243503003904 0.49509430019326844 -0.6002844113581529 0.4642539006208188 -0.5912089241356162 
32 1 -1.285831440417314 -1.2655909805736114 -1.2044243503003904 -0.5562857305542335 -0.7598536852634846 -1.4615400575099973 -1.0579528116111026 
33 -1 -0.21430524006955232 -0.4421944389955989 -0.3405298447718374 -0.32264572372145534 -0.0018996342131588461 -0.4986430784445892 0.062232518330064615 
34 -1 0.21430524006955232 1.2960871487802055 2.203159532617791 1.7801143377735487 2.83045497760648 0.2235296558544668 3.889532395629052 
35 1 0.8572209602782093 1.570552662639543 1.4352533054812995 0.2614542933604902 1.1150852831241633 2.149323613985283 0.8090227382908427 
36 -1 -0.42861048013910463 -0.35070593437581976 -0.10055914879168375 -1.0235657442197899 -0.5603920928818199 -1.4615400575099973 0.2022556845727105 
37 1 -0.9643735803129854 -1.4485679898131698 -1.2044243503003904 0.37827429677687935 0.1576696396921729 -0.7393673232109412 0.10890690707761325 
38 -1 0.5357631001738807 0.2897135979626345 0.09141740799243915 0.7287343070260467 -0.6002844113581529 -0.7393673232109412 -0.3111625916503244 
39 1 -2.250205020730299 -2.1804760267714034 -2.116312995024974 -0.5562857305542335 -1.5577000547901434 -2.424437036575405 -1.8047430315718807 
40 -1 1.6072893005216424 0.9301331303010887 0.1874056863845006 -1.7244857647181246 -0.5603920928818199 0.7049781453871709 0.29560446206780777 
41 1 -0.642915720208657 -0.1677289251362614 -0.14855328798771447 -1.3740257544689574 -0.8795306406924834 0.4642539006208188 -0.45118575789297033 
