id label data 
0 -1 0.3211387147779294 -0.11790752733215884 -0.29986537475173597 -0.7456297276094566 -0.13114925434220645 -0.8470331397915177 0.11799104838327668 
1 1 0.11026913575528877 0.3154925330059521 0.5106892051747559 0.6521912415929056 0.295678874453682 1.3530113480601698 0.4486547731357103 
2 -1 0.7428778728232107 0.8355726054116852 0.7639875114017847 0.22209248183833263 0.7225070032495705 0.8030002260972479 1.5351212973222779 
3 -1 -0.10060044326735187 -0.20458753939978103 -0.5531636809787647 0.22209248183833263 -0.8683978404441955 -1.030370180445825 -0.4960987261569572 
4 -1 -0.7332091803352738 -0.5513075876702698 -0.7051426647149819 -0.6381050376708134 -0.2475569258319942 -0.29702201782859583 0.16522872334791006 
5 1 -1.154948338380555 -0.8980276359407585 -0.9077813096966049 0.1145677918996894 -0.5191748259748323 -0.29702201782859583 -1.110188500697191 
6 1 -1.471252706914516 -1.8515077686846024 -1.5156972446414738 -0.8531544175480998 -1.6444489837094474 -0.6636960991372104 -1.865991300131325 
7 -1 0.004834346243968443 -0.031227515264536654 0.3587102214385387 -0.20800627791624035 1.2657428035352467 0.6196631854429406 1.1572198976052108 
8 -1 -0.31147002228999254 -0.5513075876702698 -0.7051426647149819 -1.8208766269958891 -2.110079669668598 -0.8470331397915177 -1.9132289750959584 
9 1 0.6374430833118904 1.0089326295469296 1.1186051401196249 -0.20800627791624035 1.3045453606985093 1.1696743074058624 1.298932922499111 
10 1 -1.9984266544711176 -2.0248677928198466 -2.123613179586343 2.157536900733911 -0.9460029547707207 -1.763718343063054 -1.7715159502020583 
11 -1 1.0591822413571716 0.5755325692088186 0.4093698826839444 -0.8531544175480998 -0.9460029547707207 -0.29702201782859583 -0.6378117510508573 
12 1 1.0591822413571716 1.0089326295469296 1.4225631075920593 -0.1004815879775971 1.5761632608413474 0.9863372667515552 1.4878836223576446 
13 -1 -0.2060352327786722 -0.20458753939978103 0.2573908989477272 0.8672406214701921 0.48969166026999494 -1.3970442617544396 0.921031522782044 
14 1 0.9537474518458513 0.6622125812764408 1.0172858176288133 0.1145677918996894 2.6626348614126996 1.9030224700230916 1.8657850220747116 
15 -1 0.11026913575528877 -0.3779475635350254 -0.6038233422241704 -1.390777867241316 -1.4116336407298717 0.252989104134326 -0.7322871009801241 
16 1 -1.787557075448477 -2.111547804887469 -1.9716341958501256 0.3296171717769759 -1.023608069097246 -0.8470331397915177 -1.724278275237425 
17 -1 1.9026605574477342 1.5290127019526627 0.9159664951380019 -0.5305803477321701 -0.4027671544850445 -0.6636960991372104 0.16522872334791006 
18 1 0.3211387147779294 0.2288125209383299 0.20673123770232146 -0.3155309678548836 1.2657428035352467 1.1696743074058624 0.7320808229235105 
19 1 0.004834346243968443 -0.11790752733215884 -0.5025040197333589 0.6521912415929056 0.8389146747393582 2.2696965513317062 0.4014170981710769 
20 -1 1.164617030868492 1.4423326898850404 1.067945478874219 0.6521912415929056 0.9941249033924086 0.06965206348001873 0.6376054729942437 
21 -1 0.3211387147779294 -0.11790752733215884 -0.29986537475173597 -0.1004815879775971 -0.32516204015851935 -1.030370180445825 0.21246639831254344 
22 -1 -0.2060352327786722 0.3154925330059521 -0.3505250359971417 0.007043101961046148 -0.13114925434220645 0.06965206348001873 0.023515698454009925 
23 1 -1.154948338380555 -0.9847076480083806 -1.465037583396068 0.43714186171561914 -1.7996592123624977 -1.2137072211001323 -2.0077043250252253 
24 1 1.164617030868492 1.6156927140202848 1.9291597200461168 1.0822900013474785 2.002991389637236 1.7196854293687842 1.6295966472515446 
25 1 1.3754866098911327 2.3958128226288844 3.094331928690449 2.910209730304414 3.361080890351426 1.3530113480601698 2.2909240967564117 
26 -1 1.4809213994024528 2.0490927743583955 2.233117687518551 1.727438140979338 1.149335132045459 0.4363261447886333 1.1099822226405776 
27 -1 0.4265735042892497 -0.20458753939978103 -0.14788639101551873 0.007043101961046148 0.8777172319026209 0.4363261447886333 1.1099822226405776 
28 -1 0.848312662334531 1.0956126416145517 0.6626681889109731 0.007043101961046148 0.14046864580063168 0.06965206348001873 0.8265561728527773 
29 -1 0.7428778728232107 0.40217254507357425 0.20673123770232146 -0.5305803477321701 0.5672967745965201 -0.8470331397915177 1.2516952475344776 
30 1 -0.2060352327786722 0.055452496803085526 0.5106892051747559 -0.8531544175480998 0.21807376012715685 0.9863372667515552 -0.1181973264398902 
31 1 0.6374430833118904 1.3556526778174183 1.3212437851012477 1.0822900013474785 0.3344814316169446 2.086359510677399 0.3069417482418102 
32 -1 0.3211387147779294 -0.031227515264536654 -0.3505250359971417 -2.0359260068731757 -1.2564234120768214 -0.11368497717428855 -0.7322871009801241 
33 -1 1.7972257679364139 1.4423326898850404 0.9159664951380019 -0.3155309678548836 0.21807376012715685 -0.6636960991372104 0.6848431479588771 
34 -1 0.7428778728232107 0.6622125812764408 0.5613488664201617 0.5446665516542624 0.8777172319026209 -0.6636960991372104 0.8737938478174107 
35 1 2.0080953469590543 1.4423326898850404 0.4600295439293502 0.8672406214701921 -0.5579773831380949 -1.2137072211001323 -0.1181973264398902 
36 1 1.164617030868492 1.3556526778174183 1.6252017525736824 0.7597159315315489 2.158201618290286 1.7196854293687842 1.6768343222161781 
37 1 -0.2060352327786722 -0.20458753939978103 -0.14788639101551873 0.7597159315315489 1.7313734894943977 1.1696743074058624 0.4486547731357103 
38 -1 0.2157039252666091 0.3154925330059521 0.4600295439293502 0.5446665516542624 -0.5967799403013575 -0.8470331397915177 -0.5433364011215905 
39 1 -0.6277743908239535 -0.7246676118055141 -0.6544830034695762 -0.20800627791624035 0.8001121175760957 0.6196631854429406 0.21246639831254344 
40 -1 0.11026913575528877 -0.031227515264536654 -0.29986537475173597 -0.1004815879775971 -0.4027671544850445 -0.8470331397915177 -0.2599103513337903 
41 1 -1.154948338380555 -0.8980276359407585 -1.059760293432822 1.1898146912861218 -0.5967799403013575 -0.11368497717428855 -1.0629508257325577 
42 -1 1.164617030868492 0.48885255714119646 0.3080505601931329 -1.1757284873640297 -0.5967799403013575 -1.5803813024087467 -0.07095965147525683 
43 1 -1.3658179174031957 -1.4181077083464915 -1.5663569058868796 0.8672406214701921 1.5373607036780848 -0.29702201782859583 -1.3936145504849913 
44 1 -0.31147002228999254 0.3154925330059521 -0.29986537475173597 -0.5305803477321701 -0.7131876117911452 0.9863372667515552 -0.7322871009801241 
45 1 -1.787557075448477 -1.7648277566169803 -1.4143779221506623 0.22209248183833263 -0.63558249746462 -1.5803813024087467 -1.5825652503435248 
46 -1 0.6374430833118904 0.6622125812764408 0.4093698826839444 -0.20800627791624035 -0.09234669717894385 -0.4803590584829031 0.11799104838327668 
47 1 -0.31147002228999254 0.2288125209383299 0.4600295439293502 -2.0359260068731757 -0.829595283280933 1.9030224700230916 -0.3071480262984237 
48 -1 -0.41690481180131284 -0.46462757560264756 -0.5025040197333589 0.43714186171561914 0.295678874453682 -1.030370180445825 0.3541794232064435 
49 -1 0.6374430833118904 0.3154925330059521 0.3080505601931329 -0.8531544175480998 -0.5191748259748323 -0.8470331397915177 -0.07095965147525683 
50 1 0.6374430833118904 0.9222526174793073 1.3719034463466535 -0.8531544175480998 -0.053544140015681266 1.9030224700230916 0.6376054729942437 
51 -1 1.2700518203798123 0.5755325692088186 0.2573908989477272 -2.358500076689105 -1.0624106262605084 1.1696743074058624 -0.44886105119232383 
52 -1 -1.2603831278918753 -1.5047877204141138 -1.465037583396068 -2.681074146505035 -1.8384617695257601 -1.2137072211001323 -1.4408522254496248 
53 -1 -0.6277743908239535 -0.3779475635350254 -0.097226729770113 -1.0682037974253864 0.8001121175760957 -0.6636960991372104 1.5823589722869114 
54 -1 -0.31147002228999254 0.055452496803085526 -0.19854605226092448 0.3296171717769759 0.17927120296389426 -0.8470331397915177 0.4014170981710769 
55 1 -0.10060044326735187 -0.3779475635350254 -0.04656706852470725 0.6521912415929056 2.274609289780074 0.252989104134326 1.7240719971808114 
56 1 -1.6821222859371567 -1.158067672143625 -1.4143779221506623 0.9747653114088354 -0.13114925434220645 -1.030370180445825 -1.0629508257325577 
57 1 0.11026913575528877 0.40217254507357425 0.7133278501563789 0.1145677918996894 1.032927460555671 0.4363261447886333 0.7320808229235105 
58 1 -1.2603831278918753 -1.158067672143625 -1.0091006321874163 -0.42305565779352683 0.4120865459434698 -1.5803813024087467 -0.3543857012630571 
59 -1 1.164617030868492 1.8757327502231513 1.8278403975553053 1.727438140979338 1.4597555893515597 0.252989104134326 1.913022697039345 
60 -1 1.0591822413571716 0.9222526174793073 0.7133278501563789 -0.7456297276094566 -0.4027671544850445 -0.6636960991372104 0.21246639831254344 
61 -1 -0.41690481180131284 -0.46462757560264756 -0.14788639101551873 -0.3155309678548836 0.6060993317597827 -1.3970442617544396 1.5351212973222779 
62 -1 0.11026913575528877 0.14213250887070772 0.3587102214385387 -0.20800627791624035 -0.13114925434220645 0.06965206348001873 0.4486547731357103 
63 -1 -0.31147002228999254 -0.5513075876702698 -0.6544830034695762 -1.390777867241316 0.06286353147410649 -0.11368497717428855 1.0155068727113108 
64 1 -0.6277743908239535 -0.5513075876702698 -0.6038233422241704 0.7597159315315489 0.761309560412833 0.4363261447886333 0.023515698454009925 
65 1 -1.6821222859371567 -1.4181077083464915 -1.7689955508685025 1.8349628309179813 -0.63558249746462 -0.6636960991372104 -1.4408522254496248 
66 1 -0.2060352327786722 0.055452496803085526 0.2573908989477272 0.43714186171561914 0.761309560412833 -1.2137072211001323 0.4486547731357103 
67 -1 -0.9440787593579144 -0.9847076480083806 -0.8064619872057934 -0.3155309678548836 -0.8683978404441955 -1.2137072211001323 -0.6378117510508573 
68 1 1.6917909784250935 1.7890527381555292 2.233117687518551 0.9747653114088354 1.5373607036780848 0.06965206348001873 1.3934082724283778 
69 -1 2.0080953469590543 1.702372726087907 1.270584123855842 -1.0682037974253864 -0.4027671544850445 -0.6636960991372104 0.3541794232064435 
70 1 -0.9440787593579144 -0.637987599737892 -0.8064619872057934 1.1898146912861218 0.14046864580063168 0.06965206348001873 -0.3071480262984237 
71 -1 0.3211387147779294 -0.031227515264536654 -0.40118469724254746 -0.9606791074867431 -2.0324745553420733 -1.5803813024087467 -1.724278275237425 
72 1 0.004834346243968443 0.055452496803085526 -0.14788639101551873 0.6521912415929056 1.0717300177189337 0.6196631854429406 0.49589244810034366 
73 -1 -0.41690481180131284 -0.637987599737892 -0.6544830034695762 -0.20800627791624035 -0.4803722688115697 -1.030370180445825 0.16522872334791006 
74 -1 0.7428778728232107 0.5755325692088186 0.20673123770232146 -1.6058272471186026 -0.4415697116483071 0.06965206348001873 0.0707533734186433 
75 -1 -0.7332091803352738 -0.2912675514674032 -0.29986537475173597 -0.3155309678548836 -0.2475569258319942 -1.5803813024087467 0.5903677980296104 
76 1 -0.5223396013126331 -1.0713876600760028 -0.6544830034695762 -2.681074146505035 -1.023608069097246 1.536348388714477 -0.5433364011215905 
77 1 0.4265735042892497 0.748892593344063 0.9159664951380019 0.5446665516542624 1.5373607036780848 1.1696743074058624 1.062744547675944 
78 -1 0.2157039252666091 0.40217254507357425 1.473222768837465 -0.20800627791624035 1.1881376892087214 0.6196631854429406 2.196448746827145 
79 -1 0.2157039252666091 0.055452496803085526 0.15607157645691572 0.007043101961046148 -1.023608069097246 -0.6636960991372104 -0.9212378008386576 
80 -1 2.113530136470375 1.6156927140202848 1.3212437851012477 -1.2832531773026727 -0.20875436866873162 -0.29702201782859583 0.4486547731357103 
81 -1 -0.2060352327786722 0.2288125209383299 0.3587102214385387 0.1145677918996894 -0.4027671544850445 0.4363261447886333 -0.023721976510623452 
82 -1 -0.8386439698465941 -0.8980276359407585 -0.8571216484511991 -0.7456297276094566 -0.13114925434220645 -1.3970442617544396 0.5431301230649771 
83 -1 0.11026913575528877 -0.11790752733215884 0.004092592720698488 0.3296171717769759 -0.09234669717894385 -0.11368497717428855 0.16522872334791006 
84 1 -0.5223396013126331 -0.20458753939978103 0.004092592720698488 0.8672406214701921 -0.2475569258319942 0.9863372667515552 -0.5905740760862239 
85 1 -0.2060352327786722 0.14213250887070772 0.004092592720698488 2.0500122107952676 0.8389146747393582 1.9030224700230916 0.11799104838327668 
86 -1 0.004834346243968443 0.2288125209383299 0.10541191521150997 -0.20800627791624035 -0.2475569258319942 0.06965206348001873 -0.023721976510623452 
87 1 0.2157039252666091 0.3154925330059521 0.4600295439293502 0.7597159315315489 1.3433479178617718 1.536348388714477 0.6376054729942437 
88 -1 0.11026913575528877 0.3154925330059521 0.15607157645691572 0.8672406214701921 0.8389146747393582 -0.4803590584829031 0.49589244810034366 
89 1 0.2157039252666091 -0.20458753939978103 0.20673123770232146 -0.3155309678548836 1.6537683751678725 0.6196631854429406 1.1099822226405776 
90 1 -0.9440787593579144 -0.7246676118055141 -0.4518443584879532 -1.1757284873640297 -0.5967799403013575 0.9863372667515552 -0.5433364011215905 
91 1 -0.10060044326735187 0.055452496803085526 0.3587102214385387 -2.0359260068731757 -0.8683978404441955 1.7196854293687842 -0.3543857012630571 
92 -1 -0.7332091803352738 -0.2912675514674032 0.10541191521150997 0.22209248183833263 -0.5967799403013575 -1.030370180445825 -0.2599103513337903 
93 1 0.53200829380057 0.3154925330059521 0.5106892051747559 0.3296171717769759 1.420953032188297 2.086359510677399 0.6848431479588771 
94 -1 0.53200829380057 0.6622125812764408 0.2573908989477272 0.5446665516542624 -0.4803722688115697 0.252989104134326 -0.5905740760862239 
95 1 -1.2603831278918753 -1.5047877204141138 -1.465037583396068 -0.20800627791624035 0.45088910310673236 0.06965206348001873 0.6376054729942437 
96 -1 0.7428778728232107 0.5755325692088186 0.3080505601931329 0.007043101961046148 -0.20875436866873162 -0.8470331397915177 -0.1181973264398902 
97 -1 1.7972257679364139 1.2689726657497962 1.067945478874219 0.3296171717769759 -0.09234669717894385 -0.6636960991372104 0.3541794232064435 
98 -1 0.2157039252666091 -0.20458753939978103 -0.19854605226092448 -1.1757284873640297 -0.16995181150546904 -0.6636960991372104 0.2597040732771768 
99 1 0.7428778728232107 0.748892593344063 1.067945478874219 0.6521912415929056 1.8477811609841854 1.7196854293687842 1.5351212973222779 
100 1 0.6374430833118904 0.6622125812764408 1.1692648013650306 -0.5305803477321701 1.2657428035352467 1.7196854293687842 1.5351212973222779 
101 -1 0.4265735042892497 0.48885255714119646 0.20673123770232146 0.6521912415929056 0.14046864580063168 -0.4803590584829031 -0.5433364011215905 
102 -1 -0.10060044326735187 -0.031227515264536654 0.05475225396610423 -0.20800627791624035 0.8001121175760957 0.6196631854429406 0.7320808229235105 
103 1 -0.8386439698465941 -1.158067672143625 -1.1104199546782278 -0.42305565779352683 0.3344814316169446 -0.11368497717428855 -0.16543500140452358 
104 -1 -0.10060044326735187 0.055452496803085526 0.10541191521150997 0.1145677918996894 -0.20875436866873162 1.536348388714477 0.023515698454009925 
105 -1 -1.154948338380555 -0.9847076480083806 -0.9077813096966049 0.6521912415929056 -0.4803722688115697 -0.6636960991372104 -0.6850494260154907 
106 -1 1.0591822413571716 0.6622125812764408 0.3080505601931329 -1.1757284873640297 -0.4027671544850445 0.06965206348001873 -0.1181973264398902 
107 -1 -0.10060044326735187 -0.031227515264536654 0.004092592720698488 0.007043101961046148 0.06286353147410649 -0.4803590584829031 0.3541794232064435 
108 1 -0.8386439698465941 -0.3779475635350254 -0.5025040197333589 2.587635660488484 0.48969166026999494 0.8030002260972479 -0.2599103513337903 
109 1 -1.3658179174031957 -1.2447476842112473 -1.3637182609052565 1.0822900013474785 -0.7519901689544078 -0.4803590584829031 -0.9212378008386576 
110 -1 1.7972257679364139 1.6156927140202848 1.3212437851012477 -0.3155309678548836 0.295678874453682 -0.6636960991372104 0.7320808229235105 
111 -1 -0.41690481180131284 -0.20458753939978103 0.20673123770232146 -0.20800627791624035 0.6837044460863079 0.252989104134326 0.6848431479588771 
112 1 0.2157039252666091 0.9222526174793073 1.270584123855842 1.4048640711634084 2.2358067326168114 0.6196631854429406 1.298932922499111 
113 -1 -1.0495135488692346 -1.0713876600760028 -1.059760293432822 -0.42305565779352683 -0.28635948299525676 -1.5803813024087467 0.11799104838327668 
114 1 -1.6821222859371567 -1.7648277566169803 -1.9716341958501256 0.3296171717769759 -1.489238755056397 -1.5803813024087467 -2.0077043250252253 
115 1 -0.9440787593579144 -0.8980276359407585 -1.1610796159236336 0.22209248183833263 -0.13114925434220645 -0.8470331397915177 -0.2599103513337903 
116 1 0.53200829380057 1.0956126416145517 1.067945478874219 0.9747653114088354 0.21807376012715685 1.536348388714477 0.023515698454009925 
117 1 0.4265735042892497 0.40217254507357425 0.5106892051747559 0.3296171717769759 0.4120865459434698 1.1696743074058624 0.3541794232064435 
118 1 0.4265735042892497 0.40217254507357425 0.7133278501563789 0.5446665516542624 2.158201618290286 1.3530113480601698 1.4878836223576446 
119 -1 0.004834346243968443 -0.11790752733215884 0.15607157645691572 -0.42305565779352683 0.9941249033924086 0.06965206348001873 0.9682691977466774 
120 -1 1.5863561889137732 0.5755325692088186 0.2573908989477272 -1.6058272471186026 -0.9460029547707207 1.9030224700230916 -0.4960987261569572 
121 -1 1.4809213994024528 1.6156927140202848 1.1692648013650306 -1.390777867241316 -0.4027671544850445 0.06965206348001873 0.3069417482418102 
122 -1 0.004834346243968443 -0.46462757560264756 -0.5531636809787647 -1.1757284873640297 0.295678874453682 -0.6636960991372104 0.8737938478174107 
123 1 0.6374430833118904 1.2689726657497962 1.5238824300828708 -0.1004815879775971 1.8477811609841854 2.086359510677399 1.2044575725698443 
124 -1 -0.41690481180131284 -0.3779475635350254 -0.24920571350633022 -0.7456297276094566 0.02406097431084391 -0.11368497717428855 -0.16543500140452358 
125 1 0.848312662334531 1.2689726657497962 1.5238824300828708 1.4048640711634084 1.7701760466576604 1.536348388714477 1.062744547675944 
126 -1 0.848312662334531 0.48885255714119646 0.3587102214385387 -0.6381050376708134 -0.4415697116483071 -0.6636960991372104 -0.023721976510623452 
127 1 -0.8386439698465941 -0.46462757560264756 -0.04656706852470725 -2.358500076689105 -1.2564234120768214 1.1696743074058624 -0.6378117510508573 
128 1 0.3211387147779294 0.2288125209383299 0.4093698826839444 0.43714186171561914 0.3732839887802072 1.3530113480601698 -0.21267267636915696 
129 1 -0.6277743908239535 -0.46462757560264756 -0.29986537475173597 0.6521912415929056 0.955322346229146 0.4363261447886333 0.4014170981710769 
130 1 -1.0495135488692346 -1.5047877204141138 -1.3637182609052565 0.22209248183833263 -0.4415697116483071 -1.2137072211001323 -1.1574261756618245 
131 1 -0.8386439698465941 -0.7246676118055141 -1.3637182609052565 1.8349628309179813 0.6060993317597827 -1.5803813024087467 -0.1181973264398902 
132 -1 0.004834346243968443 -0.2912675514674032 -0.40118469724254746 -1.390777867241316 -1.1400157405870337 -0.4803590584829031 -0.7795247759447574 
133 -1 1.0591822413571716 0.6622125812764408 0.8653068338925961 -0.6381050376708134 0.14046864580063168 -1.030370180445825 0.49589244810034366 
134 1 -0.41690481180131284 -0.3779475635350254 -0.29986537475173597 -2.0359260068731757 -0.7131876117911452 1.3530113480601698 -0.16543500140452358 
135 1 -1.5766874964258364 -1.3314276962788694 -1.5156972446414738 1.4048640711634084 -0.9848055119339834 -1.5803813024087467 -1.7715159502020583 
136 1 -1.787557075448477 -1.6781477445493582 -1.7689955508685025 0.7597159315315489 -0.8683978404441955 -0.29702201782859583 -1.5825652503435248 
137 -1 1.7972257679364139 1.8757327502231513 1.9291597200461168 0.6521912415929056 1.886583718147448 -0.6636960991372104 1.9602603720039784 
138 1 0.004834346243968443 0.40217254507357425 0.4600295439293502 0.43714186171561914 0.3732839887802072 0.252989104134326 0.5431301230649771 
139 -1 -0.2060352327786722 0.055452496803085526 -0.097226729770113 -0.1004815879775971 -0.13114925434220645 -0.29702201782859583 -0.2599103513337903 
140 1 -1.0495135488692346 -1.7648277566169803 -1.7183358896230967 -0.20800627791624035 -1.295225969240084 -1.763718343063054 -1.2991392005557245 
141 1 0.2157039252666091 0.14213250887070772 0.20673123770232146 0.22209248183833263 1.5373607036780848 0.252989104134326 1.062744547675944 
142 1 0.9537474518458513 1.0089326295469296 1.5238824300828708 1.0822900013474785 1.6537683751678725 1.536348388714477 1.1099822226405776 
143 1 -0.2060352327786722 -0.031227515264536654 0.5106892051747559 -2.0359260068731757 -0.63558249746462 1.3530113480601698 0.2597040732771768 
144 -1 0.11026913575528877 -0.031227515264536654 0.3080505601931329 -0.6381050376708134 0.02406097431084391 -0.11368497717428855 0.023515698454009925 
145 1 -1.2603831278918753 -0.9847076480083806 -1.2117392771690394 2.265061590672554 -0.16995181150546904 -1.030370180445825 -0.5905740760862239 
146 1 -0.2060352327786722 -0.46462757560264756 -0.6544830034695762 -0.20800627791624035 -0.9072003976074582 -0.8470331397915177 -0.4960987261569572 
147 -1 4.01135634767414 4.476133112251817 4.006205831107752 2.587635660488484 3.205870661698376 0.252989104134326 3.897005045553947 
148 1 1.2700518203798123 1.4423326898850404 1.7771807363098995 -0.20800627791624035 1.1105325748821964 0.4363261447886333 2.2909240967564117 
149 1 0.2157039252666091 0.5755325692088186 1.2199244626104364 1.8349628309179813 1.1105325748821964 0.4363261447886333 0.16522872334791006 
150 -1 0.11026913575528877 0.14213250887070772 0.20673123770232146 -0.5305803477321701 0.9941249033924086 0.8030002260972479 0.8737938478174107 
151 1 -0.31147002228999254 0.055452496803085526 0.3587102214385387 -1.1757284873640297 -0.829595283280933 0.9863372667515552 -0.3071480262984237 
152 1 1.164617030868492 1.6156927140202848 2.0304790425369283 1.619913451040695 2.1193990611270235 1.536348388714477 1.3934082724283778 
153 1 -1.154948338380555 -1.0713876600760028 -1.1104199546782278 0.5446665516542624 0.17927120296389426 -0.29702201782859583 -0.5433364011215905 
154 1 0.7428778728232107 1.2689726657497962 1.3719034463466535 0.8672406214701921 1.7701760466576604 1.536348388714477 1.2516952475344776 
155 1 -0.8386439698465941 -0.8113476238731363 -0.7051426647149819 -0.5305803477321701 -0.9848055119339834 1.3530113480601698 -0.8267624509093908 
156 -1 -0.10060044326735187 0.2288125209383299 0.004092592720698488 1.0822900013474785 0.5672967745965201 -1.030370180445825 0.49589244810034366 
157 1 -1.471252706914516 -1.2447476842112473 -1.2623989384144452 0.7597159315315489 -0.63558249746462 0.252989104134326 -1.2046638506264578 
158 -1 0.2157039252666091 0.2288125209383299 -0.3505250359971417 0.3296171717769759 -0.7519901689544078 -0.4803590584829031 -0.5905740760862239 
159 1 -1.6821222859371567 -2.1982278169550913 -2.2249325020771544 0.6521912415929056 -1.101213183423771 -1.5803813024087467 -1.6770406002727916 
160 1 0.004834346243968443 0.5755325692088186 1.067945478874219 1.0822900013474785 2.1970041754535488 1.1696743074058624 1.7713096721454449 
161 -1 0.9537474518458513 0.8355726054116852 0.8653068338925961 -0.5305803477321701 0.4120865459434698 -0.4803590584829031 0.6376054729942437 
162 1 -0.41690481180131284 -0.20458753939978103 -0.04656706852470725 -1.6058272471186026 0.8001121175760957 1.1696743074058624 1.298932922499111 
163 1 -1.787557075448477 -1.8515077686846024 -1.8196552121139082 0.5446665516542624 -1.9936719981788105 -1.2137072211001323 -2.196655024883759 
164 -1 -0.2060352327786722 -0.3779475635350254 -0.6038233422241704 -0.42305565779352683 -0.7519901689544078 -0.4803590584829031 -0.9212378008386576 
165 1 -0.31147002228999254 -0.46462757560264756 -0.6038233422241704 1.5123887611020517 0.02406097431084391 -1.5803813024087467 -0.16543500140452358 
166 -1 0.848312662334531 0.48885255714119646 0.2573908989477272 -1.4983025571799593 -0.6743850546278827 -1.030370180445825 0.0707533734186433 
167 1 -1.0495135488692346 -0.637987599737892 -0.5025040197333589 0.007043101961046148 -1.1788182977502963 -0.8470331397915177 -1.3936145504849913 
168 -1 2.0080953469590543 1.8757327502231513 1.6252017525736824 0.007043101961046148 0.6449018889230452 0.4363261447886333 0.9682691977466774 
169 1 -0.41690481180131284 -0.7246676118055141 -0.6544830034695762 -0.5305803477321701 -0.6743850546278827 0.8030002260972479 -0.9212378008386576 
170 1 0.53200829380057 0.748892593344063 1.1692648013650306 0.43714186171561914 1.7701760466576604 0.4363261447886333 1.0155068727113108 
171 1 -1.787557075448477 -2.0248677928198466 -1.9209745346047198 0.5446665516542624 -1.101213183423771 -1.030370180445825 -1.5353275753788915 
172 1 -0.2060352327786722 0.055452496803085526 0.4093698826839444 -0.20800627791624035 1.1105325748821964 0.4363261447886333 0.6376054729942437 
173 -1 -0.41690481180131284 -0.5513075876702698 -0.40118469724254746 0.1145677918996894 0.3732839887802072 -1.3970442617544396 0.5431301230649771 
174 1 0.3211387147779294 0.9222526174793073 1.1186051401196249 0.5446665516542624 1.1881376892087214 0.8030002260972479 1.3934082724283778 
175 -1 0.6374430833118904 0.40217254507357425 0.15607157645691572 -0.9606791074867431 -0.4415697116483071 -0.29702201782859583 -0.21267267636915696 
176 1 -0.41690481180131284 -0.637987599737892 -0.6544830034695762 1.0822900013474785 -0.4027671544850445 -0.6636960991372104 0.21246639831254344 
177 -1 0.6374430833118904 0.48885255714119646 0.20673123770232146 0.007043101961046148 -0.7519901689544078 -0.4803590584829031 -0.40162337622769045 
178 1 1.164617030868492 1.2689726657497962 0.9159664951380019 -0.1004815879775971 0.3732839887802072 1.1696743074058624 0.4014170981710769 
179 1 0.53200829380057 0.6622125812764408 0.6120085276655675 0.3296171717769759 1.5373607036780848 1.9030224700230916 1.1099822226405776 
180 -1 0.11026913575528877 0.3154925330059521 0.4600295439293502 -0.42305565779352683 -0.09234669717894385 0.4363261447886333 0.21246639831254344 
181 -1 1.164617030868492 0.9222526174793073 1.067945478874219 -1.2832531773026727 -0.28635948299525676 0.06965206348001873 0.6848431479588771 
182 -1 -0.9440787593579144 -0.8980276359407585 -0.8571216484511991 -0.20800627791624035 -1.0624106262605084 -0.6636960991372104 -0.9212378008386576 
183 -1 -1.2603831278918753 -1.4181077083464915 -1.2117392771690394 -0.7456297276094566 -1.372831083566609 -0.8470331397915177 -1.2991392005557245 
184 -1 0.3211387147779294 0.3154925330059521 0.6626681889109731 0.1145677918996894 0.6060993317597827 -0.4803590584829031 1.3934082724283778 
185 1 -1.787557075448477 -1.9381877807522248 -1.9716341958501256 2.157536900733911 -1.023608069097246 -1.5803813024087467 -1.865991300131325 
186 1 -2.103861443982438 -1.8515077686846024 -1.9716341958501256 1.727438140979338 -1.295225969240084 -0.4803590584829031 -1.9132289750959584 
187 1 -0.2060352327786722 -0.031227515264536654 0.5106892051747559 -1.7133519370572459 -0.7907927261176704 0.6196631854429406 -0.2599103513337903 
188 -1 -0.41690481180131284 -0.11790752733215884 0.15607157645691572 0.22209248183833263 1.1881376892087214 0.06965206348001873 0.7320808229235105 
189 -1 -0.10060044326735187 -0.11790752733215884 0.05475225396610423 -0.1004815879775971 0.5284942174332575 0.4363261447886333 0.3069417482418102 
190 -1 0.6374430833118904 0.748892593344063 0.20673123770232146 -1.2832531773026727 -0.5579773831380949 1.1696743074058624 -0.023721976510623452 
191 -1 2.6407040840269764 2.22245279849364 1.675861413819088 -0.1004815879775971 -0.5579773831380949 -0.8470331397915177 -0.2599103513337903 
192 -1 0.004834346243968443 0.055452496803085526 0.004092592720698488 0.1145677918996894 -0.7131876117911452 -0.6636960991372104 -0.7322871009801241 
193 1 -0.8386439698465941 -0.46462757560264756 -0.6038233422241704 1.297339381224765 0.6837044460863079 -0.29702201782859583 -0.07095965147525683 
194 1 -0.9440787593579144 -0.5513075876702698 -0.6544830034695762 0.8672406214701921 0.3344814316169446 -1.2137072211001323 -0.44886105119232383 
195 -1 0.53200829380057 0.48885255714119646 0.3080505601931329 -0.5305803477321701 -0.7519901689544078 -0.6636960991372104 -0.21267267636915696 
196 -1 0.53200829380057 0.40217254507357425 0.3587102214385387 0.1145677918996894 0.295678874453682 -0.4803590584829031 0.5431301230649771 
197 -1 -1.3658179174031957 -1.2447476842112473 -1.3637182609052565 -0.20800627791624035 -0.9072003976074582 -1.9470553837173614 -1.0157131507679242 
198 1 -1.154948338380555 -0.5513075876702698 -0.19854605226092448 -1.0682037974253864 -1.0624106262605084 1.9030224700230916 -0.3543857012630571 
199 1 1.3754866098911327 1.6156927140202848 2.081138703782334 0.9747653114088354 1.886583718147448 0.8030002260972479 1.3934082724283778 
200 -1 -0.10060044326735187 0.055452496803085526 0.2573908989477272 -0.6381050376708134 -0.5967799403013575 0.6196631854429406 -0.3071480262984237 
201 -1 0.11026913575528877 -0.031227515264536654 0.5613488664201617 -0.8531544175480998 0.02406097431084391 0.06965206348001873 0.16522872334791006 
202 -1 0.7428778728232107 0.48885255714119646 0.15607157645691572 -0.1004815879775971 -0.20875436866873162 0.06965206348001873 -0.16543500140452358 
203 1 0.848312662334531 1.0089326295469296 1.067945478874219 0.7597159315315489 2.429819518433124 1.3530113480601698 1.7240719971808114 
204 1 -0.7332091803352738 -0.9847076480083806 -1.059760293432822 0.43714186171561914 -0.8683978404441955 -1.030370180445825 -0.9212378008386576 
205 -1 -0.2060352327786722 -0.2912675514674032 -0.8064619872057934 2.587635660488484 -0.053544140015681266 0.252989104134326 -0.40162337622769045 
206 -1 2.851573663049617 1.9624127622907734 1.3212437851012477 0.5446665516542624 0.5284942174332575 -0.8470331397915177 1.1099822226405776 
207 1 -0.10060044326735187 -0.46462757560264756 -0.24920571350633022 -1.0682037974253864 0.21807376012715685 0.6196631854429406 0.3541794232064435 
208 1 0.3211387147779294 0.3154925330059521 0.5106892051747559 -0.20800627791624035 1.226940246371984 1.7196854293687842 1.1099822226405776 
209 -1 0.2157039252666091 -0.11790752733215884 -0.24920571350633022 2.265061590672554 -0.2475569258319942 -1.5803813024087467 -0.4960987261569572 
210 -1 2.3243997154930156 2.4824928346965067 1.9291597200461168 0.6521912415929056 0.761309560412833 -0.11368497717428855 1.440645947393011 
211 -1 0.6374430833118904 0.3154925330059521 0.3080505601931329 -0.8531544175480998 -0.5191748259748323 -0.8470331397915177 -0.07095965147525683 
212 1 -1.3658179174031957 -1.0713876600760028 -1.0091006321874163 -0.5305803477321701 -1.2564234120768214 -0.11368497717428855 -1.2046638506264578 
213 1 0.53200829380057 0.14213250887070772 0.7133278501563789 -0.7456297276094566 1.2657428035352467 0.9863372667515552 1.298932922499111 
214 -1 -1.0495135488692346 -0.8113476238731363 -0.8064619872057934 0.8672406214701921 -0.4415697116483071 -0.6636960991372104 -0.3543857012630571 
215 1 -1.2603831278918753 -1.3314276962788694 -1.5156972446414738 2.3725862806111975 -0.7131876117911452 -1.030370180445825 -1.5353275753788915 
216 1 -0.7332091803352738 -0.46462757560264756 -0.097226729770113 -2.4660247666277484 -1.5280413122196594 2.2696965513317062 -0.8740001258740242 
217 1 0.7428778728232107 0.6622125812764408 0.9159664951380019 0.1145677918996894 0.5672967745965201 1.1696743074058624 0.21246639831254344 
218 1 -1.471252706914516 -1.0713876600760028 -1.5156972446414738 1.5123887611020517 -0.63558249746462 -0.8470331397915177 -1.346376875520358 
219 -1 -0.31147002228999254 -1.0713876600760028 -1.059760293432822 -1.6058272471186026 -1.101213183423771 -0.8470331397915177 -0.6850494260154907 
220 -1 1.2700518203798123 1.0089326295469296 0.9159664951380019 -0.5305803477321701 0.3344814316169446 0.4363261447886333 0.6376054729942437 
221 -1 -0.5223396013126331 -0.8113476238731363 -0.6544830034695762 0.5446665516542624 -0.36396459732178194 0.06965206348001873 -0.8267624509093908 
222 1 0.2157039252666091 0.48885255714119646 0.3587102214385387 0.1145677918996894 -0.5967799403013575 0.8030002260972479 -0.9212378008386576 
223 1 -0.6277743908239535 -0.11790752733215884 0.5106892051747559 -1.8208766269958891 -0.8683978404441955 2.2696965513317062 -0.023721976510623452 
224 1 0.2157039252666091 0.14213250887070772 -0.8571216484511991 1.4048640711634084 -0.13114925434220645 -1.5803813024087467 -0.07095965147525683 
225 1 -0.7332091803352738 -0.7246676118055141 -0.7558023259603877 1.0822900013474785 0.17927120296389426 -0.29702201782859583 -0.2599103513337903 
226 -1 0.53200829380057 0.40217254507357425 0.20673123770232146 -0.1004815879775971 -0.20875436866873162 -1.030370180445825 -0.44886105119232383 
227 1 0.004834346243968443 0.40217254507357425 0.7639875114017847 -1.6058272471186026 -0.6743850546278827 1.3530113480601698 0.16522872334791006 
228 1 0.004834346243968443 0.14213250887070772 0.4600295439293502 -0.42305565779352683 1.226940246371984 1.7196854293687842 1.2044575725698443 
229 1 1.2700518203798123 1.5290127019526627 1.3719034463466535 1.9424875208566246 1.7701760466576604 1.9030224700230916 0.921031522782044 
230 -1 0.53200829380057 -0.031227515264536654 -0.24920571350633022 -1.9284013169345322 -1.2176208549135588 -0.6636960991372104 -0.4960987261569572 
231 -1 -0.6277743908239535 -0.8980276359407585 -1.0091006321874163 0.1145677918996894 -0.7131876117911452 -0.6636960991372104 -0.5905740760862239 
232 1 -1.9984266544711176 -2.111547804887469 -2.123613179586343 0.7597159315315489 -1.760856655199235 -1.9470553837173614 -2.196655024883759 
233 -1 0.53200829380057 0.748892593344063 0.4600295439293502 -0.3155309678548836 -0.36396459732178194 -0.4803590584829031 -0.07095965147525683 
234 1 -1.6821222859371567 -1.7648277566169803 -2.123613179586343 0.43714186171561914 -1.2176208549135588 -1.763718343063054 -1.9132289750959584 
235 -1 -0.5223396013126331 -0.8113476238731363 -1.3637182609052565 -0.9606791074867431 -1.6056464265461847 -1.030370180445825 -1.2991392005557245 
236 -1 0.2157039252666091 -0.031227515264536654 0.10541191521150997 -0.42305565779352683 -0.32516204015851935 -0.8470331397915177 0.11799104838327668 
237 -1 0.53200829380057 0.14213250887070772 -0.04656706852470725 0.007043101961046148 0.10166608863736908 -0.29702201782859583 -0.1181973264398902 
238 1 -1.0495135488692346 -1.0713876600760028 -0.6544830034695762 0.43714186171561914 -0.5967799403013575 -0.4803590584829031 -1.0157131507679242 
239 1 0.53200829380057 0.48885255714119646 0.6120085276655675 0.3296171717769759 1.8089786038209228 1.3530113480601698 1.6295966472515446 
240 1 -1.0495135488692346 -1.2447476842112473 -1.313058599659851 -1.4983025571799593 -0.829595283280933 0.06965206348001873 -0.7322871009801241 
241 1 -0.41690481180131284 -0.46462757560264756 -0.4518443584879532 0.22209248183833263 0.6449018889230452 1.1696743074058624 0.6376054729942437 
242 1 -1.787557075448477 -1.7648277566169803 -1.9209745346047198 2.910209730304414 -0.4803722688115697 -1.2137072211001323 -1.6770406002727916 
243 1 -1.5766874964258364 -1.5047877204141138 -1.5156972446414738 1.727438140979338 -0.6743850546278827 -1.030370180445825 -1.9132289750959584 
244 -1 -0.31147002228999254 -0.2912675514674032 -0.19854605226092448 0.5446665516542624 0.17927120296389426 0.06965206348001873 -0.21267267636915696 
245 -1 -0.7332091803352738 -0.637987599737892 -0.7558023259603877 0.43714186171561914 -0.053544140015681266 0.4363261447886333 -0.5433364011215905 
246 -1 -0.5223396013126331 -0.3779475635350254 -0.14788639101551873 -0.3155309678548836 0.6060993317597827 -0.6636960991372104 0.21246639831254344 
247 -1 0.6374430833118904 0.8355726054116852 0.6626681889109731 -0.3155309678548836 0.3344814316169446 1.1696743074058624 1.1099822226405776 
248 -1 -0.10060044326735187 -0.3779475635350254 -0.4518443584879532 -1.6058272471186026 -0.9072003976074582 -0.4803590584829031 -0.6850494260154907 
249 -1 1.164617030868492 1.2689726657497962 1.0172858176288133 1.619913451040695 1.2657428035352467 0.06965206348001873 1.6295966472515446 
250 1 -0.31147002228999254 -0.2912675514674032 0.10541191521150997 -0.9606791074867431 -0.28635948299525676 2.086359510677399 -0.3071480262984237 
251 -1 -0.10060044326735187 -0.2912675514674032 -0.3505250359971417 0.5446665516542624 -0.63558249746462 -0.6636960991372104 -0.968475475803291 
252 1 -1.0495135488692346 -0.8113476238731363 -0.6544830034695762 -0.5305803477321701 -0.36396459732178194 0.8030002260972479 -0.2599103513337903 
253 1 0.53200829380057 0.748892593344063 0.9159664951380019 -0.20800627791624035 1.0717300177189337 1.7196854293687842 1.3934082724283778 
254 1 0.004834346243968443 0.3154925330059521 0.5613488664201617 0.007043101961046148 0.5284942174332575 -0.8470331397915177 0.4486547731357103 
255 -1 0.848312662334531 0.748892593344063 0.6120085276655675 -0.5305803477321701 -0.20875436866873162 -0.4803590584829031 -0.16543500140452358 
256 1 0.004834346243968443 -0.031227515264536654 0.10541191521150997 0.22209248183833263 1.420953032188297 0.6196631854429406 0.8265561728527773 
257 1 -0.9440787593579144 -1.158067672143625 -1.2117392771690394 0.22209248183833263 0.8001121175760957 -0.4803590584829031 -0.023721976510623452 
258 1 0.3211387147779294 0.3154925330059521 0.9159664951380019 0.6521912415929056 1.7313734894943977 1.3530113480601698 1.298932922499111 
259 -1 0.004834346243968443 -0.11790752733215884 0.05475225396610423 0.007043101961046148 0.3344814316169446 -0.29702201782859583 0.49589244810034366 
260 -1 -0.6277743908239535 -0.2912675514674032 -0.24920571350633022 -0.20800627791624035 0.25687631729041943 -1.030370180445825 0.6848431479588771 
261 -1 -0.10060044326735187 -0.031227515264536654 0.004092592720698488 -1.2832531773026727 -1.0624106262605084 -0.29702201782859583 -0.5433364011215905 
262 -1 0.7428778728232107 0.9222526174793073 0.5613488664201617 0.8672406214701921 -0.20875436866873162 -0.29702201782859583 -0.023721976510623452 
263 -1 0.3211387147779294 -0.031227515264536654 -0.24920571350633022 -0.5305803477321701 -0.5967799403013575 -0.11368497717428855 -0.40162337622769045 
264 1 -1.8929918649597972 -2.0248677928198466 -2.0222938570955313 0.3296171717769759 -1.4116336407298717 -1.5803813024087467 -1.724278275237425 
265 1 -0.8386439698465941 -0.7246676118055141 -0.9584409709420106 1.4048640711634084 0.21807376012715685 -0.11368497717428855 -0.968475475803291 
266 1 -0.41690481180131284 -0.031227515264536654 0.10541191521150997 0.9747653114088354 0.6837044460863079 -0.11368497717428855 0.0707533734186433 
267 -1 -0.2060352327786722 -0.2912675514674032 -0.6038233422241704 0.9747653114088354 0.02406097431084391 -1.2137072211001323 -0.5433364011215905 
268 1 -0.6277743908239535 -0.46462757560264756 0.10541191521150997 -0.42305565779352683 0.295678874453682 -1.2137072211001323 0.4486547731357103 
269 1 1.5863561889137732 2.22245279849364 2.638394977481797 1.5123887611020517 2.1193990611270235 1.9030224700230916 1.9602603720039784 
270 -1 -0.41690481180131284 -0.3779475635350254 -0.29986537475173597 -0.5305803477321701 -0.5967799403013575 1.1696743074058624 -0.8740001258740242 
271 -1 -0.2060352327786722 0.055452496803085526 0.10541191521150997 -0.1004815879775971 0.5672967745965201 0.252989104134326 0.2597040732771768 
272 -1 0.11026913575528877 0.48885255714119646 0.10541191521150997 -0.8531544175480998 -0.8683978404441955 -0.6636960991372104 -0.3071480262984237 
273 1 -1.0495135488692346 -0.9847076480083806 -1.0091006321874163 0.6521912415929056 -0.4415697116483071 0.6196631854429406 -0.5905740760862239 
274 -1 -0.10060044326735187 0.055452496803085526 -0.097226729770113 -0.5305803477321701 -0.32516204015851935 -0.29702201782859583 -0.3543857012630571 
275 -1 0.3211387147779294 0.40217254507357425 0.5106892051747559 -0.5305803477321701 -0.2475569258319942 -0.4803590584829031 0.2597040732771768 
276 1 1.2700518203798123 1.7890527381555292 1.9291597200461168 0.22209248183833263 1.1105325748821964 1.9030224700230916 0.9682691977466774 
277 1 -0.2060352327786722 -0.46462757560264756 -0.097226729770113 -0.6381050376708134 1.149335132045459 0.8030002260972479 0.3541794232064435 
278 1 -0.2060352327786722 -0.3779475635350254 -0.4518443584879532 1.9424875208566246 0.6060993317597827 -0.6636960991372104 -0.023721976510623452 
279 1 0.004834346243968443 0.40217254507357425 0.6626681889109731 0.7597159315315489 -1.489238755056397 0.6196631854429406 -1.9132289750959584 
280 -1 1.2700518203798123 0.9222526174793073 0.7639875114017847 -0.3155309678548836 0.3732839887802072 -0.11368497717428855 0.7793184978881439 
281 -1 0.3211387147779294 -0.031227515264536654 -0.14788639101551873 -0.5305803477321701 -0.7519901689544078 0.4363261447886333 -0.3071480262984237 
282 1 -1.9984266544711176 -2.0248677928198466 -2.123613179586343 -0.6381050376708134 -1.566843869382922 -0.8470331397915177 -2.0077043250252253 
283 -1 0.53200829380057 -0.031227515264536654 -0.24920571350633022 -1.9284013169345322 -1.3340285264033467 0.06965206348001873 -0.8740001258740242 
284 1 -0.10060044326735187 0.14213250887070772 0.6626681889109731 -0.5305803477321701 0.21807376012715685 2.2696965513317062 0.11799104838327668 
285 -1 -0.5223396013126331 -0.46462757560264756 -0.24920571350633022 0.5446665516542624 -0.014741582852418679 0.06965206348001873 -0.3071480262984237 
286 -1 0.2157039252666091 0.3154925330059521 0.05475225396610423 -0.3155309678548836 -0.36396459732178194 -0.29702201782859583 0.2597040732771768 
287 -1 0.9537474518458513 0.9222526174793073 1.067945478874219 0.007043101961046148 0.45088910310673236 -0.6636960991372104 1.2044575725698443 
288 1 0.848312662334531 1.0956126416145517 0.9159664951380019 0.007043101961046148 1.498558146514822 0.6196631854429406 1.5351212973222779 
289 1 -1.9984266544711176 -1.9381877807522248 -1.9209745346047198 0.8672406214701921 -0.829595283280933 0.4363261447886333 -1.6298029253081583 
290 1 1.7972257679364139 2.5691728467641286 2.3850966712547685 0.9747653114088354 1.4597555893515597 0.4363261447886333 1.5351212973222779 
291 -1 1.9026605574477342 1.5290127019526627 0.9159664951380019 0.3296171717769759 -0.2475569258319942 -0.29702201782859583 0.3069417482418102 
292 -1 1.7972257679364139 1.6156927140202848 1.1692648013650306 -0.3155309678548836 -0.014741582852418679 -0.4803590584829031 0.49589244810034366 
293 1 0.2157039252666091 0.3154925330059521 0.6120085276655675 0.43714186171561914 2.1970041754535488 1.536348388714477 1.7240719971808114 
294 1 -0.9440787593579144 -0.8113476238731363 -1.059760293432822 -0.42305565779352683 -0.7907927261176704 -0.4803590584829031 -1.1574261756618245 
295 -1 -0.41690481180131284 -0.5513075876702698 -0.40118469724254746 -0.7456297276094566 -0.014741582852418679 -0.6636960991372104 0.8265561728527773 
296 1 -0.6277743908239535 -0.8113476238731363 -1.3637182609052565 0.9747653114088354 -1.2176208549135588 -1.2137072211001323 -1.2519015255910912 
297 1 0.9537474518458513 1.0956126416145517 1.6252017525736824 0.7597159315315489 1.886583718147448 1.3530113480601698 1.062744547675944 
298 -1 -0.31147002228999254 -0.46462757560264756 -0.8064619872057934 -0.8531544175480998 -1.0624106262605084 -0.6636960991372104 -0.8740001258740242 
299 -1 -1.471252706914516 -1.158067672143625 -1.6170165671322854 0.6521912415929056 -1.2176208549135588 -1.3970442617544396 -1.5825652503435248 
300 1 0.2157039252666091 0.2288125209383299 0.15607157645691572 0.1145677918996894 1.3045453606985093 0.06965206348001873 0.8265561728527773 
301 1 0.53200829380057 0.48885255714119646 0.7639875114017847 0.007043101961046148 1.1105325748821964 1.3530113480601698 1.062744547675944 
302 1 2.6407040840269764 3.089252919169862 2.9930126061996374 0.6521912415929056 1.1105325748821964 0.8030002260972479 1.8185473471100781 
303 1 0.7428778728232107 0.48885255714119646 1.1692648013650306 0.3296171717769759 2.080596503963761 0.252989104134326 1.298932922499111 
304 1 -0.41690481180131284 -0.5513075876702698 -0.3505250359971417 0.7597159315315489 -0.6743850546278827 -1.3970442617544396 -0.07095965147525683 
305 1 -0.41690481180131284 -0.2912675514674032 -0.19854605226092448 -0.3155309678548836 -0.32516204015851935 0.4363261447886333 -0.5433364011215905 
306 1 0.6374430833118904 0.8355726054116852 1.2199244626104364 0.7597159315315489 3.1670681045351134 1.7196854293687842 2.432637121650312 
307 1 0.11026913575528877 0.3154925330059521 0.3587102214385387 0.43714186171561914 0.8777172319026209 1.3530113480601698 0.5431301230649771 
308 1 0.3211387147779294 0.748892593344063 0.5106892051747559 -0.9606791074867431 -0.9460029547707207 0.252989104134326 -0.44886105119232383 
309 1 -1.5766874964258364 -1.6781477445493582 -1.870314873359314 1.619913451040695 -1.023608069097246 -1.5803813024087467 -1.6770406002727916 
310 -1 -0.6277743908239535 -0.8113476238731363 -0.9584409709420106 -0.1004815879775971 -0.9460029547707207 -0.8470331397915177 -0.6850494260154907 
311 1 -0.8386439698465941 -0.9847076480083806 -1.0091006321874163 0.6521912415929056 0.3344814316169446 0.8030002260972479 -0.07095965147525683 
312 -1 -0.10060044326735187 -0.11790752733215884 -0.04656706852470725 -0.42305565779352683 -0.28635948299525676 0.252989104134326 -0.5433364011215905 
313 -1 0.11026913575528877 0.5755325692088186 0.8146471726471903 0.9747653114088354 1.3433479178617718 -0.4803590584829031 2.054735721933245 
314 -1 -1.2603831278918753 -1.0713876600760028 -1.3637182609052565 1.5123887611020517 0.02406097431084391 -0.6636960991372104 -0.5433364011215905 
315 -1 0.9537474518458513 0.3154925330059521 0.3587102214385387 -2.143450696811819 -1.0624106262605084 0.252989104134326 -0.3543857012630571 
316 -1 -0.31147002228999254 -0.2912675514674032 -0.14788639101551873 -1.0682037974253864 -1.101213183423771 0.06965206348001873 -0.7795247759447574 
317 1 -1.0495135488692346 -0.9847076480083806 -1.059760293432822 0.3296171717769759 -0.4415697116483071 0.4363261447886333 -0.40162337622769045 
318 1 -1.154948338380555 -1.0713876600760028 -1.059760293432822 -0.6381050376708134 -0.5967799403013575 -1.030370180445825 -0.8740001258740242 
319 1 -1.471252706914516 -1.2447476842112473 -1.0091006321874163 0.3296171717769759 -1.2176208549135588 -0.4803590584829031 -1.2519015255910912 
320 -1 1.0591822413571716 0.48885255714119646 0.2573908989477272 -1.1757284873640297 -0.2475569258319942 0.252989104134326 -0.3071480262984237 
321 -1 -0.41690481180131284 -0.20458753939978103 0.05475225396610423 0.1145677918996894 0.6449018889230452 1.1696743074058624 0.3541794232064435 
322 -1 -0.10060044326735187 -0.2912675514674032 -0.14788639101551873 -0.42305565779352683 0.14046864580063168 -0.29702201782859583 0.2597040732771768 
323 -1 0.3211387147779294 1.3556526778174183 2.5370756549909856 1.5123887611020517 2.8954502043922754 0.252989104134326 4.133193420377114 
324 -1 -0.5223396013126331 -0.7246676118055141 -0.7051426647149819 -0.3155309678548836 -0.5191748259748323 -1.5803813024087467 -0.1181973264398902 
325 1 -0.2060352327786722 -0.20458753939978103 0.004092592720698488 -0.42305565779352683 -0.053544140015681266 0.06965206348001873 -0.2599103513337903 
326 -1 0.004834346243968443 0.055452496803085526 0.10541191521150997 -0.8531544175480998 -0.28635948299525676 -0.8470331397915177 0.2597040732771768 
327 -1 0.53200829380057 -0.20458753939978103 -0.097226729770113 -2.5735494565663917 -1.4504361978931344 -0.29702201782859583 -0.8267624509093908 
328 -1 0.3211387147779294 -0.11790752733215884 0.004092592720698488 -0.5305803477321701 -0.32516204015851935 -1.3970442617544396 -0.16543500140452358 
329 -1 0.004834346243968443 0.055452496803085526 0.05475225396610423 0.22209248183833263 0.17927120296389426 0.06965206348001873 -0.023721976510623452 
330 1 0.7428778728232107 0.40217254507357425 0.10541191521150997 0.43714186171561914 -0.6743850546278827 0.8030002260972479 -0.5433364011215905 
331 1 0.9537474518458513 1.6156927140202848 1.7265210750644937 0.1145677918996894 1.226940246371984 1.7196854293687842 1.0155068727113108 
332 -1 0.6374430833118904 0.8355726054116852 0.4093698826839444 1.1898146912861218 -0.32516204015851935 -1.030370180445825 -1.0157131507679242 
333 1 -0.31147002228999254 -0.20458753939978103 -0.04656706852470725 -0.8531544175480998 -0.7907927261176704 0.4363261447886333 -0.6378117510508573 
334 -1 -0.10060044326735187 -0.031227515264536654 0.004092592720698488 0.007043101961046148 0.06286353147410649 -0.4803590584829031 0.3541794232064435 
335 -1 0.004834346243968443 -0.031227515264536654 0.05475225396610423 -0.3155309678548836 0.25687631729041943 -0.11368497717428855 0.2597040732771768 
336 1 -1.471252706914516 -1.3314276962788694 -1.465037583396068 0.43714186171561914 -1.101213183423771 -0.11368497717428855 -1.5353275753788915 
337 1 -1.3658179174031957 -1.5047877204141138 -1.5663569058868796 -0.5305803477321701 -0.09234669717894385 0.8030002260972479 -0.44886105119232383 
338 -1 -0.2060352327786722 -0.2912675514674032 -0.14788639101551873 0.6521912415929056 -0.09234669717894385 -0.6636960991372104 0.21246639831254344 
339 1 -0.41690481180131284 -0.46462757560264756 -0.4518443584879532 0.3296171717769759 -0.4027671544850445 1.1696743074058624 -0.6378117510508573 
340 -1 0.7428778728232107 0.748892593344063 0.4093698826839444 0.1145677918996894 0.14046864580063168 -0.6636960991372104 0.5903677980296104 
341 -1 -1.2603831278918753 -1.2447476842112473 -1.3637182609052565 -0.6381050376708134 -1.372831083566609 -0.8470331397915177 -1.4408522254496248 
342 -1 0.4265735042892497 0.055452496803085526 -0.3505250359971417 2.265061590672554 0.7225070032495705 -1.3970442617544396 0.7793184978881439 
343 -1 -0.2060352327786722 -0.11790752733215884 0.8146471726471903 0.1145677918996894 1.1105325748821964 -0.29702201782859583 1.8657850220747116 
344 1 0.11026913575528877 0.055452496803085526 0.4600295439293502 -2.143450696811819 -0.829595283280933 1.3530113480601698 -0.023721976510623452 
345 -1 -0.6277743908239535 -0.8980276359407585 -0.9077813096966049 -1.1757284873640297 -0.5967799403013575 -1.2137072211001323 -0.5905740760862239 
346 1 -1.154948338380555 -0.8113476238731363 -0.7558023259603877 0.22209248183833263 -0.4803722688115697 0.6196631854429406 -0.8740001258740242 
347 -1 -0.31147002228999254 -0.20458753939978103 0.10541191521150997 -1.0682037974253864 -0.4027671544850445 -1.030370180445825 0.4014170981710769 
348 -1 0.3211387147779294 0.40217254507357425 0.3587102214385387 -0.8531544175480998 -0.9460029547707207 -1.030370180445825 -0.3071480262984237 
349 1 -1.2603831278918753 -1.4181077083464915 -1.7689955508685025 1.5123887611020517 -0.7131876117911452 -0.8470331397915177 -1.2519015255910912 
350 -1 0.3211387147779294 0.2288125209383299 0.2573908989477272 0.3296171717769759 0.45088910310673236 -0.6636960991372104 0.4486547731357103 
351 1 0.9537474518458513 1.6156927140202848 1.8278403975553053 -0.42305565779352683 0.3732839887802072 1.1696743074058624 1.1572198976052108 
352 1 -0.8386439698465941 -1.2447476842112473 -1.059760293432822 0.22209248183833263 0.295678874453682 -0.4803590584829031 0.3069417482418102 
353 -1 0.2157039252666091 -0.031227515264536654 -0.14788639101551873 -0.9606791074867431 -0.7907927261176704 0.252989104134326 -0.5433364011215905 
354 1 1.3754866098911327 0.9222526174793073 0.5613488664201617 -1.6058272471186026 -1.2176208549135588 1.1696743074058624 -0.5905740760862239 
355 -1 1.5863561889137732 1.3556526778174183 0.8653068338925961 -1.4983025571799593 -0.5579773831380949 -0.29702201782859583 -0.023721976510623452 
356 -1 0.4265735042892497 0.5755325692088186 0.4093698826839444 -0.3155309678548836 -0.014741582852418679 1.3530113480601698 0.3069417482418102 
357 -1 -0.31147002228999254 -0.5513075876702698 -0.40118469724254746 -1.0682037974253864 -0.7519901689544078 -1.2137072211001323 -0.5433364011215905 
358 -1 0.6374430833118904 0.40217254507357425 0.3080505601931329 0.5446665516542624 -0.4415697116483071 -0.4803590584829031 -0.1181973264398902 
359 -1 -0.6277743908239535 -0.46462757560264756 -0.097226729770113 -1.7133519370572459 -1.6056464265461847 0.252989104134326 -1.110188500697191 
360 1 -0.2060352327786722 -0.46462757560264756 -0.3505250359971417 -0.1004815879775971 -0.014741582852418679 -0.6636960991372104 -0.3543857012630571 
361 -1 0.3211387147779294 0.5755325692088186 0.15607157645691572 -0.5305803477321701 -0.28635948299525676 0.6196631854429406 0.3541794232064435 
362 -1 -1.2603831278918753 -1.158067672143625 -1.313058599659851 -0.9606791074867431 -1.6056464265461847 -1.5803813024087467 -1.488089900414258 
363 -1 -0.5223396013126331 -0.46462757560264756 -0.3505250359971417 0.3296171717769759 -0.2475569258319942 -1.2137072211001323 -0.5433364011215905 
364 1 0.004834346243968443 0.14213250887070772 0.20673123770232146 -0.6381050376708134 -0.09234669717894385 0.4363261447886333 0.5903677980296104 
365 1 -2.103861443982438 -1.9381877807522248 -2.0222938570955313 -0.6381050376708134 -1.372831083566609 -1.763718343063054 -1.6298029253081583 
366 1 -1.787557075448477 -1.7648277566169803 -1.8196552121139082 0.43714186171561914 -0.7519901689544078 1.1696743074058624 -1.7715159502020583 
367 1 -1.8929918649597972 -1.7648277566169803 -2.0222938570955313 2.6951603504271273 -0.8683978404441955 -2.1303924243716685 -1.7715159502020583 
368 -1 0.6374430833118904 0.40217254507357425 0.4093698826839444 -0.6381050376708134 0.10166608863736908 -0.11368497717428855 0.3541794232064435 
369 -1 0.004834346243968443 -0.20458753939978103 -0.14788639101551873 -0.6381050376708134 0.25687631729041943 0.252989104134326 0.5431301230649771 
370 -1 -0.5223396013126331 -0.9847076480083806 -0.9584409709420106 -0.6381050376708134 -1.101213183423771 -0.29702201782859583 -1.0629508257325577 
371 1 -0.10060044326735187 0.055452496803085526 -0.097226729770113 1.619913451040695 0.6837044460863079 -0.8470331397915177 -0.1181973264398902 
372 -1 1.6917909784250935 1.3556526778174183 0.7639875114017847 -0.7456297276094566 0.10166608863736908 0.6196631854429406 0.6376054729942437 
373 1 -0.41690481180131284 -0.3779475635350254 -0.5025040197333589 1.1898146912861218 1.1881376892087214 0.6196631854429406 0.4486547731357103 
374 -1 0.6374430833118904 0.14213250887070772 0.20673123770232146 -0.9606791074867431 -0.9460029547707207 0.252989104134326 -0.44886105119232383 
375 -1 0.3211387147779294 0.3154925330059521 0.10541191521150997 -0.1004815879775971 -0.014741582852418679 0.06965206348001873 0.2597040732771768 
376 -1 -0.10060044326735187 -0.3779475635350254 -0.04656706852470725 0.22209248183833263 -0.4027671544850445 0.06965206348001873 -0.40162337622769045 
377 -1 1.9026605574477342 1.9624127622907734 1.878500058800711 1.9424875208566246 0.5672967745965201 1.1696743074058624 0.2597040732771768 
378 1 -1.5766874964258364 -1.7648277566169803 -1.7183358896230967 -1.1757284873640297 -1.5280413122196594 -1.3970442617544396 -1.724278275237425 
379 1 -0.41690481180131284 -0.3779475635350254 -0.29986537475173597 0.1145677918996894 0.17927120296389426 1.3530113480601698 -0.07095965147525683 
380 -1 -1.3658179174031957 -1.4181077083464915 -1.4143779221506623 0.007043101961046148 -0.829595283280933 -1.5803813024087467 -0.6378117510508573 
381 -1 -0.5223396013126331 -0.5513075876702698 -0.7051426647149819 -0.6381050376708134 -0.7519901689544078 -1.5803813024087467 -0.2599103513337903 
382 -1 0.3211387147779294 0.6622125812764408 0.6626681889109731 0.1145677918996894 -0.5191748259748323 0.8030002260972479 -0.3071480262984237 
383 -1 0.7428778728232107 0.748892593344063 1.0172858176288133 -0.3155309678548836 -0.13114925434220645 -0.4803590584829031 0.6376054729942437 
384 1 -0.5223396013126331 -0.2912675514674032 0.05475225396610423 -0.8531544175480998 -0.5967799403013575 1.1696743074058624 -0.5433364011215905 
385 1 -1.0495135488692346 -0.9847076480083806 -1.0091006321874163 -0.1004815879775971 -0.5191748259748323 -0.6636960991372104 -0.6378117510508573 
386 1 0.4265735042892497 0.40217254507357425 0.8653068338925961 0.43714186171561914 1.692570932331135 1.7196854293687842 1.2044575725698443 
387 -1 0.53200829380057 0.748892593344063 0.8653068338925961 0.3296171717769759 1.0717300177189337 0.9863372667515552 1.062744547675944 
388 -1 1.4809213994024528 1.6156927140202848 1.3212437851012477 0.8672406214701921 0.761309560412833 -0.29702201782859583 1.0155068727113108 
389 -1 -1.3658179174031957 -1.158067672143625 -1.059760293432822 0.3296171717769759 -0.4027671544850445 -1.763718343063054 0.0707533734186433 
390 1 0.11026913575528877 -0.031227515264536654 0.10541191521150997 -2.143450696811819 -1.101213183423771 0.6196631854429406 -0.5433364011215905 
391 -1 -0.41690481180131284 -0.3779475635350254 0.10541191521150997 0.007043101961046148 0.8389146747393582 -0.4803590584829031 0.4486547731357103 
392 -1 2.113530136470375 1.8757327502231513 1.5238824300828708 0.8672406214701921 0.3732839887802072 -0.29702201782859583 0.6848431479588771 
393 -1 3.2733128210948985 1.2689726657497962 -0.7051426647149819 -1.2832531773026727 -1.4504361978931344 -1.030370180445825 -1.346376875520358 
394 -1 1.6917909784250935 1.0089326295469296 0.4093698826839444 -1.7133519370572459 -0.4027671544850445 0.6196631854429406 0.49589244810034366 
395 -1 2.6407040840269764 2.4824928346965067 1.878500058800711 0.5446665516542624 0.6837044460863079 -0.29702201782859583 0.9682691977466774 
396 1 0.7428778728232107 1.2689726657497962 1.1186051401196249 0.1145677918996894 0.02406097431084391 -0.29702201782859583 -0.16543500140452358 
397 1 -0.6277743908239535 -0.3779475635350254 -0.40118469724254746 0.43714186171561914 1.1105325748821964 -1.030370180445825 0.49589244810034366 
398 1 -1.5766874964258364 -1.591467732481736 -1.9716341958501256 0.22209248183833263 -1.1788182977502963 -1.5803813024087467 -1.724278275237425 
399 -1 -0.9440787593579144 -0.7246676118055141 -0.9584409709420106 -1.7133519370572459 -1.7996592123624977 -1.2137072211001323 -1.3936145504849913 
400 1 0.004834346243968443 -0.20458753939978103 0.3080505601931329 0.5446665516542624 1.4597555893515597 1.3530113480601698 1.0155068727113108 
401 -1 -0.31147002228999254 -0.46462757560264756 -0.8064619872057934 -1.2832531773026727 -1.023608069097246 1.3530113480601698 -0.6850494260154907 
402 1 0.4265735042892497 0.40217254507357425 0.3080505601931329 -0.1004815879775971 0.10166608863736908 0.06965206348001873 0.3069417482418102 
403 1 -0.5223396013126331 -1.2447476842112473 -1.1104199546782278 0.5446665516542624 0.7225070032495705 -0.11368497717428855 0.0707533734186433 
404 -1 0.6374430833118904 0.48885255714119646 0.6626681889109731 0.1145677918996894 2.274609289780074 0.252989104134326 1.7713096721454449 
405 -1 -0.10060044326735187 0.14213250887070772 0.05475225396610423 0.5446665516542624 0.17927120296389426 -0.11368497717428855 0.21246639831254344 
406 -1 -0.31147002228999254 -0.5513075876702698 -0.7558023259603877 2.0500122107952676 -0.63558249746462 -0.6636960991372104 -0.8740001258740242 
407 1 -0.5223396013126331 -0.031227515264536654 0.05475225396610423 -1.390777867241316 -0.7131876117911452 0.4363261447886333 -0.2599103513337903 
408 1 -1.6821222859371567 -1.5047877204141138 -1.6170165671322854 2.4801109705498408 -1.1788182977502963 0.252989104134326 -1.5353275753788915 
409 1 0.2157039252666091 0.40217254507357425 0.4093698826839444 -0.7456297276094566 -0.7907927261176704 0.06965206348001873 -0.8267624509093908 
410 -1 1.4809213994024528 1.3556526778174183 1.5745420913282766 0.3296171717769759 1.5373607036780848 0.9863372667515552 1.7240719971808114 
411 1 -0.5223396013126331 -0.5513075876702698 -0.3505250359971417 -0.7456297276094566 -0.7131876117911452 0.6196631854429406 -0.6850494260154907 
412 1 0.11026913575528877 0.6622125812764408 1.0172858176288133 -1.2832531773026727 -0.63558249746462 1.3530113480601698 0.0707533734186433 
413 1 -0.41690481180131284 -0.7246676118055141 -0.6038233422241704 0.007043101961046148 -1.6832515408727098 -0.6636960991372104 -1.865991300131325 
414 -1 -0.2060352327786722 -0.8113476238731363 -0.6038233422241704 -0.1004815879775971 -0.5191748259748323 -1.030370180445825 -0.44886105119232383 
415 -1 -0.6277743908239535 -0.7246676118055141 -0.4518443584879532 -0.1004815879775971 -0.63558249746462 -1.2137072211001323 -0.4960987261569572 
416 -1 0.004834346243968443 0.055452496803085526 -0.19854605226092448 -0.42305565779352683 -1.023608069097246 0.8030002260972479 -1.1574261756618245 
417 1 0.3211387147779294 0.5755325692088186 0.4600295439293502 0.5446665516542624 0.4120865459434698 1.536348388714477 0.4014170981710769 
418 1 -1.8929918649597972 -1.9381877807522248 -2.1742728408317484 1.8349628309179813 -1.3340285264033467 -1.9470553837173614 -2.0549419999898584 
419 1 0.4265735042892497 0.748892593344063 1.1186051401196249 0.43714186171561914 2.002991389637236 1.3530113480601698 3.046726896190546 
420 -1 1.164617030868492 0.5755325692088186 0.4093698826839444 -0.8531544175480998 -1.0624106262605084 -0.8470331397915177 -0.8267624509093908 
421 1 0.11026913575528877 0.40217254507357425 0.004092592720698488 2.3725862806111975 0.3344814316169446 -0.8470331397915177 0.2597040732771768 
422 -1 0.4265735042892497 0.3154925330059521 -0.04656706852470725 0.007043101961046148 -0.32516204015851935 0.6196631854429406 -0.3071480262984237 
423 -1 -0.2060352327786722 0.14213250887070772 0.3080505601931329 -0.1004815879775971 0.295678874453682 0.252989104134326 0.6848431479588771 
424 1 0.4265735042892497 0.5755325692088186 0.7133278501563789 -0.5305803477321701 2.3134118469433367 1.7196854293687842 1.8185473471100781 
425 1 -1.2603831278918753 -1.0713876600760028 -1.1610796159236336 -0.1004815879775971 -0.7519901689544078 -1.2137072211001323 -0.44886105119232383 
426 1 0.11026913575528877 0.14213250887070772 0.4093698826839444 -0.8531544175480998 0.17927120296389426 0.8030002260972479 0.21246639831254344 
427 1 -0.31147002228999254 -0.7246676118055141 -0.40118469724254746 -1.0682037974253864 0.8389146747393582 0.4363261447886333 0.6376054729942437 
428 1 0.6374430833118904 1.4423326898850404 1.4225631075920593 2.157536900733911 -0.63558249746462 -0.8470331397915177 -1.488089900414258 
429 -1 1.2700518203798123 0.8355726054116852 0.5106892051747559 -0.9606791074867431 0.21807376012715685 -0.6636960991372104 0.9682691977466774 
430 1 -0.9440787593579144 -1.2447476842112473 -1.1610796159236336 -0.3155309678548836 -1.1400157405870337 -0.8470331397915177 -1.0157131507679242 
431 -1 6.225486927411867 5.689653281198527 3.1956512511812605 0.9747653114088354 0.8001121175760957 0.8030002260972479 1.6768343222161781 
432 1 0.7428778728232107 0.5755325692088186 0.7133278501563789 0.007043101961046148 -1.0624106262605084 -0.29702201782859583 -0.9212378008386576 
433 1 -0.41690481180131284 0.14213250887070772 0.05475225396610423 -0.42305565779352683 -0.4415697116483071 1.536348388714477 -0.44886105119232383 
434 1 0.848312662334531 1.0956126416145517 1.4225631075920593 0.6521912415929056 1.420953032188297 1.1696743074058624 0.8737938478174107 
435 1 -0.7332091803352738 -0.637987599737892 -0.7051426647149819 1.0822900013474785 0.10166608863736908 0.06965206348001873 -0.5905740760862239 
436 1 0.53200829380057 -0.46462757560264756 -0.19854605226092448 -0.20800627791624035 -1.1788182977502963 0.252989104134326 -1.488089900414258 
437 -1 0.4265735042892497 -0.031227515264536654 -0.14788639101551873 -0.8531544175480998 -1.1788182977502963 -0.29702201782859583 -0.6850494260154907 
438 -1 -0.9440787593579144 -0.9847076480083806 -0.9584409709420106 1.1898146912861218 -0.13114925434220645 0.252989104134326 -0.5905740760862239 
439 -1 0.4265735042892497 0.5755325692088186 0.6120085276655675 0.22209248183833263 -0.32516204015851935 -0.6636960991372104 0.11799104838327668 
440 -1 0.004834346243968443 -0.031227515264536654 -0.40118469724254746 -1.1757284873640297 -0.32516204015851935 0.4363261447886333 -0.023721976510623452 
441 1 -0.6277743908239535 -0.637987599737892 -0.29986537475173597 -0.20800627791624035 0.02406097431084391 -0.8470331397915177 -0.3071480262984237 
442 1 0.7428778728232107 0.8355726054116852 1.2199244626104364 -0.5305803477321701 0.9941249033924086 1.3530113480601698 1.1572198976052108 
443 -1 0.7428778728232107 0.5755325692088186 0.5106892051747559 -0.42305565779352683 -0.4415697116483071 0.06965206348001873 -0.023721976510623452 
444 1 0.3211387147779294 0.48885255714119646 0.9159664951380019 -0.1004815879775971 0.6449018889230452 0.06965206348001873 0.6848431479588771 
445 -1 -1.471252706914516 -1.7648277566169803 -1.6676762283776911 -0.8531544175480998 -1.8384617695257601 -1.2137072211001323 -1.6298029253081583 
446 1 -0.10060044326735187 0.14213250887070772 0.5613488664201617 -0.20800627791624035 -0.014741582852418679 1.3530113480601698 0.4014170981710769 
447 1 -0.7332091803352738 -0.637987599737892 -0.4518443584879532 -1.6058272471186026 -0.9460029547707207 1.3530113480601698 -0.6378117510508573 
448 -1 1.0591822413571716 1.0089326295469296 0.6120085276655675 -0.9606791074867431 0.14046864580063168 -0.4803590584829031 0.921031522782044 
449 -1 -0.5223396013126331 -1.2447476842112473 -0.9077813096966049 -0.8531544175480998 -1.4504361978931344 -0.6636960991372104 -0.9212378008386576 
450 -1 0.7428778728232107 0.6622125812764408 0.8146471726471903 -1.0682037974253864 -0.2475569258319942 0.6196631854429406 0.0707533734186433 
451 1 -0.2060352327786722 -0.3779475635350254 -0.14788639101551873 0.007043101961046148 0.3344814316169446 0.9863372667515552 0.023515698454009925 
452 -1 -1.154948338380555 -1.4181077083464915 -1.3637182609052565 -1.4983025571799593 -1.760856655199235 -1.3970442617544396 -1.488089900414258 
453 -1 -0.10060044326735187 0.055452496803085526 0.05475225396610423 0.43714186171561914 -0.4415697116483071 -0.6636960991372104 -0.5433364011215905 
454 1 -0.6277743908239535 -0.46462757560264756 -0.5531636809787647 0.5446665516542624 -1.101213183423771 -0.6636960991372104 -1.8187536251666916 
455 -1 -0.6277743908239535 -0.8980276359407585 -0.8064619872057934 0.9747653114088354 -0.36396459732178194 -0.6636960991372104 -0.44886105119232383 
456 1 0.7428778728232107 1.0089326295469296 1.1692648013650306 0.1145677918996894 1.9641888324739731 1.536348388714477 1.6295966472515446 
457 -1 0.4265735042892497 0.48885255714119646 0.2573908989477272 0.5446665516542624 0.10166608863736908 -0.6636960991372104 0.2597040732771768 
