id label data 
0 -1 1.6116756675283301 2.144634499641168 2.3000822859676533 1.5356660958932886 1.240257771842299 0.6832960306156085 1.1410879170357162 
1 -1 0.80443148501414 0.4311265250560707 0.2286188323778945 -0.5531309160563507 0.611437879275923 -0.688074324535993 1.2882093151440948 
2 1 -0.2334538925041045 0.0703880040907871 0.5393383504163584 -0.8515304891920134 0.23414594373609743 1.2710261828234377 -0.13396419990356428 
3 1 2.188278655038466 1.5133420879519215 0.4875517640766143 0.7399339008648547 -0.6042805796857371 -1.0798944260078793 -0.13396419990356428 
4 1 -0.6947362825122132 -0.741273668081101 -0.6517531353977531 -0.2547313429206879 0.8629658363024734 0.8792060813515516 0.2093190623493189 
5 -1 -0.4640950875081588 -0.47071977735713827 -0.49639337637852116 0.34206780335063763 0.3179885960782809 -0.8839843752719362 0.3564404604576974 
6 -1 -1.3866598675243762 -1.552935340252989 -1.4803385168336567 -2.542461403627436 -1.9876843433317641 -1.0798944260078793 -1.507097248915097 
7 -1 0.22782849750400416 -0.20016588663317558 -0.1856738583400573 -1.1499300623276763 -0.18506731797481987 -0.49216427380004996 0.25835952838544507 
8 -1 1.9576374600344117 1.6937113484345632 1.367923731852262 -0.35419786729924213 0.3179885960782809 -0.49216427380004996 0.7487641887467068 
9 1 0.4584696925080585 0.4311265250560707 0.5393383504163584 0.24260127897208342 0.4437525745915561 1.466936233559381 0.3564404604576974 
10 1 0.4584696925080585 0.4311265250560707 0.7464846957753343 0.44153432772919193 2.330212252290684 1.662846284295324 1.5334116453247255 
11 -1 1.9576374600344117 1.964265239158526 1.9893627679291896 0.5410008521077462 2.0367629690930418 -0.49216427380004996 2.0238163056859872 
12 1 0.22782849750400416 0.160572634332108 0.2286188323778945 0.14313475459352915 1.6594710335532163 0.4873859798796655 1.0920474509995899 
13 -1 0.11250790000197701 0.160572634332108 0.2286188323778945 -0.5531309160563507 1.072572467157932 1.0751161320874947 0.8958855868550853 
14 1 -0.4640950875081588 -0.741273668081101 -0.6517531353977531 -0.5531309160563507 -0.7300445581990124 1.0751161320874947 -0.9676521225177092 
15 1 -1.963262855034512 -2.0940431217009143 -1.9464177938913525 0.44153432772919193 -1.1911791460810213 -0.8839843752719362 -1.6051781809873493 
16 1 -0.2334538925041045 -0.01979662615053379 0.5393383504163584 -1.6472626842204474 -0.8558085367122875 0.8792060813515516 -0.2810855980119428 
17 1 0.22782849750400416 0.160572634332108 -0.858899480756729 1.237266522757626 -0.14314599180372814 -1.4717145274797654 -0.08492373386743812 
18 -1 -0.579415685010186 -0.8314582983224219 -1.3767653441541687 -0.9509970135705677 -1.7361563863052139 -0.8839843752719362 -1.3599758508067186 
19 -1 -0.11813329500207734 -0.2903505168744965 -0.3410336173592893 0.44153432772919193 -0.6881232320279206 -0.49216427380004996 -1.0166925885538354 
20 -1 0.80443148501414 0.9722343065039961 0.5911249367561023 0.7399339008648547 -0.2269886441459116 -0.1003441723281638 -0.03588326783131195 
21 1 -0.9253774775162675 -0.741273668081101 -0.9624726534362169 1.237266522757626 0.23414594373609743 0.09556587840777929 -1.0166925885538354 
22 1 -0.4640950875081588 -0.01979662615053379 0.12504565969840653 0.839400425243409 0.7372018577891982 0.09556587840777929 0.06219766424094039 
23 -1 -0.2334538925041045 -0.2903505168744965 -0.5999665490580092 0.839400425243409 0.024539312880638785 -1.0798944260078793 -0.5753283942286999 
24 -1 -0.4640950875081588 -0.5609044075984592 -0.3928202036990332 -0.7520639648134592 -0.017382013290452945 -0.49216427380004996 0.8468451208189591 
25 -1 0.34314909500603136 -0.10998125639185469 0.021472487018918573 -0.5531309160563507 -0.3527526226591868 -1.2758044767438224 -0.18300466593969048 
26 -1 -0.2334538925041045 -0.2903505168744965 -0.13388727200031336 0.5410008521077462 -0.1012246656326364 -0.49216427380004996 0.2093190623493189 
27 -1 -0.2334538925041045 -0.10998125639185469 0.8500578684548221 0.0436682302149749 1.1983364456712071 -0.1003441723281638 1.9257353736137348 
28 -1 1.7269962650303574 1.4231574577106005 0.9018444547945661 -1.4483296354633388 -0.6042805796857371 -0.1003441723281638 -0.03588326783131195 
29 -1 0.4584696925080585 0.6114957855387125 0.43576517773687035 -0.35419786729924213 -0.017382013290452945 1.662846284295324 0.30739999442157123 
30 1 -0.0028126975000501626 0.160572634332108 0.2286188323778945 -0.6525974404349049 -0.1012246656326364 0.6832960306156085 0.6016427906383283 
31 1 0.4584696925080585 0.4311265250560707 0.9018444547945661 0.34206780335063763 1.827156338237583 2.0546663857672103 1.2391688491079684 
32 -1 -1.5019804650264033 -1.1921968192877055 -1.0660458261157049 0.24260127897208342 -0.43659527500137024 -1.6676245782157084 0.06219766424094039 
33 1 0.4584696925080585 0.4311265250560707 0.33219200505738244 -0.15526481854213361 0.10838196522282224 0.2914759291437224 0.30739999442157123 
34 1 -1.8479422575324849 -1.552935340252989 -1.6356982758528886 2.2319317665431684 -1.2750217984232048 0.4873859798796655 -1.6051781809873493 
35 1 0.22782849750400416 0.4311265250560707 0.43576517773687035 -0.7520639648134592 -0.8558085367122875 0.2914759291437224 -0.8695711904454568 
36 1 0.11250790000197701 0.7016804157800334 1.057204213813798 -1.2493965867062304 -0.6881232320279206 1.662846284295324 0.06219766424094039 
37 1 -2.0785834525365394 -2.0038584914595936 -2.205350725590072 1.635132620271843 -1.4427071031075718 -1.8635346289516517 -2.1446233073847374 
38 1 -0.34877449000613164 -0.741273668081101 -0.3928202036990332 -1.0504635379491218 0.9048871624735652 0.6832960306156085 0.6506832566744545 
39 1 0.6891108875121128 1.5133420879519215 1.4714969045317499 1.9335321934075058 -0.6881232320279206 -0.688074324535993 -1.5561377149512232 
40 1 -1.0406980750182946 -1.2823814495290264 -1.1696189987951928 -0.35419786729924213 -1.233100472252113 -0.688074324535993 -1.0657330545899615 
