id label data 
0 -1 0.2224612620134307 -0.165396392616438 -0.36584538547794215 -0.6537312930897048 0.0021861252975035428 -0.8850246067238806 0.1941409751731381 
1 -1 0.9735951702234833 0.6565735585682844 0.48090965994277907 -0.7739240420434174 -0.9389408152778052 -0.29340489679433146 -0.6492794202810239 
2 -1 0.2224612620134307 -0.165396392616438 -0.36584538547794215 0.06742520063257064 -0.22189171769661759 -1.0822311767003971 0.29956852460490835 
3 -1 0.6516806381334608 0.7593198024663746 0.6623571696757907 0.788581694354846 1.1673909088669334 -0.6878180367473643 1.0375613706273001 
4 -1 0.11515641798342319 0.34833482687401346 0.5413921631871162 0.788581694354846 -0.5356006978883872 -0.8850246067238806 -0.5438518708492536 
5 -1 0.007851573953415668 -0.0626501487183477 -0.36584538547794215 0.06742520063257064 -0.311522854894266 -0.8850246067238806 -0.22756922255394288 
6 1 -1.9236356185867196 -2.1175750266801536 -1.6964604568533612 0.42800344749370833 -0.5804162664872113 -1.6738508866299462 -1.7035549145987263 
7 -1 -0.7432823342566369 -0.47363512431070887 -0.12391537250059324 -1.0143095399508426 1.0777597716692848 -0.6878180367473643 1.828267991365577 
8 1 0.007851573953415668 0.45108107077210374 0.8438046794088024 0.30781069853999576 1.3466531832622302 0.4954213831117341 0.8794200464796448 
9 1 -0.09945327007659185 0.04009609517974259 -0.18439787574493047 0.9087744433085586 1.3914687518610545 0.6926279530882505 0.6158511729002191 
10 -1 -0.8505871782866444 -0.3708888804126186 -0.36584538547794215 -0.1729602972748545 -0.13226058049896913 -1.6738508866299462 0.7212787223319893 
11 -1 -0.3140629581366069 0.24558858297592318 0.42042715669844183 0.30781069853999576 -0.311522854894266 0.4954213831117341 0.03599965102548274 
12 1 -1.816330774556712 -2.1175750266801536 -2.3617679925410706 0.5481961964474209 -1.5663587756613442 -1.6738508866299462 -2.1779788870416925 
13 -1 1.5101193903735208 0.6565735585682844 0.29946215020976735 -1.6152732847194053 -0.9389408152778052 2.073073942923865 -0.4911380961333685 
14 -1 1.9393387664935509 2.197767217039639 1.9324897378068726 0.1876179495862832 0.898497497273988 0.4954213831117341 1.1429889200590704 
15 1 0.4370709500734457 0.8620660463644649 1.3881472086078375 0.6683889454011335 2.1981489866398904 0.4954213831117341 1.1957026947749554 
16 -1 -0.5286726461966219 -0.6791276121068894 -0.48681039196661663 0.30781069853999576 0.5847885170822185 -1.4766443166534298 0.6685649476161042 
17 1 -2.2455501506767424 -2.220321270578244 -2.3617679925410706 2.1107019328456844 -1.3422809326672231 -0.4906114667708479 -2.072551337609922 
18 1 -0.9578920223166519 -0.5763813682087991 -0.7287404049439655 1.6299309370308341 0.9433130658728123 -0.29340489679433146 -0.016714123690402382 
19 -1 2.797777518733611 2.300513460937729 1.5695947183408492 0.788581694354846 0.7640507914775153 -0.8850246067238806 1.3011302442067256 
20 -1 0.11515641798342319 -0.0626501487183477 0.11801464047675568 -0.2931530462285671 -0.22189171769661759 -0.8850246067238806 0.1941409751731381 
21 -1 -0.4213678021666144 -0.3708888804126186 -0.2448803789892677 0.788581694354846 0.3607106740880973 0.10100824315870133 -0.17485544783805776 
22 -1 -0.20675811410659936 -0.47363512431070887 -0.5472928952109538 -1.6152732847194053 -0.894125246678981 -0.4906114667708479 -0.701993194996909 
23 1 0.4370709500734457 0.8620660463644649 1.0857346923861513 -0.05276754832114194 1.3914687518610545 1.875867372947349 1.6174128925020366 
24 1 0.2224612620134307 0.34833482687401346 1.0857346923861513 0.9087744433085586 2.153333418041066 1.4814542329943161 1.5119853430702663 
25 -1 0.2224612620134307 -0.0626501487183477 -0.3053628822336049 -0.41334579518227965 -0.5356006978883872 -0.09619832681781507 -0.38571054670159827 
26 -1 -0.5286726461966219 -0.47363512431070887 -0.36584538547794215 -0.41334579518227965 -0.5356006978883872 1.2842476630177997 -0.9128482938604495 
27 -1 0.4370709500734457 -0.0626501487183477 -0.3053628822336049 -1.9758515315805432 -1.3870965012660474 0.10100824315870133 -0.9128482938604495 
28 1 -1.601721086496697 -1.603843807189702 -1.7569429600976985 0.6683889454011335 -1.1182030896731021 -0.09619832681781507 -1.6508411398828413 
29 1 -0.5286726461966219 -0.5763813682087991 -0.5472928952109538 0.5481961964474209 -0.311522854894266 1.2842476630177997 -0.6492794202810239 
30 1 0.007851573953415668 0.04009609517974259 0.5413921631871162 -2.216237029487968 -0.8044941094813325 1.4814542329943161 0.03599965102548274 
31 -1 -0.6359774902266294 -0.5763813682087991 -0.4263278887222794 0.5481961964474209 -0.13226058049896913 -1.2794377466769133 -0.5438518708492536 
32 -1 -0.20675811410659936 -0.47363512431070887 -0.06343286925625602 0.42800344749370833 -0.311522854894266 0.10100824315870133 -0.38571054670159827 
33 -1 0.2224612620134307 0.7593198024663746 0.7833221761644652 0.30781069853999576 -0.4459695606907387 0.889834523064767 -0.280282997269828 
34 1 0.007851573953415668 -0.0626501487183477 0.11801464047675568 -2.216237029487968 -1.1182030896731021 0.6926279530882505 -0.5438518708492536 
35 -1 2.0466436105235584 2.197767217039639 1.8115247313181981 1.1491599412159839 0.5847885170822185 -0.29340489679433146 0.8267062717637597 
36 -1 -0.4213678021666144 -0.5763813682087991 -0.9706704179213145 -1.2546950378582677 -1.0285719524754535 1.4814542329943161 -0.701993194996909 
37 -1 -0.20675811410659936 0.1428423390778329 0.05753213723241844 0.788581694354846 0.3607106740880973 -0.09619832681781507 0.29956852460490835 
38 -1 1.4028145463435133 1.581289753651097 1.8720072345625354 0.5481961964474209 1.9292555750469451 1.0870410930412833 1.9864093155132323 
39 -1 0.3297661060434382 -0.0626501487183477 -0.18439787574493047 -0.7739240420434174 -1.2078342268707505 -0.29340489679433146 -0.701993194996909 
40 -1 -0.09945327007659185 -0.0626501487183477 -0.48681039196661663 -1.134502288904555 -0.22189171769661759 0.4954213831117341 0.03599965102548274 
