id label data 
0 1 -1.4781383977059355 -1.842522677849794 -1.5308599436987114 -0.6543223210598326 -1.5191210541790345 -0.6086633561018916 -1.7744853457160783 
1 -1 0.06563669616811514 0.018995079153090115 0.4032509119986845 -0.07576363717534956 1.1752659506993202 0.6515269727287859 1.1392694553131324 
2 -1 -0.2651722525191814 -0.5128671371334482 -0.6944876817755131 -1.5221603468865572 -1.9502229749595712 -0.7886905459348456 -1.8200127644821598 
3 1 -0.2651722525191814 0.37356989001078234 -0.276301550813914 -0.3650429791175911 -0.656917212617961 1.0115813523946937 -0.6818272953301243 
4 -1 0.7272545935427083 0.37356989001078234 0.35097764562848466 -0.6543223210598326 -0.4772914122927373 -0.7886905459348456 -0.044443432604984484 
5 -1 1.3888724909173016 0.6395009981540515 0.29870437925828475 -2.0042925834569596 -0.9802436532033635 1.1916085422276477 -0.4086627827336358 
6 1 -0.04463295339431705 -0.3355797317046021 -0.014935218962914573 0.6956479413372946 2.109320112390483 0.29147259306287804 1.6855984805061093 
7 1 -0.15490260295674924 0.10763878186751316 0.29870437925828475 0.5027950467091336 0.7082388698537387 -1.1487449256007534 0.45635817382191113 
8 1 0.7272545935427083 0.7281447008684745 1.2396231739218828 -0.3650429791175911 1.1752659506993202 1.7316901117265096 1.5034888054417836 
9 -1 -1.147329449018639 -0.9560856507055635 -0.9035807472563127 0.6956479413372946 -0.4413662522276926 -0.6086633561018916 -0.6362998765640429 
10 -1 -0.37544190208161365 -0.3355797317046021 -0.22402828444371412 -0.5578958737457521 0.025660828617888872 -0.06858178660302983 -0.13549827013714733 
11 1 -0.8165205003313424 -0.42422343441902516 -0.014935218962914573 -2.0042925834569596 -1.1598694535285872 1.1916085422276477 -0.5907724577979615 
12 1 -0.15490260295674924 0.018995079153090115 0.5600707111092842 -1.7150132415147183 -0.5850668924878715 1.3716357320606016 0.27424849875758545 
13 1 -1.2575990985810712 -0.9560856507055635 -1.217220345477512 2.142044651048502 -0.15396497170733478 -0.9687177357677995 -0.54524503903188 
14 1 -0.2651722525191814 -0.42422343441902516 -0.5899411490351133 1.4670595198499385 0.025660828617888872 -1.5087993052666613 -0.13549827013714733 
15 1 0.3964456448554117 0.9940758090117436 1.187349907551683 0.599221494023214 1.1034156305692306 0.8315541625617399 1.3669065491435395 
16 1 -1.8089473463932322 -1.931166380564217 -2.00131934103051 2.0456182037344215 -0.9443184931383187 -1.5087993052666613 -1.7744853457160783 
17 -1 0.06563669616811514 0.10763878186751316 0.037338047407285316 0.21351570476689197 -0.656917212617961 -0.6086633561018916 -0.6818272953301243 
18 1 -0.9267901498937746 -0.5128671371334482 -0.6422144154053132 0.8885008359654556 0.31306210913824667 -1.1487449256007534 -0.4086627827336358 
19 1 -0.7062508507689103 -0.9560856507055635 -1.0604005463669124 0.5027950467091336 -0.8006178528781399 -0.9687177357677995 -0.8639369703944499 
20 -1 -0.2651722525191814 -1.0447293534199864 -1.0604005463669124 -1.329307452258396 -1.0161688132684081 -0.7886905459348456 -0.6362998765640429 
21 -1 -0.48571155164404584 -0.7787982452767174 -0.6422144154053132 0.599221494023214 -0.3335907720325584 0.1114454032299241 -0.7728821328622871 
22 1 -0.2651722525191814 -0.24693602899017905 0.1418845801476851 -0.7507487683739131 -0.261740451902469 2.0917444913924172 -0.27208052643539155 
23 -1 -0.04463295339431705 0.018995079153090115 0.037338047407285316 -1.0400281103161546 -0.9802436532033635 -0.24860897643598376 -0.49971762026579863 
24 -1 0.3964456448554117 0.4622135927252054 0.5600707111092842 -0.3650429791175911 -0.22581529183742421 -0.4286361662689377 0.27424849875758545 
25 -1 -1.4781383977059355 -1.1333730561344095 -1.6354064764391112 0.6956479413372946 -1.1239442934635424 -1.3287721154337073 -1.5013208331195897 
26 1 2.82237793522892 3.21016837687232 3.121460763249079 0.6956479413372946 1.0315653104391413 0.8315541625617399 1.7766533180382722 
27 1 0.3964456448554117 0.8167884035828976 0.5600707111092842 -0.7507487683739131 -0.8724681730082293 0.29147259306287804 -0.4086627827336358 
28 -1 1.168333191792437 0.5508572954396285 0.29870437925828475 -0.9436016630020742 -0.22581529183742421 0.29147259306287804 -0.27208052643539155 
29 -1 0.06563669616811514 0.018995079153090115 0.0896113137774852 -0.17219008448943007 0.24121178900815723 -0.06858178660302983 0.27424849875758545 
30 -1 0.8375242431051405 0.8167884035828976 0.4555241783688844 0.21351570476689197 0.13343630881302307 -0.6086633561018916 0.5929404301201554 
31 -1 0.5067152944178439 0.10763878186751316 -0.3285748171841139 2.142044651048502 0.672313709788694 -1.3287721154337073 0.775050105184481 
32 1 -1.147329449018639 -0.7787982452767174 -0.746760948145713 0.3099421520809725 -0.4413662522276926 0.6515269727287859 -0.8184095516283686 
33 -1 0.7272545935427083 0.4622135927252054 0.4555241783688844 -0.4614694264316716 0.09751114874797832 -0.06858178660302983 0.36530333628974826 
34 1 -1.5884080472683677 -1.753878975135371 -1.7399530091795108 -0.9436016630020742 -1.4113455739839003 -1.3287721154337073 -1.6379030894178341 
35 1 -0.37544190208161365 -0.3355797317046021 -0.276301550813914 0.21351570476689197 0.16936146887806777 1.3716357320606016 -0.044443432604984484 
36 -1 0.6169849439802761 0.8167884035828976 0.9259835757006835 0.406368599395053 0.9956401503740965 1.0115813523946937 1.0482146177809695 
37 -1 2.82237793522892 2.5896624578713587 1.9714489031046811 0.599221494023214 0.6363885497236492 -0.24860897643598376 0.9571597802488067 
38 1 -0.595981201206478 -0.3355797317046021 -0.38084808355431377 0.5027950467091336 1.0315653104391413 -0.9687177357677995 0.5018855925879925 
39 -1 0.7272545935427083 0.5508572954396285 0.7168905102198838 0.21351570476689197 2.109320112390483 0.29147259306287804 1.7311258992721907 
40 1 0.5067152944178439 0.6395009981540515 0.7691637765900837 -0.3650429791175911 2.145245272455528 1.7316901117265096 1.7766533180382722 
41 1 0.9477938926675727 1.1713632144405899 1.5009895057728821 0.6956479413372946 1.318966590959499 1.1916085422276477 0.8661049427166438 
