id label data 
0 -1 0.33154918780533293 -0.11353968267026787 -0.30434814566698454 -0.7252864361020529 -0.13781172847719306 -0.8718151966192536 0.1109679269976547 
1 1 0.11855957660498576 0.3281104389030646 0.5195120761458922 0.6512352446298005 0.2846602916086277 1.3029846688602922 0.44109750981567664 
2 -1 0.7575284102060273 0.8580905847910636 0.7769683954624163 0.22769011209692253 0.7071323116944485 0.7592847024904058 1.5258089962177486 
3 -1 -0.09443003459536145 -0.20186970698493437 -0.5618044649835084 0.22769011209692253 -0.8675361268072471 -1.053048518742549 -0.502129869664386 
4 -1 -0.7333988681964031 -0.5551898042436003 -0.7162782565734229 -0.6194001529688334 -0.25303137031878054 -0.32811523024936706 0.15812929597165784 
5 1 -1.1593780905970974 -0.9085099015022664 -0.9222433120266421 0.12180382896370304 -0.5218772012824846 -0.32811523024936706 -1.1152276663264267 
6 1 -1.4788625073976183 -1.880140168963598 -1.5401384783862997 -0.8311727192352725 -1.6356670724178302 -0.690581874495958 -1.8698095699104769 
7 -1 0.012064771004812147 -0.025209658355601374 0.36503828455597787 -0.19585502043595546 1.2448239736218567 0.5780513803671103 1.1485180444257235 
8 -1 -0.30741964579570863 -0.5551898042436003 -0.7162782565734229 -1.7841492674342478 -2.09654563978418 -0.8718151966192536 -1.91697093888448 
9 1 0.6510336046058538 1.0347506334203966 1.1374072425055497 -0.19585502043595546 1.2832305209023858 1.1217513467369968 1.2900021513477329 
10 1 -2.0113365353984864 -2.0568002175929307 -2.158033644745957 2.1336432084948735 -0.9443492213683053 -1.777981807235731 -1.7754868319624706 
11 -1 1.0770128270065482 0.5931005118470641 0.41652954841928264 -0.8311727192352725 -0.9443492213683053 -0.32811523024936706 -0.6436139765863954 
12 1 1.0770128270065482 1.0347506334203966 1.4463548256853787 -0.08996873730273595 1.5520763518660898 0.9405180246137013 1.4786476272437454 
13 -1 -0.20092484019553505 -0.20186970698493437 0.26205575682936827 0.8630078108962395 0.4766930280112735 -1.41551516298914 0.9127111995557079 
14 1 0.9705180214063746 0.6814305361617307 1.0344247147789403 0.12180382896370304 2.6274596757209063 1.8466846352301787 1.8559385790357705 
15 -1 -0.20092484019553505 -0.6435198285582668 -0.6647869927101181 -1.8900355505674673 -1.2900081468930678 -0.690581874495958 -1.0680662973524235 
16 -1 0.11855957660498576 -0.3785297556142674 -0.6132957288468133 -1.36060413490137 -1.4052277887346554 0.21558473612051937 -0.7379367145344017 
17 1 -1.7983469241981391 -2.1451302419075975 -2.003559853156043 0.33357639523014204 -1.0211623159293637 -0.8718151966192536 -1.7283254629884675 
18 -1 1.928971271807937 1.5647307793083955 0.9314421870523306 -0.513513869835614 -0.40665755944089715 -0.690581874495958 0.15812929597165784 
19 1 0.33154918780533293 0.23978041458839813 0.21056449296606344 -0.30174130356917495 1.2448239736218567 1.1217513467369968 0.7240657236596953 
20 1 0.012064771004812147 -0.11353968267026787 -0.5103132011202037 0.6512352446298005 0.822351953536036 2.2091512794767696 0.3939361408416735 
21 1 -0.8398936737965766 -0.9085099015022664 -0.2528568818036797 -2.7371258156332234 -1.1363819577709513 1.665451313106883 -0.3606457627423766 
22 -1 1.1835076326067218 1.476400754993729 1.085915978642245 0.6512352446298005 0.9759781426581525 0.034351413997223884 0.6297429857116892 
23 -1 0.33154918780533293 -0.11353968267026787 -0.30434814566698454 -0.08996873730273595 -0.3298444648798389 -1.053048518742549 0.20529066494566095 
24 -1 -0.20092484019553505 0.3281104389030646 -0.3558394095302893 0.015917545830483545 -0.13781172847719306 0.034351413997223884 0.01664518904964844 
25 1 -1.1593780905970974 -0.9968399258169328 -1.4886472145229948 0.4394626783633615 -1.7892932615399468 -1.2342818408658445 -2.0112936768324863 
26 1 1.1835076326067218 1.653060803623062 1.9612674643184265 1.0747803771626785 1.9745483719519108 1.665451313106883 1.6201317341657548 
27 1 1.3964972438070689 2.4480310224550608 3.1455665331744367 2.8748471904274098 3.318777526770431 1.3029846688602922 2.2803908998017985 
28 -1 0.43804399340550654 -0.20186970698493437 -0.14987435407707012 0.015917545830483545 0.8607585008165651 0.39681805824381483 1.1013566754517203 
29 -1 0.864023215806201 1.1230806577350632 0.6739858677358066 0.015917545830483545 0.13103410248651107 0.034351413997223884 0.8183884616077016 
30 1 0.6510336046058538 1.3880707306790625 1.343372297958769 1.0747803771626785 0.3230668388891568 2.0279179573534742 0.2996134028936672 
31 -1 0.33154918780533293 -0.025209658355601374 -0.3558394095302893 -1.9959218337006868 -1.2516015996125387 -0.1468819081260716 -0.7379367145344017 
32 -1 1.8224764662077633 1.476400754993729 0.9314421870523306 -0.30174130356917495 0.20784719704756938 -0.690581874495958 0.6769043546856922 
33 -1 0.7575284102060273 0.6814305361617307 0.5710033400091971 0.5453489614965811 0.8607585008165651 -0.690581874495958 0.8655498305817048 
34 1 -0.8398936737965766 -0.9085099015022664 -0.9222433120266421 -0.9370590023684919 -0.7139099376851304 -0.1468819081260716 -0.6907753455603985 
35 1 1.1835076326067218 1.3880707306790625 1.6523198811385977 0.75712152776302 2.1281745610740272 1.665451313106883 1.667293103139758 
36 1 -0.20092484019553505 -0.20186970698493437 -0.14987435407707012 0.75712152776302 1.7057025409882065 1.1217513467369968 0.44109750981567664 
37 -1 0.22505438220515936 0.3281104389030646 0.4680208122825874 0.5453489614965811 -0.5986902958435429 -0.8718151966192536 -0.5492912386383891 
38 -1 0.11855957660498576 -0.025209658355601374 -0.30434814566698454 -0.08996873730273595 -0.40665755944089715 -0.8718151966192536 -0.26632302479437037 
39 1 -1.1593780905970974 -0.9085099015022664 -1.0767171036165564 1.180666660295898 -0.5986902958435429 -0.1468819081260716 -1.0680662973524235 
40 1 0.012064771004812147 0.41644046321773115 0.5710033400091971 1.3924392265623369 2.1665811083545563 1.3029846688602922 1.5729703651917517 
41 -1 0.5445387990056801 0.15145039027373164 0.31354702069267304 -0.513513869835614 -0.7139099376851304 -0.690581874495958 -0.12483891787236095 
42 -1 1.1835076326067218 0.5047704875323976 0.31354702069267304 -1.1488315686349309 -0.5986902958435429 -1.5967484851124354 -0.07767754889835782 
43 1 -1.3723677017974447 -1.4384900473902653 -1.5916297422496044 0.8630078108962395 1.5136698045855608 -0.32811523024936706 -1.3981958801704455 
44 1 -0.30741964579570863 0.3281104389030646 -0.30434814566698454 -0.513513869835614 -0.7139099376851304 0.9405180246137013 -0.7379367145344017 
45 1 -1.7983469241981391 -1.7918101446489314 -1.43715595065969 0.22769011209692253 -0.6370968431240721 -1.5967484851124354 -1.586841356066458 
46 -1 0.6510336046058538 0.6814305361617307 0.41652954841928264 -0.19585502043595546 -0.0994051811966639 -0.5093485523726625 0.1109679269976547 
47 1 -0.30741964579570863 0.23978041458839813 0.4680208122825874 -1.9959218337006868 -0.829129579526718 1.8466846352301787 -0.31348439376837345 
48 -1 0.6510336046058538 0.3281104389030646 0.31354702069267304 -0.8311727192352725 -0.5218772012824846 -0.8718151966192536 -0.07767754889835782 
49 1 0.6510336046058538 0.9464206091057301 1.3948635618220737 -0.8311727192352725 -0.06099863391613474 1.8466846352301787 0.6297429857116892 
50 -1 1.2900024382068953 0.5931005118470641 0.26205575682936827 -2.313580683100345 -1.059568863209893 1.1217513467369968 -0.45496850069038286 
51 -1 -0.6269040625962294 -0.3785297556142674 -0.09838309021376533 -1.0429452855017114 0.7839454062555068 -0.690581874495958 1.5729703651917517 
52 -1 -0.30741964579570863 0.06312036595906513 -0.2013656179403749 0.33357639523014204 0.1694406497670402 -0.8718151966192536 0.3939361408416735 
53 1 -0.09443003459536145 -0.3785297556142674 -0.04689182635046053 0.6512352446298005 2.243394202915615 0.21558473612051937 1.7144544721137611 
54 1 -1.6918521185979654 -1.173499974446266 -1.43715595065969 0.968894094029459 -0.13781172847719306 -1.053048518742549 -1.0680662973524235 
55 1 0.11855957660498576 0.41644046321773115 0.7254771315991114 0.12180382896370304 1.0143846899386817 0.39681805824381483 0.7240657236596953 
56 1 -1.2658728961972712 -1.173499974446266 -1.0252258397532517 -0.40762758670239446 0.39987993345021516 -1.5967484851124354 -0.3606457627423766 
57 -1 1.1835076326067218 1.9180508765670616 1.858284936591817 1.7100980759619955 1.4368567100245024 0.21558473612051937 1.9030999480097737 
58 -1 1.0770128270065482 0.9464206091057301 0.7254771315991114 -0.7252864361020529 -0.40665755944089715 -0.690581874495958 0.20529066494566095 
59 -1 -0.41391445139588223 -0.46685977992893385 -0.14987435407707012 -0.30174130356917495 0.591912669852861 -1.41551516298914 1.5258089962177486 
60 -1 0.11855957660498576 0.15145039027373164 0.36503828455597787 -0.19585502043595546 -0.13781172847719306 0.034351413997223884 0.44109750981567664 
61 -1 -0.30741964579570863 -0.5551898042436003 -0.6647869927101181 -1.36060413490137 0.05422100792545274 -0.1468819081260716 1.0070339375037143 
62 1 -0.6269040625962294 -0.5551898042436003 -0.6132957288468133 0.75712152776302 0.7455388589749776 0.39681805824381483 0.01664518904964844 
63 1 -1.6918521185979654 -1.4384900473902653 -1.7975947977028237 1.815984359095215 -0.6370968431240721 -0.690581874495958 -1.4453572491444486 
64 1 -0.20092484019553505 0.06312036595906513 0.26205575682936827 0.4394626783633615 0.7455388589749776 -1.2342818408658445 0.44109750981567664 
65 -1 -0.9463884793967503 -0.9968399258169328 -0.8192607843000325 -0.30174130356917495 -0.8675361268072471 -1.2342818408658445 -0.6436139765863954 
66 1 1.7159816606075897 1.8297208522523951 2.2702150474982554 0.968894094029459 1.5136698045855608 0.034351413997223884 1.3843248892957392 
67 -1 2.0354660774081106 1.7413908279377286 1.2918810340954643 -1.0429452855017114 -0.40665755944089715 -0.690581874495958 0.34677477186767036 
68 1 -0.9463884793967503 -0.6435198285582668 -0.8192607843000325 1.180666660295898 0.13103410248651107 0.034351413997223884 -0.31348439376837345 
69 -1 0.33154918780533293 -0.025209658355601374 -0.40733067339359413 -0.9370590023684919 -2.019732545223122 -1.5967484851124354 -1.7283254629884675 
70 1 0.012064771004812147 0.06312036595906513 -0.14987435407707012 0.6512352446298005 1.052791237219211 0.5780513803671103 0.4882588787896797 
71 -1 -0.41391445139588223 -0.6435198285582668 -0.6647869927101181 -0.19585502043595546 -0.4834706540019555 -1.053048518742549 0.15812929597165784 
72 -1 0.7575284102060273 0.5931005118470641 0.21056449296606344 -1.572376701167809 -0.4450641067214263 0.034351413997223884 0.06380655802365157 
73 -1 -0.7333988681964031 -0.29019973129960086 -0.30434814566698454 -0.30174130356917495 -0.25303137031878054 -1.5967484851124354 0.582581616737686 
74 1 -0.5204092569960559 -1.0851699501315994 -0.6647869927101181 -2.631239532500004 -1.0211623159293637 1.4842179909835878 -0.5492912386383891 
75 1 0.43804399340550654 0.7697605604763971 0.9314421870523306 0.5453489614965811 1.5136698045855608 1.1217513467369968 1.0541953064777174 
76 -1 0.22505438220515936 0.41644046321773115 1.4978460895486834 -0.19585502043595546 1.1680108790607984 0.5780513803671103 2.1860681618537923 
77 -1 0.22505438220515936 0.06312036595906513 0.15907322910275865 0.015917545830483545 -1.0211623159293637 -0.690581874495958 -0.9265821904304141 
78 -1 2.1419608830082844 1.653060803623062 1.343372297958769 -1.2547178517681503 -0.21462482303825137 -0.32811523024936706 0.44109750981567664 
79 -1 -0.20092484019553505 0.23978041458839813 0.36503828455597787 0.12180382896370304 -0.40665755944089715 0.39681805824381483 -0.03051617992435469 
80 -1 -0.8398936737965766 -0.9085099015022664 -0.8707520481633373 -0.7252864361020529 -0.13781172847719306 -1.41551516298914 0.5354202477636829 
81 -1 0.11855957660498576 -0.11353968267026787 0.004599437512844264 0.33357639523014204 -0.0994051811966639 -0.1468819081260716 0.15812929597165784 
82 1 -0.5204092569960559 -0.20186970698493437 0.004599437512844264 0.8630078108962395 -0.25303137031878054 0.9405180246137013 -0.5964526076123923 
83 1 0.33154918780533293 0.41644046321773115 1.085915978642245 -0.7252864361020529 0.1694406497670402 2.5716179237233607 0.2996134028936672 
84 1 -0.20092484019553505 0.15145039027373164 0.004599437512844264 2.027756925361654 0.822351953536036 1.8466846352301787 0.1109679269976547 
85 -1 0.012064771004812147 0.23978041458839813 0.10758196523945386 -0.19585502043595546 -0.25303137031878054 0.034351413997223884 -0.03051617992435469 
86 1 0.22505438220515936 0.3281104389030646 0.4680208122825874 0.75712152776302 1.321637068182915 1.4842179909835878 0.6297429857116892 
87 -1 0.11855957660498576 0.3281104389030646 0.15907322910275865 0.8630078108962395 0.822351953536036 -0.5093485523726625 0.4882588787896797 
88 1 0.22505438220515936 -0.20186970698493437 0.21056449296606344 -0.30174130356917495 1.6288894464271482 0.5780513803671103 1.1013566754517203 
89 1 -1.2658728961972712 -0.46685977992893385 -0.6132957288468133 0.6512352446298005 0.7071323116944485 -0.1468819081260716 -0.1720002868463641 
90 1 -0.9463884793967503 -0.7318498528729334 -0.4588219372568989 -1.1488315686349309 -0.5986902958435429 0.9405180246137013 -0.5492912386383891 
91 1 -0.09443003459536145 0.06312036595906513 0.36503828455597787 -1.9959218337006868 -0.8675361268072471 1.665451313106883 -0.3606457627423766 
92 -1 -0.7333988681964031 -0.29019973129960086 0.10758196523945386 0.22769011209692253 -0.5986902958435429 -1.053048518742549 -0.26632302479437037 
93 1 0.5445387990056801 0.3281104389030646 0.5195120761458922 0.33357639523014204 1.3984501627439734 2.0279179573534742 0.6769043546856922 
94 -1 0.5445387990056801 0.6814305361617307 0.26205575682936827 0.5453489614965811 -0.4834706540019555 0.21558473612051937 -0.5964526076123923 
95 1 -1.2658728961972712 -1.5268200717049318 -1.4886472145229948 -0.19585502043595546 0.43828648073074433 0.034351413997223884 0.6297429857116892 
96 -1 0.7575284102060273 0.5931005118470641 0.31354702069267304 0.015917545830483545 -0.21462482303825137 -0.8718151966192536 -0.12483891787236095 
97 -1 1.8224764662077633 1.2997407063643962 1.085915978642245 0.33357639523014204 -0.0994051811966639 -0.690581874495958 0.34677477186767036 
98 1 0.7575284102060273 0.7697605604763971 1.085915978642245 0.6512352446298005 1.8209221828297941 1.665451313106883 1.5258089962177486 
99 1 0.6510336046058538 0.6814305361617307 1.1888985063688546 -0.513513869835614 1.2448239736218567 1.665451313106883 1.5258089962177486 
100 -1 1.2900024382068953 0.8580905847910636 1.0344247147789403 -0.513513869835614 -0.25303137031878054 -0.1468819081260716 0.34677477186767036 
101 -1 0.43804399340550654 0.5047704875323976 0.21056449296606344 0.6512352446298005 0.13103410248651107 -0.5093485523726625 -0.5492912386383891 
102 -1 -0.09443003459536145 -0.025209658355601374 0.05609070137614906 -0.19585502043595546 0.7839454062555068 0.5780513803671103 0.7240657236596953 
103 1 -0.8398936737965766 -1.173499974446266 -1.1282083674798613 -0.40762758670239446 0.3230668388891568 -0.1468819081260716 -0.1720002868463641 
104 -1 -0.09443003459536145 0.06312036595906513 0.10758196523945386 0.12180382896370304 -0.21462482303825137 1.4842179909835878 0.01664518904964844 
105 -1 -1.1593780905970974 -0.9968399258169328 -0.9222433120266421 0.6512352446298005 -0.4834706540019555 -0.690581874495958 -0.6907753455603985 
106 -1 1.0770128270065482 0.6814305361617307 0.31354702069267304 -1.1488315686349309 -0.40665755944089715 0.034351413997223884 -0.12483891787236095 
107 -1 -0.09443003459536145 -0.025209658355601374 0.004599437512844264 0.015917545830483545 0.05422100792545274 -0.5093485523726625 0.34677477186767036 
108 1 -0.8398936737965766 -0.3785297556142674 -0.5103132011202037 2.5571883410277514 0.4766930280112735 0.7592847024904058 -0.26632302479437037 
109 1 -1.3723677017974447 -1.2618299987609323 -1.3856646867963853 1.0747803771626785 -0.7523164849656596 -0.5093485523726625 -0.9265821904304141 
110 -1 0.5445387990056801 0.5931005118470641 0.828459659325721 0.12180382896370304 1.0143846899386817 1.3029846688602922 1.5258089962177486 
111 -1 -0.41391445139588223 -0.20186970698493437 0.21056449296606344 -0.19585502043595546 0.6687257644139193 0.21558473612051937 0.6769043546856922 
112 1 0.22505438220515936 0.9464206091057301 1.2918810340954643 1.3924392265623369 2.204987655635086 0.5780513803671103 1.2900021513477329 
113 -1 -1.0528832849969239 -1.0851699501315994 -1.0767171036165564 -0.40762758670239446 -0.2914379175993097 -1.5967484851124354 0.1109679269976547 
114 1 -1.6918521185979654 -1.7918101446489314 -2.003559853156043 0.33357639523014204 -1.4820408832957137 -1.5967484851124354 -2.0112936768324863 
115 1 0.33154918780533293 0.41644046321773115 0.41652954841928264 0.5453489614965811 1.1680108790607984 0.7592847024904058 0.9127111995557079 
116 1 -0.9463884793967503 -0.9085099015022664 -1.179699631343166 0.22769011209692253 -0.13781172847719306 -0.8718151966192536 -0.26632302479437037 
117 1 0.5445387990056801 1.1230806577350632 1.085915978642245 0.968894094029459 0.20784719704756938 1.4842179909835878 0.01664518904964844 
118 -1 0.012064771004812147 -0.11353968267026787 0.15907322910275865 -0.40762758670239446 0.9759781426581525 0.034351413997223884 0.959872568529711 
119 -1 1.6094868550074162 0.5931005118470641 0.26205575682936827 -1.572376701167809 -0.9443492213683053 1.8466846352301787 -0.502129869664386 
120 -1 1.5029920494072426 1.653060803623062 1.1888985063688546 -1.36060413490137 -0.40665755944089715 0.034351413997223884 0.2996134028936672 
121 -1 0.012064771004812147 -0.46685977992893385 -0.5618044649835084 -1.1488315686349309 0.2846602916086277 -0.690581874495958 0.8655498305817048 
122 1 0.6510336046058538 1.2997407063643962 1.549337353411988 -0.08996873730273595 1.8209221828297941 2.0279179573534742 1.1956794133997266 
123 -1 -0.41391445139588223 -0.3785297556142674 -0.2528568818036797 -0.7252864361020529 0.01581446064492358 -0.1468819081260716 -0.1720002868463641 
124 1 0.864023215806201 1.2997407063643962 1.549337353411988 1.3924392265623369 1.7441090882687358 1.4842179909835878 1.0541953064777174 
125 -1 0.864023215806201 0.5047704875323976 0.36503828455597787 -0.6194001529688334 -0.4450641067214263 -0.690581874495958 -0.03051617992435469 
126 1 -0.8398936737965766 -0.46685977992893385 -0.04689182635046053 -2.313580683100345 -1.2516015996125387 1.1217513467369968 -0.6436139765863954 
127 1 0.33154918780533293 0.23978041458839813 0.41652954841928264 0.4394626783633615 0.361473386169686 1.3029846688602922 -0.2191616558203672 
128 1 -0.6269040625962294 -0.46685977992893385 -0.30434814566698454 0.6512352446298005 0.9375715953776234 0.39681805824381483 0.3939361408416735 
129 1 -1.0528832849969239 -1.5268200717049318 -1.3856646867963853 0.22769011209692253 -0.4450641067214263 -1.2342818408658445 -1.1623890353004298 
130 1 -0.8398936737965766 -0.7318498528729334 -1.3856646867963853 1.815984359095215 0.591912669852861 -1.5967484851124354 -0.12483891787236095 
131 -1 0.012064771004812147 -0.29019973129960086 -0.40733067339359413 -1.36060413490137 -1.1363819577709513 -0.5093485523726625 -0.7850980835084048 
132 -1 1.0770128270065482 0.6814305361617307 0.8799509231890258 -0.6194001529688334 0.13103410248651107 -1.053048518742549 0.4882588787896797 
133 1 -0.41391445139588223 -0.3785297556142674 -0.30434814566698454 -1.9959218337006868 -0.7139099376851304 1.3029846688602922 -0.1720002868463641 
134 1 -1.5853573129977918 -1.3501600230755988 -1.5401384783862997 1.3924392265623369 -0.9827557686488345 -1.5967484851124354 -1.7754868319624706 
135 1 -1.7983469241981391 -1.7034801203342649 -1.7975947977028237 0.75712152776302 -0.8675361268072471 -0.32811523024936706 -1.586841356066458 
136 1 0.012064771004812147 0.41644046321773115 0.4680208122825874 0.4394626783633615 0.361473386169686 0.21558473612051937 0.5354202477636829 
137 -1 -0.20092484019553505 0.06312036595906513 -0.09838309021376533 -0.08996873730273595 -0.13781172847719306 -0.32811523024936706 -0.26632302479437037 
138 1 -1.0528832849969239 -1.7918101446489314 -1.7461035338395188 -0.19585502043595546 -1.2900081468930678 -1.777981807235731 -1.3038731422224392 
139 1 0.9705180214063746 1.0347506334203966 1.549337353411988 1.0747803771626785 1.6288894464271482 1.4842179909835878 1.1013566754517203 
140 1 -2.1178313409986598 -2.1451302419075975 -2.209524908609262 -0.30174130356917495 -1.059568863209893 -2.3216817736056172 -1.6811640940144643 
141 -1 0.33154918780533293 0.15145039027373164 0.6739858677358066 -0.6194001529688334 0.591912669852861 -1.053048518742549 1.6201317341657548 
142 1 -0.20092484019553505 -0.025209658355601374 0.5195120761458922 -1.9959218337006868 -0.6370968431240721 1.3029846688602922 0.2524520339196641 
143 -1 0.11855957660498576 -0.025209658355601374 0.31354702069267304 -0.6194001529688334 0.01581446064492358 -0.1468819081260716 0.01664518904964844 
144 1 -1.2658728961972712 -0.9968399258169328 -1.231190895206471 2.239529491628093 -0.17621827575772223 -1.053048518742549 -0.5964526076123923 
145 1 -0.20092484019553505 -0.46685977992893385 -0.6647869927101181 -0.19585502043595546 -0.9059426740877763 -0.8718151966192536 -0.502129869664386 
146 1 -1.2658728961972712 -0.9968399258169328 -0.9737345758899468 1.604211792828776 -0.5218772012824846 0.21558473612051937 -1.209550404274433 
147 -1 4.058867383811409 4.567951606007057 4.072409282713923 2.5571883410277514 3.1651513376483145 0.21558473612051937 3.883877444917905 
148 1 1.2900024382068953 1.476400754993729 1.806793672728512 -0.19585502043595546 1.09119778449974 0.39681805824381483 2.2803908998017985 
149 1 0.22505438220515936 0.5931005118470641 1.2403897702321593 1.815984359095215 1.09119778449974 0.39681805824381483 0.15812929597165784 
150 1 -0.30741964579570863 0.06312036595906513 0.36503828455597787 -1.1488315686349309 -0.829129579526718 0.9405180246137013 -0.31348439376837345 
151 1 1.1835076326067218 1.653060803623062 2.064249992045036 1.604211792828776 2.089768013793498 1.4842179909835878 1.3843248892957392 
152 1 -1.1593780905970974 -1.0851699501315994 -1.1282083674798613 0.5453489614965811 0.1694406497670402 -0.32811523024936706 -0.5492912386383891 
153 1 0.7575284102060273 1.2997407063643962 1.3948635618220737 0.8630078108962395 1.7441090882687358 1.4842179909835878 1.2428407823737297 
154 1 -0.8398936737965766 -0.8201798771875999 -0.7162782565734229 -0.513513869835614 -0.9827557686488345 1.3029846688602922 -0.832259452482408 
155 -1 -0.09443003459536145 0.23978041458839813 0.004599437512844264 1.0747803771626785 0.5535061225723318 -1.053048518742549 0.4882588787896797 
156 1 -1.4788625073976183 -1.2618299987609323 -1.2826821590697757 0.75712152776302 -0.6370968431240721 0.21558473612051937 -1.209550404274433 
157 -1 -0.5204092569960559 -0.6435198285582668 -0.5618044649835084 -1.9959218337006868 -0.9827557686488345 -0.5093485523726625 -0.31348439376837345 
158 -1 0.22505438220515936 0.23978041458839813 -0.3558394095302893 0.33357639523014204 -0.7523164849656596 -0.5093485523726625 -0.5964526076123923 
159 1 -1.6918521185979654 -2.233460266222264 -2.2610161724725666 0.6512352446298005 -1.097975410490422 -1.5967484851124354 -1.6811640940144643 
160 1 0.012064771004812147 0.5931005118470641 1.085915978642245 1.0747803771626785 2.1665811083545563 1.1217513467369968 1.7616158410877643 
161 -1 0.9705180214063746 0.8580905847910636 0.8799509231890258 -0.513513869835614 0.39987993345021516 -0.5093485523726625 0.6297429857116892 
162 1 -0.41391445139588223 -0.20186970698493437 -0.04689182635046053 -1.572376701167809 0.7839454062555068 1.1217513467369968 1.2900021513477329 
163 1 -1.7983469241981391 -1.880140168963598 -1.8490860615661284 0.5453489614965811 -1.9813259979425928 -1.2342818408658445 -2.199939152728499 
164 -1 -0.20092484019553505 -0.3785297556142674 -0.6132957288468133 -0.40762758670239446 -0.7523164849656596 -0.5093485523726625 -0.9265821904304141 
165 1 -0.30741964579570863 -0.46685977992893385 -0.6132957288468133 1.4983255096955566 0.01581446064492358 -1.5967484851124354 -0.1720002868463641 
166 -1 0.864023215806201 0.5047704875323976 0.26205575682936827 -1.4664904180345895 -0.6755033904046013 -1.053048518742549 0.06380655802365157 
167 1 -1.0528832849969239 -0.6435198285582668 -0.5103132011202037 0.015917545830483545 -1.1747885050514804 -0.8718151966192536 -1.3981958801704455 
168 -1 2.0354660774081106 1.9180508765670616 1.6523198811385977 0.015917545830483545 0.6303192171333901 0.39681805824381483 0.959872568529711 
169 1 0.5445387990056801 0.7697605604763971 1.1888985063688546 0.4394626783633615 1.7441090882687358 0.39681805824381483 1.0070339375037143 
170 1 -0.20092484019553505 0.06312036595906513 0.41652954841928264 -0.19585502043595546 1.09119778449974 0.39681805824381483 0.6297429857116892 
171 -1 -0.41391445139588223 -0.5551898042436003 -0.40733067339359413 0.12180382896370304 0.361473386169686 -1.41551516298914 0.5354202477636829 
172 1 0.33154918780533293 0.9464206091057301 1.1374072425055497 0.5453489614965811 1.1680108790607984 0.7592847024904058 1.3843248892957392 
173 -1 0.6510336046058538 0.41644046321773115 0.15907322910275865 -0.9370590023684919 -0.4450641067214263 -0.32811523024936706 -0.2191616558203672 
174 1 -0.41391445139588223 -0.6435198285582668 -0.6647869927101181 1.0747803771626785 -0.40665755944089715 -0.690581874495958 0.20529066494566095 
175 1 0.22505438220515936 0.5047704875323976 0.6224946038725018 -0.19585502043595546 0.5535061225723318 2.0279179573534742 0.959872568529711 
176 -1 0.6510336046058538 0.5047704875323976 0.21056449296606344 0.015917545830483545 -0.7523164849656596 -0.5093485523726625 -0.4078071317163797 
177 1 1.1835076326067218 1.2997407063643962 0.9314421870523306 -0.08996873730273595 0.361473386169686 1.1217513467369968 0.3939361408416735 
178 1 0.5445387990056801 0.6814305361617307 0.6224946038725018 0.33357639523014204 1.5136698045855608 1.8466846352301787 1.1013566754517203 
179 -1 0.11855957660498576 0.3281104389030646 0.4680208122825874 -0.40762758670239446 -0.0994051811966639 0.39681805824381483 0.20529066494566095 
180 -1 1.1835076326067218 0.9464206091057301 1.085915978642245 -1.2547178517681503 -0.2914379175993097 0.034351413997223884 0.6769043546856922 
181 -1 -0.9463884793967503 -0.9085099015022664 -0.8707520481633373 -0.19585502043595546 -1.059568863209893 -0.690581874495958 -0.9265821904304141 
182 -1 -1.2658728961972712 -1.4384900473902653 -1.231190895206471 -0.7252864361020529 -1.366821241454126 -0.8718151966192536 -1.3038731422224392 
183 -1 0.33154918780533293 0.3281104389030646 0.6739858677358066 0.12180382896370304 0.591912669852861 -0.5093485523726625 1.3843248892957392 
184 1 -1.7983469241981391 -1.9684701932782644 -2.003559853156043 2.1336432084948735 -1.0211623159293637 -1.5967484851124354 -1.8698095699104769 
185 1 -2.1178313409986598 -1.880140168963598 -2.003559853156043 1.7100980759619955 -1.2900081468930678 -0.5093485523726625 -1.91697093888448 
186 -1 -0.41391445139588223 -0.11353968267026787 0.15907322910275865 0.22769011209692253 1.1680108790607984 0.034351413997223884 0.7240657236596953 
187 -1 -0.09443003459536145 -0.11353968267026787 0.05609070137614906 -0.08996873730273595 0.5150995752918026 0.39681805824381483 0.2996134028936672 
188 -1 0.864023215806201 0.6814305361617307 0.6224946038725018 -0.08996873730273595 -0.25303137031878054 -0.690581874495958 0.2996134028936672 
189 -1 0.6510336046058538 0.7697605604763971 0.21056449296606344 -1.2547178517681503 -0.5602837485630138 1.1217513467369968 -0.03051617992435469 
190 -1 2.6744349110091523 2.2713709738257277 1.7038111450019024 -0.08996873730273595 -0.5602837485630138 -0.8718151966192536 -0.26632302479437037 
191 -1 0.012064771004812147 0.06312036595906513 0.004599437512844264 0.12180382896370304 -0.7139099376851304 -0.690581874495958 -0.7379367145344017 
192 1 -0.8398936737965766 -0.46685977992893385 -0.6132957288468133 1.2865529434291174 0.6687257644139193 -0.32811523024936706 -0.07767754889835782 
193 1 -0.9463884793967503 -0.5551898042436003 -0.6647869927101181 0.8630078108962395 0.3230668388891568 -1.2342818408658445 -0.45496850069038286 
194 -1 0.5445387990056801 0.5047704875323976 0.31354702069267304 -0.513513869835614 -0.7523164849656596 -0.690581874495958 -0.2191616558203672 
195 -1 0.5445387990056801 0.41644046321773115 0.36503828455597787 0.12180382896370304 0.2846602916086277 -0.5093485523726625 0.5354202477636829 
196 -1 -1.3723677017974447 -1.2618299987609323 -1.3856646867963853 -0.19585502043595546 -0.9059426740877763 -1.9592151293590263 -1.0209049283784204 
197 1 -1.1593780905970974 -0.5551898042436003 -0.2013656179403749 -1.0429452855017114 -1.059568863209893 1.8466846352301787 -0.3606457627423766 
198 1 1.3964972438070689 1.653060803623062 2.115741255908341 0.968894094029459 1.8593287301103232 0.7592847024904058 1.3843248892957392 
199 -1 -0.09443003459536145 0.06312036595906513 0.26205575682936827 -0.6194001529688334 -0.5986902958435429 0.5780513803671103 -0.31348439376837345 
200 -1 0.11855957660498576 -0.025209658355601374 0.5710033400091971 -0.8311727192352725 0.01581446064492358 0.034351413997223884 0.15812929597165784 
201 -1 0.7575284102060273 0.5047704875323976 0.15907322910275865 -0.08996873730273595 -0.21462482303825137 0.034351413997223884 -0.1720002868463641 
202 1 0.864023215806201 1.0347506334203966 1.085915978642245 0.75712152776302 2.3970203920377315 1.3029846688602922 1.7144544721137611 
203 1 -0.7333988681964031 -0.9968399258169328 -1.0767171036165564 0.4394626783633615 -0.8675361268072471 -1.053048518742549 -0.9265821904304141 
204 -1 -0.20092484019553505 -0.29019973129960086 -0.8192607843000325 2.5571883410277514 -0.06099863391613474 0.21558473612051937 -0.4078071317163797 
205 -1 2.8874245222094994 2.006380900881728 1.343372297958769 0.5453489614965811 0.5150995752918026 -0.8718151966192536 1.1013566754517203 
206 1 -0.09443003459536145 -0.46685977992893385 -0.2528568818036797 -1.0429452855017114 0.20784719704756938 0.5780513803671103 0.34677477186767036 
207 1 0.33154918780533293 0.3281104389030646 0.5195120761458922 -0.19585502043595546 1.2064174263413274 1.665451313106883 1.1013566754517203 
208 -1 0.22505438220515936 -0.11353968267026787 -0.2528568818036797 2.239529491628093 -0.25303137031878054 -1.5967484851124354 -0.502129869664386 
209 -1 2.3549504942086315 2.536361046769727 1.9612674643184265 0.6512352446298005 0.7455388589749776 -0.1468819081260716 1.4314862582697423 
210 -1 0.6510336046058538 0.3281104389030646 0.31354702069267304 -0.8311727192352725 -0.5218772012824846 -0.8718151966192536 -0.07767754889835782 
211 1 -1.3723677017974447 -1.0851699501315994 -1.0252258397532517 -0.513513869835614 -1.2516015996125387 -0.1468819081260716 -1.209550404274433 
212 1 0.5445387990056801 0.15145039027373164 0.7254771315991114 -0.7252864361020529 1.2448239736218567 0.9405180246137013 1.2900021513477329 
213 -1 -1.0528832849969239 -0.8201798771875999 -0.8192607843000325 0.8630078108962395 -0.4450641067214263 -0.690581874495958 -0.3606457627423766 
214 1 -1.2658728961972712 -1.3501600230755988 -1.5401384783862997 2.3454157747613125 -0.7139099376851304 -1.053048518742549 -1.539679987092455 
215 1 -0.7333988681964031 -0.46685977992893385 -0.09838309021376533 -2.419466966233565 -1.5204474305762428 2.2091512794767696 -0.8794208214564111 
216 1 0.33154918780533293 0.5047704875323976 0.828459659325721 0.22769011209692253 1.5904828991466191 1.8466846352301787 1.1485180444257235 
217 1 0.7575284102060273 0.6814305361617307 0.9314421870523306 0.12180382896370304 0.5535061225723318 1.1217513467369968 0.20529066494566095 
218 1 -1.4788625073976183 -1.0851699501315994 -1.5401384783862997 1.4983255096955566 -0.6370968431240721 -0.8718151966192536 -1.3510345111964424 
219 -1 -0.30741964579570863 -1.0851699501315994 -1.0767171036165564 -1.572376701167809 -1.097975410490422 -0.8718151966192536 -0.6907753455603985 
220 -1 1.2900024382068953 1.0347506334203966 0.9314421870523306 -0.513513869835614 0.3230668388891568 0.39681805824381483 0.6297429857116892 
221 1 -1.1593780905970974 -1.0851699501315994 -1.4886472145229948 3.510164889226727 -0.40665755944089715 -1.41551516298914 -1.3510345111964424 
222 -1 -0.5204092569960559 -0.8201798771875999 -0.6647869927101181 0.5453489614965811 -0.368251012160368 0.034351413997223884 -0.832259452482408 
223 1 0.43804399340550654 0.41644046321773115 0.7769683954624163 0.8630078108962395 2.3586138447572025 2.0279179573534742 1.9030999480097737 
224 -1 0.22505438220515936 -0.025209658355601374 0.004599437512844264 -0.30174130356917495 -0.6755033904046013 0.7592847024904058 -0.1720002868463641 
225 1 0.22505438220515936 0.5047704875323976 0.36503828455597787 0.12180382896370304 -0.5986902958435429 0.7592847024904058 -0.9265821904304141 
226 1 -0.6269040625962294 -0.11353968267026787 0.5195120761458922 -1.7841492674342478 -0.8675361268072471 2.2091512794767696 -0.03051617992435469 
227 1 -0.7333988681964031 -0.7318498528729334 -0.7677695204367276 1.0747803771626785 0.1694406497670402 -0.32811523024936706 -0.26632302479437037 
228 -1 0.5445387990056801 0.41644046321773115 0.21056449296606344 -0.08996873730273595 -0.21462482303825137 -1.053048518742549 -0.45496850069038286 
229 1 0.012064771004812147 0.41644046321773115 0.7769683954624163 -1.572376701167809 -0.6755033904046013 1.3029846688602922 0.15812929597165784 
230 1 0.012064771004812147 0.15145039027373164 0.4680208122825874 -0.40762758670239446 1.2064174263413274 1.665451313106883 1.1956794133997266 
231 1 1.2900024382068953 1.5647307793083955 1.3948635618220737 1.9218706422284344 1.7441090882687358 1.8466846352301787 0.9127111995557079 
232 -1 0.22505438220515936 0.15145039027373164 0.15907322910275865 -1.0429452855017114 0.3230668388891568 0.21558473612051937 0.44109750981567664 
233 -1 0.5445387990056801 -0.025209658355601374 -0.2528568818036797 -1.8900355505674673 -1.2131950523320094 -0.690581874495958 -0.502129869664386 
234 -1 -0.6269040625962294 -0.9085099015022664 -1.0252258397532517 0.12180382896370304 -0.7139099376851304 -0.690581874495958 -0.5964526076123923 
235 1 -2.0113365353984864 -2.1451302419075975 -2.158033644745957 0.75712152776302 -1.7508867142594178 -1.9592151293590263 -2.199939152728499 
236 1 -0.30741964579570863 0.06312036595906513 0.10758196523945386 1.7100980759619955 1.5904828991466191 0.5780513803671103 0.8655498305817048 
237 -1 0.5445387990056801 0.7697605604763971 0.4680208122825874 -0.30174130356917495 -0.368251012160368 -0.5093485523726625 -0.07767754889835782 
238 1 -1.6918521185979654 -1.7918101446489314 -2.158033644745957 0.4394626783633615 -1.2131950523320094 -1.777981807235731 -1.91697093888448 
239 -1 0.22505438220515936 -0.025209658355601374 0.10758196523945386 -0.40762758670239446 -0.3298444648798389 -0.8718151966192536 0.1109679269976547 
240 -1 0.5445387990056801 0.15145039027373164 -0.04689182635046053 0.015917545830483545 0.0926275552059819 -0.32811523024936706 -0.12483891787236095 
241 1 -1.0528832849969239 -1.0851699501315994 -0.6647869927101181 0.4394626783633615 -0.5986902958435429 -0.5093485523726625 -1.0209049283784204 
242 1 0.5445387990056801 0.5047704875323976 0.6224946038725018 0.33357639523014204 1.7825156355492648 1.3029846688602922 1.6201317341657548 
243 1 -1.0528832849969239 -1.2618299987609323 -1.3341734229330804 -1.4664904180345895 -0.829129579526718 0.034351413997223884 -0.7379367145344017 
244 1 -0.41391445139588223 -0.46685977992893385 -0.4588219372568989 0.22769011209692253 0.6303192171333901 1.1217513467369968 0.6297429857116892 
245 1 -1.7983469241981391 -1.7918101446489314 -1.952068589292738 2.8748471904274098 -0.4834706540019555 -1.2342818408658445 -1.6811640940144643 
246 1 -1.5853573129977918 -1.5268200717049318 -1.5401384783862997 1.7100980759619955 -0.6755033904046013 -1.053048518742549 -1.91697093888448 
247 -1 -0.30741964579570863 -0.29019973129960086 -0.2013656179403749 0.5453489614965811 0.1694406497670402 0.034351413997223884 -0.2191616558203672 
248 -1 -0.7333988681964031 -0.6435198285582668 -0.7677695204367276 0.4394626783633615 -0.06099863391613474 0.39681805824381483 -0.5492912386383891 
249 -1 -0.5204092569960559 -0.3785297556142674 -0.14987435407707012 -0.30174130356917495 0.591912669852861 -0.690581874495958 0.20529066494566095 
250 -1 0.6510336046058538 0.8580905847910636 0.6739858677358066 -0.30174130356917495 0.3230668388891568 1.1217513467369968 1.1013566754517203 
251 -1 -0.09443003459536145 -0.3785297556142674 -0.4588219372568989 -1.572376701167809 -0.9059426740877763 -0.5093485523726625 -0.6907753455603985 
252 -1 1.1835076326067218 1.2997407063643962 1.0344247147789403 1.604211792828776 1.2448239736218567 0.034351413997223884 1.6201317341657548 
253 1 -0.30741964579570863 -0.29019973129960086 0.10758196523945386 -0.9370590023684919 -0.2914379175993097 2.0279179573534742 -0.31348439376837345 
254 1 -1.0528832849969239 -0.8201798771875999 -0.6647869927101181 -0.513513869835614 -0.368251012160368 0.7592847024904058 -0.26632302479437037 
255 1 0.5445387990056801 0.7697605604763971 0.9314421870523306 -0.19585502043595546 1.052791237219211 1.665451313106883 1.3843248892957392 
256 1 0.012064771004812147 0.3281104389030646 0.5710033400091971 0.015917545830483545 0.5150995752918026 -0.8718151966192536 0.44109750981567664 
257 -1 0.864023215806201 0.7697605604763971 0.6224946038725018 -0.513513869835614 -0.21462482303825137 -0.5093485523726625 -0.1720002868463641 
258 1 0.012064771004812147 -0.025209658355601374 0.10758196523945386 0.22769011209692253 1.3984501627439734 0.5780513803671103 0.8183884616077016 
259 1 -0.9463884793967503 -1.173499974446266 -1.231190895206471 0.22769011209692253 0.7839454062555068 -0.5093485523726625 -0.03051617992435469 
260 1 0.33154918780533293 0.3281104389030646 0.9314421870523306 0.6512352446298005 1.7057025409882065 1.3029846688602922 1.2900021513477329 
261 -1 0.012064771004812147 -0.11353968267026787 0.05609070137614906 0.015917545830483545 0.3230668388891568 -0.32811523024936706 0.4882588787896797 
262 -1 -0.6269040625962294 -0.29019973129960086 -0.2528568818036797 -0.19585502043595546 0.24625374432809854 -1.053048518742549 0.6769043546856922 
263 1 -1.7983469241981391 -2.0568002175929307 -2.0550511170193477 0.75712152776302 -0.9827557686488345 -0.8718151966192536 -1.7283254629884675 
264 -1 -0.09443003459536145 -0.025209658355601374 0.004599437512844264 -1.2547178517681503 -1.059568863209893 -0.32811523024936706 -0.5492912386383891 
265 -1 0.33154918780533293 -0.025209658355601374 -0.2528568818036797 -0.513513869835614 -0.5986902958435429 -0.1468819081260716 -0.4078071317163797 
266 1 -1.9048417297983127 -2.0568002175929307 -2.0550511170193477 0.33357639523014204 -1.4052277887346554 -1.5967484851124354 -1.7283254629884675 
267 1 -0.30741964579570863 0.15145039027373164 0.36503828455597787 -0.40762758670239446 -0.40665755944089715 0.21558473612051937 -0.4078071317163797 
268 1 -0.6269040625962294 -0.46685977992893385 0.10758196523945386 -0.40762758670239446 0.2846602916086277 -1.2342818408658445 0.44109750981567664 
269 1 1.6094868550074162 2.2713709738257277 2.6821451584046936 1.4983255096955566 2.089768013793498 1.8466846352301787 1.9502613169837768 
270 -1 -0.41391445139588223 -0.3785297556142674 -0.30434814566698454 -0.513513869835614 -0.5986902958435429 1.1217513467369968 -0.8794208214564111 
271 -1 -0.20092484019553505 0.06312036595906513 0.10758196523945386 -0.08996873730273595 0.5535061225723318 0.21558473612051937 0.2524520339196641 
272 -1 0.11855957660498576 0.5047704875323976 0.10758196523945386 -0.8311727192352725 -0.8675361268072471 -0.690581874495958 -0.31348439376837345 
273 1 -1.0528832849969239 -0.9968399258169328 -1.0252258397532517 0.6512352446298005 -0.4450641067214263 0.5780513803671103 -0.5964526076123923 
274 -1 -0.09443003459536145 0.06312036595906513 -0.09838309021376533 -0.513513869835614 -0.3298444648798389 -0.32811523024936706 -0.3606457627423766 
275 -1 0.33154918780533293 0.41644046321773115 0.5195120761458922 -0.513513869835614 -0.25303137031878054 -0.5093485523726625 0.2524520339196641 
276 1 1.2900024382068953 1.8297208522523951 1.9612674643184265 0.22769011209692253 1.09119778449974 1.8466846352301787 0.959872568529711 
277 1 -0.20092484019553505 -0.46685977992893385 -0.09838309021376533 -0.6194001529688334 1.129604331780269 0.7592847024904058 0.34677477186767036 
278 1 -0.20092484019553505 -0.3785297556142674 -0.4588219372568989 1.9218706422284344 0.591912669852861 -0.690581874495958 -0.03051617992435469 
279 1 0.012064771004812147 0.41644046321773115 0.6739858677358066 0.75712152776302 -1.4820408832957137 0.5780513803671103 -1.91697093888448 
280 -1 1.2900024382068953 0.9464206091057301 0.7769683954624163 -0.30174130356917495 0.361473386169686 -0.1468819081260716 0.7712270926336985 
281 -1 0.33154918780533293 -0.025209658355601374 -0.14987435407707012 -0.513513869835614 -0.7523164849656596 0.39681805824381483 -0.31348439376837345 
282 1 -2.0113365353984864 -2.0568002175929307 -2.158033644745957 -0.6194001529688334 -1.558853977856772 -0.8718151966192536 -2.0112936768324863 
283 -1 0.5445387990056801 -0.025209658355601374 -0.2528568818036797 -1.8900355505674673 -1.328414694173597 0.034351413997223884 -0.8794208214564111 
284 1 -0.09443003459536145 0.15145039027373164 0.6739858677358066 -0.513513869835614 0.20784719704756938 2.2091512794767696 0.1109679269976547 
285 -1 -0.5204092569960559 -0.46685977992893385 -0.2528568818036797 0.5453489614965811 -0.02259208663560558 0.034351413997223884 -0.31348439376837345 
286 -1 0.22505438220515936 0.3281104389030646 0.05609070137614906 -0.30174130356917495 -0.368251012160368 -0.32811523024936706 0.2524520339196641 
287 1 -1.3723677017974447 -1.2618299987609323 -1.1282083674798613 2.1336432084948735 -0.4834706540019555 -0.8718151966192536 -1.3038731422224392 
288 -1 0.9705180214063746 0.9464206091057301 1.085915978642245 0.015917545830483545 0.43828648073074433 -0.690581874495958 1.1956794133997266 
289 1 0.864023215806201 1.1230806577350632 0.9314421870523306 0.015917545830483545 1.4752632573050317 0.5780513803671103 1.5258089962177486 
290 1 -2.0113365353984864 -1.9684701932782644 -1.952068589292738 0.8630078108962395 -0.829129579526718 0.39681805824381483 -1.6340027250404612 
291 1 1.8224764662077633 2.624691071084394 2.42468883908817 0.968894094029459 1.4368567100245024 0.39681805824381483 1.5258089962177486 
292 1 0.33154918780533293 0.5047704875323976 0.6739858677358066 0.12180382896370304 1.8209221828297941 1.3029846688602922 1.4786476272437454 
293 -1 1.928971271807937 1.5647307793083955 0.9314421870523306 0.33357639523014204 -0.25303137031878054 -0.32811523024936706 0.2996134028936672 
294 -1 1.8224764662077633 1.653060803623062 1.1888985063688546 -0.30174130356917495 -0.02259208663560558 -0.5093485523726625 0.4882588787896797 
295 1 0.22505438220515936 0.3281104389030646 0.6224946038725018 0.4394626783633615 2.1665811083545563 1.4842179909835878 1.7144544721137611 
296 1 -0.9463884793967503 -0.8201798771875999 -1.0767171036165564 -0.40762758670239446 -0.7907230322461888 -0.5093485523726625 -1.1623890353004298 
297 1 1.5029920494072426 -0.8201798771875999 -0.7677695204367276 0.5453489614965811 0.2846602916086277 -0.32811523024936706 -0.12483891787236095 
298 1 -0.6269040625962294 -0.8201798771875999 -1.3856646867963853 0.968894094029459 -1.2131950523320094 -1.2342818408658445 -1.256711773248436 
299 1 0.9705180214063746 1.1230806577350632 1.6523198811385977 0.75712152776302 1.8593287301103232 1.3029846688602922 1.0541953064777174 
300 -1 -0.30741964579570863 -0.46685977992893385 -0.8192607843000325 -0.8311727192352725 -1.059568863209893 -0.690581874495958 -0.8794208214564111 
301 -1 -1.4788625073976183 -1.173499974446266 -1.6431210061129091 0.6512352446298005 -1.2131950523320094 -1.41551516298914 -1.586841356066458 
302 1 0.22505438220515936 0.23978041458839813 0.15907322910275865 0.12180382896370304 1.2832305209023858 0.034351413997223884 0.8183884616077016 
303 1 0.5445387990056801 0.5047704875323976 0.7769683954624163 0.015917545830483545 1.09119778449974 1.3029846688602922 1.0541953064777174 
304 -1 0.43804399340550654 0.6814305361617307 0.6224946038725018 0.5453489614965811 0.4766930280112735 -0.1468819081260716 0.15812929597165784 
305 1 2.6744349110091523 3.1546712169723925 3.0425840054478273 0.6512352446298005 1.09119778449974 0.7592847024904058 1.8087772100617674 
306 1 0.7575284102060273 0.5047704875323976 1.1888985063688546 0.33357639523014204 2.051361466512969 0.21558473612051937 1.2900021513477329 
307 1 -0.41391445139588223 -0.5551898042436003 -0.3558394095302893 0.75712152776302 -0.6755033904046013 -1.41551516298914 -0.07767754889835782 
308 1 -0.41391445139588223 -0.29019973129960086 -0.2013656179403749 -0.30174130356917495 -0.3298444648798389 0.39681805824381483 -0.5492912386383891 
309 1 0.6510336046058538 0.8580905847910636 1.2403897702321593 0.75712152776302 3.1267447903677854 1.665451313106883 2.421875006723808 
310 1 0.11855957660498576 0.3281104389030646 0.36503828455597787 0.4394626783633615 0.8607585008165651 1.3029846688602922 0.5354202477636829 
311 1 0.33154918780533293 0.7697605604763971 0.5195120761458922 -0.9370590023684919 -0.9443492213683053 0.21558473612051937 -0.45496850069038286 
312 1 -1.5853573129977918 -1.7034801203342649 -1.9005773254294331 1.604211792828776 -1.0211623159293637 -1.5967484851124354 -1.6811640940144643 
313 -1 -0.6269040625962294 -0.8201798771875999 -0.9737345758899468 -0.08996873730273595 -0.9443492213683053 -0.8718151966192536 -0.6907753455603985 
314 1 -0.8398936737965766 -0.9968399258169328 -1.0252258397532517 0.6512352446298005 0.3230668388891568 0.7592847024904058 -0.07767754889835782 
315 -1 -0.09443003459536145 -0.11353968267026787 -0.04689182635046053 -0.40762758670239446 -0.2914379175993097 0.21558473612051937 -0.5492912386383891 
316 -1 0.11855957660498576 0.5931005118470641 0.828459659325721 0.968894094029459 1.321637068182915 -0.5093485523726625 2.044584054931783 
317 -1 -1.2658728961972712 -1.0851699501315994 -1.3856646867963853 1.4983255096955566 0.01581446064492358 -0.690581874495958 -0.5492912386383891 
318 -1 0.9705180214063746 0.3281104389030646 0.36503828455597787 -2.1018081168339062 -1.059568863209893 0.21558473612051937 -0.3606457627423766 
319 -1 -0.30741964579570863 -0.29019973129960086 -0.14987435407707012 -1.0429452855017114 -1.097975410490422 0.034351413997223884 -0.7850980835084048 
320 1 -1.0528832849969239 -0.9968399258169328 -1.0767171036165564 0.33357639523014204 -0.4450641067214263 0.39681805824381483 -0.4078071317163797 
321 1 -1.1593780905970974 -1.0851699501315994 -1.0767171036165564 -0.6194001529688334 -0.5986902958435429 -1.053048518742549 -0.8794208214564111 
322 1 -1.4788625073976183 -1.2618299987609323 -1.0252258397532517 0.33357639523014204 -1.2131950523320094 -0.5093485523726625 -1.256711773248436 
323 -1 1.0770128270065482 0.5047704875323976 0.26205575682936827 -1.1488315686349309 -0.25303137031878054 0.21558473612051937 -0.31348439376837345 
324 -1 -0.41391445139588223 -0.20186970698493437 0.05609070137614906 0.12180382896370304 0.6303192171333901 1.1217513467369968 0.34677477186767036 
325 -1 -0.09443003459536145 -0.29019973129960086 -0.14987435407707012 -0.40762758670239446 0.13103410248651107 -0.32811523024936706 0.2524520339196641 
326 -1 0.33154918780533293 1.3880707306790625 2.579162630678084 1.4983255096955566 2.8578989594040816 0.21558473612051937 4.119684289787921 
327 -1 -0.5204092569960559 -0.7318498528729334 -0.7162782565734229 -0.30174130356917495 -0.5218772012824846 -1.5967484851124354 -0.12483891787236095 
328 -1 0.012064771004812147 0.15145039027373164 0.15907322910275865 -0.8311727192352725 0.13103410248651107 0.034351413997223884 0.44109750981567664 
329 1 -0.20092484019553505 -0.20186970698493437 0.004599437512844264 -0.40762758670239446 -0.06099863391613474 0.034351413997223884 -0.26632302479437037 
330 -1 0.11855957660498576 -0.3785297556142674 -0.04689182635046053 -1.572376701167809 -1.097975410490422 0.034351413997223884 -0.6436139765863954 
331 -1 0.012064771004812147 0.06312036595906513 0.10758196523945386 -0.8311727192352725 -0.2914379175993097 -0.8718151966192536 0.2524520339196641 
332 -1 0.5445387990056801 -0.20186970698493437 -0.09838309021376533 -2.5253532493667845 -1.4436343360151844 -0.32811523024936706 -0.832259452482408 
333 -1 0.012064771004812147 0.06312036595906513 0.05609070137614906 0.22769011209692253 0.1694406497670402 0.034351413997223884 -0.03051617992435469 
334 1 0.7575284102060273 0.41644046321773115 0.10758196523945386 0.4394626783633615 -0.6755033904046013 0.7592847024904058 -0.5492912386383891 
335 1 0.9705180214063746 1.653060803623062 1.7553024088652074 0.12180382896370304 1.2064174263413274 1.665451313106883 1.0070339375037143 
336 -1 0.6510336046058538 0.8580905847910636 0.41652954841928264 1.180666660295898 -0.3298444648798389 -1.053048518742549 -1.0209049283784204 
337 1 -0.30741964579570863 -0.20186970698493437 -0.04689182635046053 -0.8311727192352725 -0.7907230322461888 0.39681805824381483 -0.6436139765863954 
338 -1 -0.09443003459536145 -0.025209658355601374 0.004599437512844264 0.015917545830483545 0.05422100792545274 -0.5093485523726625 0.34677477186767036 
339 -1 0.012064771004812147 -0.025209658355601374 0.05609070137614906 -0.30174130356917495 0.24625374432809854 -0.1468819081260716 0.2524520339196641 
340 -1 0.22505438220515936 0.06312036595906513 0.004599437512844264 -0.9370590023684919 -0.06099863391613474 -0.32811523024936706 -0.07767754889835782 
341 1 -0.41391445139588223 -0.025209658355601374 0.36503828455597787 -1.7841492674342478 -1.097975410490422 1.1217513467369968 -0.4078071317163797 
342 1 -1.4788625073976183 -1.3501600230755988 -1.4886472145229948 0.4394626783633615 -1.097975410490422 -0.1468819081260716 -1.539679987092455 
343 1 -1.3723677017974447 -1.5268200717049318 -1.5916297422496044 -0.513513869835614 -0.0994051811966639 0.7592847024904058 -0.45496850069038286 
344 1 -0.41391445139588223 -0.46685977992893385 -0.4588219372568989 0.33357639523014204 -0.40665755944089715 1.1217513467369968 -0.6436139765863954 
345 -1 0.7575284102060273 0.7697605604763971 0.41652954841928264 0.12180382896370304 0.13103410248651107 -0.690581874495958 0.582581616737686 
346 -1 -1.2658728961972712 -1.2618299987609323 -1.3856646867963853 -0.6194001529688334 -1.366821241454126 -0.8718151966192536 -1.4453572491444486 
347 -1 -0.09443003459536145 -0.3785297556142674 -0.40733067339359413 -0.9370590023684919 -1.366821241454126 -0.1468819081260716 -0.9265821904304141 
348 -1 0.43804399340550654 0.06312036595906513 -0.3558394095302893 2.239529491628093 0.7071323116944485 -1.41551516298914 0.7712270926336985 
349 1 0.11855957660498576 0.06312036595906513 0.4680208122825874 -2.1018081168339062 -0.829129579526718 1.3029846688602922 -0.03051617992435469 
350 -1 -0.6269040625962294 -0.9085099015022664 -0.9222433120266421 -1.1488315686349309 -0.5986902958435429 -1.2342818408658445 -0.5964526076123923 
351 1 -1.1593780905970974 -0.8201798771875999 -0.7677695204367276 0.22769011209692253 -0.4834706540019555 0.5780513803671103 -0.8794208214564111 
352 -1 -0.30741964579570863 -0.20186970698493437 0.10758196523945386 -1.0429452855017114 -0.40665755944089715 -1.053048518742549 0.3939361408416735 
353 -1 0.33154918780533293 0.41644046321773115 0.36503828455597787 -0.8311727192352725 -0.9443492213683053 -1.053048518742549 -0.31348439376837345 
354 1 -1.2658728961972712 -1.4384900473902653 -1.7975947977028237 1.4983255096955566 -0.7139099376851304 -0.8718151966192536 -1.256711773248436 
355 -1 0.33154918780533293 0.23978041458839813 0.26205575682936827 0.33357639523014204 0.43828648073074433 -0.690581874495958 0.44109750981567664 
356 1 0.9705180214063746 1.653060803623062 1.858284936591817 -0.40762758670239446 0.361473386169686 1.1217513467369968 1.1485180444257235 
357 1 -0.8398936737965766 -1.2618299987609323 -1.0767171036165564 0.22769011209692253 0.2846602916086277 -0.5093485523726625 0.2996134028936672 
358 -1 0.22505438220515936 -0.025209658355601374 -0.14987435407707012 -0.9370590023684919 -0.7907230322461888 0.21558473612051937 -0.5492912386383891 
359 1 1.3964972438070689 0.9464206091057301 0.5710033400091971 -1.572376701167809 -1.2131950523320094 1.1217513467369968 -0.5964526076123923 
360 1 -0.9463884793967503 -0.20186970698493437 -0.6647869927101181 1.4983255096955566 1.129604331780269 0.034351413997223884 1.1956794133997266 
361 -1 -0.30741964579570863 -0.5551898042436003 -0.40733067339359413 -1.0429452855017114 -0.7523164849656596 -1.2342818408658445 -0.5492912386383891 
362 -1 0.6510336046058538 0.41644046321773115 0.31354702069267304 0.5453489614965811 -0.4450641067214263 -0.5093485523726625 -0.12483891787236095 
363 -1 -0.6269040625962294 -0.46685977992893385 -0.09838309021376533 -1.6782629843010284 -1.597260525137301 0.21558473612051937 -1.1152276663264267 
364 1 -0.20092484019553505 -0.46685977992893385 -0.3558394095302893 -0.08996873730273595 -0.02259208663560558 -0.690581874495958 -0.3606457627423766 
365 -1 0.33154918780533293 0.5931005118470641 0.15907322910275865 -0.513513869835614 -0.2914379175993097 0.5780513803671103 0.34677477186767036 
366 -1 -1.2658728961972712 -1.173499974446266 -1.3341734229330804 -0.9370590023684919 -1.597260525137301 -1.5967484851124354 -1.4925186181184518 
367 -1 -0.5204092569960559 -0.46685977992893385 -0.3558394095302893 0.33357639523014204 -0.25303137031878054 -1.2342818408658445 -0.5492912386383891 
368 1 -2.1178313409986598 -1.9684701932782644 -2.0550511170193477 -0.6194001529688334 -1.366821241454126 -1.777981807235731 -1.6340027250404612 
369 1 -1.7983469241981391 -1.7918101446489314 -1.8490860615661284 0.4394626783633615 -0.7523164849656596 1.1217513467369968 -1.7754868319624706 
370 1 -1.9048417297983127 -1.7918101446489314 -2.0550511170193477 2.663074624160971 -0.8675361268072471 -2.140448451482322 -1.7754868319624706 
371 -1 0.6510336046058538 0.41644046321773115 0.41652954841928264 -0.6194001529688334 0.0926275552059819 -0.1468819081260716 0.34677477186767036 
372 -1 0.012064771004812147 -0.20186970698493437 -0.14987435407707012 -0.6194001529688334 0.24625374432809854 0.21558473612051937 0.5354202477636829 
373 -1 -0.5204092569960559 -0.9968399258169328 -0.9737345758899468 -0.6194001529688334 -1.097975410490422 -0.32811523024936706 -1.0680662973524235 
374 1 -0.09443003459536145 0.06312036595906513 -0.09838309021376533 1.604211792828776 0.6687257644139193 -0.8718151966192536 -0.12483891787236095 
375 -1 1.7159816606075897 1.3880707306790625 0.7769683954624163 -0.7252864361020529 0.0926275552059819 0.5780513803671103 0.6297429857116892 
376 1 -0.41391445139588223 -0.3785297556142674 -0.5103132011202037 1.180666660295898 1.1680108790607984 0.5780513803671103 0.44109750981567664 
377 -1 0.6510336046058538 0.15145039027373164 0.21056449296606344 -0.9370590023684919 -0.9443492213683053 0.21558473612051937 -0.45496850069038286 
378 -1 0.33154918780533293 0.3281104389030646 0.10758196523945386 -0.08996873730273595 -0.02259208663560558 0.034351413997223884 0.2524520339196641 
379 -1 -0.09443003459536145 -0.3785297556142674 -0.04689182635046053 0.22769011209692253 -0.40665755944089715 0.034351413997223884 -0.4078071317163797 
380 -1 1.928971271807937 2.006380900881728 1.9097762004551218 1.9218706422284344 0.5535061225723318 1.1217513467369968 0.2524520339196641 
381 1 -1.5853573129977918 -1.7918101446489314 -1.7461035338395188 -1.1488315686349309 -1.5204474305762428 -1.41551516298914 -1.7283254629884675 
382 1 -0.41391445139588223 -0.3785297556142674 -0.30434814566698454 0.12180382896370304 0.1694406497670402 1.3029846688602922 -0.07767754889835782 
383 -1 -1.3723677017974447 -1.4384900473902653 -1.43715595065969 0.015917545830483545 -0.829129579526718 -1.5967484851124354 -0.6436139765863954 
384 -1 -0.5204092569960559 -0.5551898042436003 -0.7162782565734229 -0.6194001529688334 -0.7523164849656596 -1.5967484851124354 -0.26632302479437037 
385 -1 0.33154918780533293 0.6814305361617307 0.6739858677358066 0.12180382896370304 -0.5218772012824846 0.7592847024904058 -0.31348439376837345 
386 -1 0.7575284102060273 0.7697605604763971 1.0344247147789403 -0.30174130356917495 -0.13781172847719306 -0.5093485523726625 0.6297429857116892 
387 1 -0.5204092569960559 -0.29019973129960086 0.05609070137614906 -0.8311727192352725 -0.5986902958435429 1.1217513467369968 -0.5492912386383891 
388 1 -1.0528832849969239 -0.9968399258169328 -1.0252258397532517 -0.08996873730273595 -0.5218772012824846 -0.690581874495958 -0.6436139765863954 
389 -1 0.5445387990056801 0.7697605604763971 0.8799509231890258 0.33357639523014204 1.052791237219211 0.9405180246137013 1.0541953064777174 
390 -1 1.5029920494072426 1.653060803623062 1.343372297958769 0.8630078108962395 0.7455388589749776 -0.32811523024936706 1.0070339375037143 
391 1 0.11855957660498576 -0.025209658355601374 0.10758196523945386 -2.1018081168339062 -1.097975410490422 0.5780513803671103 -0.5492912386383891 
392 -1 -0.41391445139588223 -0.3785297556142674 0.10758196523945386 0.015917545830483545 0.822351953536036 -0.5093485523726625 0.44109750981567664 
393 -1 2.1419608830082844 1.9180508765670616 1.549337353411988 0.8630078108962395 0.361473386169686 -0.32811523024936706 0.6769043546856922 
394 -1 3.3134037446101936 1.2997407063643962 -0.7162782565734229 -1.2547178517681503 -1.4436343360151844 -1.053048518742549 -1.3510345111964424 
395 -1 -0.30741964579570863 -0.29019973129960086 -0.2528568818036797 -0.513513869835614 -0.368251012160368 0.21558473612051937 -0.3606457627423766 
396 -1 1.7159816606075897 1.0347506334203966 0.41652954841928264 -1.6782629843010284 -0.40665755944089715 0.5780513803671103 0.4882588787896797 
397 -1 2.6744349110091523 2.536361046769727 1.9097762004551218 0.5453489614965811 0.6687257644139193 -0.32811523024936706 0.959872568529711 
398 1 0.7575284102060273 1.2997407063643962 1.1374072425055497 0.12180382896370304 0.01581446064492358 -0.32811523024936706 -0.1720002868463641 
399 1 -0.6269040625962294 -0.3785297556142674 -0.40733067339359413 0.4394626783633615 1.09119778449974 -1.053048518742549 0.4882588787896797 
400 1 -1.5853573129977918 -1.6151500960195984 -2.003559853156043 0.22769011209692253 -1.1747885050514804 -1.5967484851124354 -1.7283254629884675 
401 -1 -0.9463884793967503 -0.7318498528729334 -0.9737345758899468 -1.6782629843010284 -1.7892932615399468 -1.2342818408658445 -1.3981958801704455 
402 1 0.012064771004812147 -0.20186970698493437 0.31354702069267304 0.5453489614965811 1.4368567100245024 1.3029846688602922 1.0070339375037143 
403 -1 -0.30741964579570863 -0.46685977992893385 -0.8192607843000325 -1.2547178517681503 -1.0211623159293637 1.3029846688602922 -0.6907753455603985 
404 -1 0.7575284102060273 0.5931005118470641 0.31354702069267304 -0.8311727192352725 -0.25303137031878054 -0.690581874495958 0.06380655802365157 
405 1 -0.5204092569960559 -1.2618299987609323 -1.1282083674798613 0.5453489614965811 0.7071323116944485 -0.1468819081260716 0.06380655802365157 
406 -1 0.6510336046058538 0.5047704875323976 0.6739858677358066 0.12180382896370304 2.243394202915615 0.21558473612051937 1.7616158410877643 
407 -1 -0.09443003459536145 0.15145039027373164 0.05609070137614906 0.5453489614965811 0.1694406497670402 -0.1468819081260716 0.20529066494566095 
408 -1 -0.30741964579570863 -0.5551898042436003 -0.7677695204367276 2.027756925361654 -0.6370968431240721 -0.690581874495958 -0.8794208214564111 
409 1 -0.5204092569960559 -0.025209658355601374 0.05609070137614906 -1.36060413490137 -0.7139099376851304 0.39681805824381483 -0.26632302479437037 
410 -1 1.0770128270065482 1.2114106820497297 0.9314421870523306 1.4983255096955566 1.1680108790607984 0.034351413997223884 0.8655498305817048 
411 -1 1.5029920494072426 1.3880707306790625 1.600828617275293 0.33357639523014204 1.5136698045855608 0.9405180246137013 1.7144544721137611 
412 1 -0.5204092569960559 -0.5551898042436003 -0.3558394095302893 -0.7252864361020529 -0.7139099376851304 0.5780513803671103 -0.6907753455603985 
413 1 -0.41391445139588223 -0.7318498528729334 -0.6132957288468133 0.015917545830483545 -1.6740736196983594 -0.690581874495958 -1.8698095699104769 
414 -1 -0.09443003459536145 -0.20186970698493437 -0.30434814566698454 -0.30174130356917495 0.20784719704756938 -1.053048518742549 0.7240657236596953 
415 -1 -0.20092484019553505 -0.8201798771875999 -0.6132957288468133 -0.08996873730273595 -0.5218772012824846 -1.053048518742549 -0.45496850069038286 
416 -1 -0.6269040625962294 -0.7318498528729334 -0.4588219372568989 -0.08996873730273595 -0.6370968431240721 -1.2342818408658445 -0.502129869664386 
417 -1 0.012064771004812147 0.06312036595906513 -0.2013656179403749 -0.40762758670239446 -1.0211623159293637 0.7592847024904058 -1.1623890353004298 
418 1 0.33154918780533293 0.5931005118470641 0.4680208122825874 0.5453489614965811 0.39987993345021516 1.4842179909835878 0.3939361408416735 
419 1 0.43804399340550654 0.7697605604763971 1.1374072425055497 0.4394626783633615 1.9745483719519108 1.3029846688602922 3.0349728033858487 
420 -1 1.1835076326067218 0.5931005118470641 0.41652954841928264 -0.8311727192352725 -1.059568863209893 -0.8718151966192536 -0.832259452482408 
421 1 0.11855957660498576 0.41644046321773115 0.004599437512844264 2.3454157747613125 0.3230668388891568 -0.8718151966192536 0.2524520339196641 
422 -1 0.43804399340550654 0.3281104389030646 -0.04689182635046053 0.015917545830483545 -0.3298444648798389 0.5780513803671103 -0.31348439376837345 
423 -1 -0.41391445139588223 -0.025209658355601374 -0.3558394095302893 1.180666660295898 -1.0211623159293637 -1.2342818408658445 -1.1623890353004298 
424 -1 -0.20092484019553505 0.15145039027373164 0.31354702069267304 -0.08996873730273595 0.2846602916086277 0.21558473612051937 0.6769043546856922 
425 1 0.43804399340550654 0.5931005118470641 0.7254771315991114 -0.513513869835614 2.281800750196144 1.665451313106883 1.8087772100617674 
426 1 -1.2658728961972712 -1.0851699501315994 -1.179699631343166 -0.08996873730273595 -0.7523164849656596 -1.2342818408658445 -0.45496850069038286 
427 1 0.11855957660498576 0.15145039027373164 0.41652954841928264 -0.8311727192352725 0.1694406497670402 0.7592847024904058 0.20529066494566095 
428 1 0.012064771004812147 0.23978041458839813 0.5710033400091971 -0.6194001529688334 0.20784719704756938 1.1217513467369968 0.20529066494566095 
429 -1 1.2900024382068953 0.8580905847910636 0.5195120761458922 -0.9370590023684919 0.20784719704756938 -0.690581874495958 0.959872568529711 
430 -1 6.295258301415054 5.804571946412388 3.2485490609010466 0.968894094029459 0.7839454062555068 0.7592847024904058 1.667293103139758 
431 1 0.7575284102060273 0.5931005118470641 0.7254771315991114 0.015917545830483545 -1.059568863209893 -0.32811523024936706 -0.9265821904304141 
432 1 -0.41391445139588223 0.15145039027373164 0.05609070137614906 -0.40762758670239446 -0.4450641067214263 1.4842179909835878 -0.45496850069038286 
433 1 0.864023215806201 1.1230806577350632 1.4463548256853787 0.6512352446298005 1.3984501627439734 1.1217513467369968 0.8655498305817048 
434 1 -0.7333988681964031 -0.6435198285582668 -0.7162782565734229 1.0747803771626785 0.0926275552059819 0.034351413997223884 -0.5964526076123923 
435 1 0.5445387990056801 -0.46685977992893385 -0.2013656179403749 -0.19585502043595546 -1.1747885050514804 0.21558473612051937 -1.4925186181184518 
436 -1 0.43804399340550654 -0.025209658355601374 -0.14987435407707012 -0.8311727192352725 -1.1747885050514804 -0.32811523024936706 -0.6907753455603985 
437 -1 -0.9463884793967503 -0.9968399258169328 -0.9737345758899468 1.180666660295898 -0.13781172847719306 0.21558473612051937 -0.5964526076123923 
438 -1 0.43804399340550654 0.5931005118470641 0.6224946038725018 0.22769011209692253 -0.3298444648798389 -0.690581874495958 0.1109679269976547 
439 -1 0.012064771004812147 -0.025209658355601374 -0.40733067339359413 -1.1488315686349309 -0.3298444648798389 0.39681805824381483 -0.03051617992435469 
440 1 -0.6269040625962294 -0.6435198285582668 -0.30434814566698454 -0.19585502043595546 0.01581446064492358 -0.8718151966192536 -0.31348439376837345 
441 1 0.7575284102060273 0.8580905847910636 1.2403897702321593 -0.513513869835614 0.9759781426581525 1.3029846688602922 1.1485180444257235 
442 -1 0.7575284102060273 0.5931005118470641 0.5195120761458922 -0.40762758670239446 -0.4450641067214263 0.034351413997223884 -0.03051617992435469 
443 1 0.33154918780533293 0.5047704875323976 0.9314421870523306 -0.08996873730273595 0.6303192171333901 0.034351413997223884 0.6769043546856922 
444 -1 -1.4788625073976183 -1.7918101446489314 -1.694612269976214 -0.8311727192352725 -1.8276998088204761 -1.2342818408658445 -1.6340027250404612 
445 1 -0.09443003459536145 0.15145039027373164 0.5710033400091971 -0.19585502043595546 -0.02259208663560558 1.3029846688602922 0.3939361408416735 
446 1 -0.7333988681964031 -0.6435198285582668 -0.4588219372568989 -1.572376701167809 -0.9443492213683053 1.3029846688602922 -0.6436139765863954 
447 -1 1.0770128270065482 1.0347506334203966 0.6224946038725018 -0.9370590023684919 0.13103410248651107 -0.5093485523726625 0.9127111995557079 
448 -1 0.9705180214063746 0.5931005118470641 -0.14987435407707012 0.33357639523014204 -1.1363819577709513 -1.053048518742549 -1.1152276663264267 
449 -1 -0.5204092569960559 -1.2618299987609323 -0.9222433120266421 -0.8311727192352725 -1.4436343360151844 -0.690581874495958 -0.9265821904304141 
450 -1 0.7575284102060273 0.6814305361617307 0.828459659325721 -1.0429452855017114 -0.25303137031878054 0.5780513803671103 0.06380655802365157 
451 1 0.43804399340550654 0.6814305361617307 0.8799509231890258 0.33357639523014204 2.0129549192324396 1.3029846688602922 1.667293103139758 
452 1 -0.20092484019553505 -0.3785297556142674 -0.14987435407707012 0.015917545830483545 0.3230668388891568 0.9405180246137013 0.01664518904964844 
453 -1 -1.1593780905970974 -1.4384900473902653 -1.3856646867963853 -1.4664904180345895 -1.7508867142594178 -1.41551516298914 -1.4925186181184518 
454 -1 -0.09443003459536145 0.06312036595906513 0.05609070137614906 0.4394626783633615 -0.4450641067214263 -0.690581874495958 -0.5492912386383891 
455 1 -0.6269040625962294 -0.46685977992893385 -0.5618044649835084 0.5453489614965811 -1.097975410490422 -0.690581874495958 -1.8226482009364737 
456 -1 -0.6269040625962294 -0.9085099015022664 -0.8192607843000325 0.968894094029459 -0.368251012160368 -0.690581874495958 -0.45496850069038286 
457 1 0.7575284102060273 1.0347506334203966 1.1888985063688546 0.12180382896370304 1.9361418246713815 1.4842179909835878 1.6201317341657548 
458 -1 0.43804399340550654 0.5047704875323976 0.26205575682936827 0.5453489614965811 0.0926275552059819 -0.690581874495958 0.2524520339196641 
