id label data 
0 -1 -0.07630601405233293 -0.17770466332772752 -0.536368270121299 0.44859478349357584 -0.9365149991541541 -1.1150379584189285 -0.5895691613677885 
1 -1 -0.18681817233502213 -0.17770466332772752 0.27910566092284833 1.2922207942426889 0.5264786764639192 -1.510241285453486 0.8613236966857536 
2 -1 0.14471830251304543 -0.3492815796441543 -0.5873353908115582 -1.6604702433792067 -1.5217124694013835 0.2681736862020218 -0.8313846377100456 
3 1 0.3657426190784238 0.25123762746333933 0.22813854023258912 -0.254426892130685 1.3624750625313897 1.2561820037884148 0.667871315611948 
4 1 -0.18681817233502213 -0.17770466332772752 -0.12863130459922534 1.1516164591178366 1.8640728941718718 1.2561820037884148 0.3776927440012396 
5 -1 0.8077912522091806 0.5943914600961928 0.22813854023258912 -1.941678913628911 -0.4767169868170454 0.07057202268474316 -0.009212018146371664 
6 -1 0.25523046079573464 0.4228145437797661 1.5023165574890693 -0.1138225570058328 1.2788754239246425 0.663377013236579 2.1671272689339416 
7 -1 0.476254777361113 0.5086030019379795 0.22813854023258912 1.0110121239929846 0.15028030273355747 -0.5222329678670927 -0.63793225663624 
8 -1 -0.07630601405233293 -0.006127747011300782 0.07523717816181148 -0.1138225570058328 0.8608772308909074 0.663377013236579 0.667871315611948 
9 1 -0.9604032803138464 -0.8640123285934346 -1.1479737184044094 0.44859478349357584 -0.14231843239005718 -0.9174362949016499 -0.3477536850255315 
10 1 -0.6288668054657789 -0.4350700378023677 -0.281532666670003 1.0110121239929846 1.0280765081044014 0.4657753497193004 0.3293296487327882 
11 -1 -0.18681817233502213 0.0796607111469126 -0.07766418390896614 0.026781778119019363 -0.14231843239005718 -0.3246313043498141 -0.3477536850255315 
12 1 1.0288155687745588 1.0233337508872598 1.5532836781793284 1.5734294644923932 1.7804732555651248 1.6513853308229722 1.0547760777595592 
13 1 1.3603520436226264 1.4522760416783267 1.8081192816306244 -0.1138225570058328 1.1952757853178955 0.4657753497193004 2.2638534594708446 
14 -1 2.4654736264495183 2.481737539576887 1.9610206437014022 1.0110121239929846 0.8190774115875339 -0.12702964083253546 1.393317744638719 
15 1 -1.4024519134446032 -1.0355892449098614 -0.9950723563336319 -0.5356355623803892 -1.3545131921878892 -0.12702964083253546 -1.3150155903945595 
16 -1 1.3603520436226264 1.0233337508872598 0.941678229896218 -0.5356355623803892 0.35927939925042507 0.4657753497193004 0.5711451250750452 
17 1 0.03420614423035625 0.165449169305126 0.48297414368388514 -0.39503122725553713 1.3206752432280162 1.8489869943402508 1.151502268296462 
18 1 -1.0709154385965356 -1.0355892449098614 -0.6383025115018174 0.7298034537432802 -0.6439162640305395 -0.5222329678670927 -1.121563209320754 
19 -1 0.6972790939264913 0.851756834570833 0.686842626444922 -0.254426892130685 0.35927939925042507 1.2561820037884148 1.0547760777595592 
20 1 -1.0709154385965356 -0.7782238704352212 -0.6383025115018174 -0.5356355623803892 -0.3931173482102983 0.8609786767538576 -0.3477536850255315 
21 1 -1.955012704858049 -1.9792622846502084 -2.0144147701388158 0.589199118618428 -1.5217124694013835 -1.7078429489707645 -1.847009638347525 
22 -1 0.14471830251304543 0.5086030019379795 0.12620429885207068 -0.9574485677549458 -0.9365149991541541 -0.7198346313843713 -0.3961167802939829 
23 1 0.9183034104918697 1.109122209045473 0.941678229896218 0.16738611324387154 1.6132739783516308 0.663377013236579 1.4900439351756218 
24 1 1.9129128350360722 2.5675259977351006 2.4197247299137348 1.432825129367541 1.5714741590482573 0.4657753497193004 1.4900439351756218 
25 -1 2.0234249933187614 1.53806449983654 0.941678229896218 0.589199118618428 -0.26771789030017773 -0.3246313043498141 0.23260345819588535 
26 1 0.5867669356438021 0.5086030019379795 0.7887768678254403 0.16738611324387154 1.1952757853178955 1.4537836673056936 1.0064129824911079 
27 1 -0.8498911220311572 -0.9498007867516479 -0.9950723563336319 1.0110121239929846 0.35927939925042507 0.8609786767538576 -0.15430130395172587 
28 -1 -0.5183546471830897 -0.6924354122770078 -0.6892696321920766 -0.254426892130685 -0.5603166254237925 -1.7078429489707645 -0.2026643992201773 
29 -1 0.5867669356438021 -0.17770466332772752 -0.07766418390896614 -3.2071179297525805 -1.563512288704757 -0.3246313043498141 -0.9281108282469483 
30 -1 -0.6288668054657789 -0.8640123285934346 -0.8931381149531135 -1.3792615731295021 -0.6439162640305395 -1.312639621936207 -0.6862953519046914 
31 -1 0.25523046079573464 -0.006127747011300782 -0.12863130459922534 -1.0980529028797978 -0.852915360547407 0.2681736862020218 -0.63793225663624 
32 1 -0.18681817233502213 -0.4350700378023677 -0.33249978736026214 0.026781778119019363 -0.016918974479936618 -0.7198346313843713 -0.4444798755624343 
33 1 -1.84450054657536 -1.7218969101755683 -1.8105462873777791 0.7298034537432802 -0.8111155412440335 1.2561820037884148 -1.8953727336159765 
34 -1 0.3657426190784238 0.33702608562155273 0.12620429885207068 0.026781778119019363 -0.016918974479936618 0.07057202268474316 0.18424036292743395 
35 -1 -1.4024519134446032 -1.3787430775427147 -1.4028093218557054 0.16738611324387154 -0.8947151798507806 -1.7078429489707645 -0.7346584471731428 
36 -1 0.8077912522091806 0.7659683764126196 1.0436124712767365 -0.254426892130685 -0.14231843239005718 -0.5222329678670927 0.5711451250750452 
37 1 -1.0709154385965356 -0.9498007867516479 -0.9950723563336319 0.026781778119019363 -0.5603166254237925 -0.7198346313843713 -0.7346584471731428 
38 1 -0.4078424889004005 0.165449169305126 0.07523717816181148 -0.39503122725553713 -0.4767169868170454 1.6513853308229722 -0.5412060660993371 
39 -1 -1.1814275968792247 -1.3787430775427147 -1.3518422011654463 -1.8010745785040587 -1.897910843131745 -1.510241285453486 -1.605194162005268 
40 -1 -0.07630601405233293 0.0796607111469126 0.07523717816181148 0.7298034537432802 -0.4767169868170454 -0.7198346313843713 -0.63793225663624 
41 -1 -0.6288668054657789 -0.8640123285934346 -0.791203873572595 1.432825129367541 -0.3931173482102983 -0.7198346313843713 -0.5412060660993371 
