id label data 
0 1 0.9893792462569845 1.3115732307790924 1.3116817957386044 -0.31581217759659025 1.7479126593765306 1.3322573825749724 1.7452186358236121 
1 1 -0.9979329573197239 -0.8544750295093219 -1.263648377866487 0.44585248601871663 -1.5058634602347185 -1.0035754625318072 -1.7427879691999018 
2 1 1.5738828355442518 1.6882772760466427 1.816648496445485 0.82668481782637 2.642701092269624 1.8712957314457677 2.1438479621120137 
3 -1 1.5738828355442518 0.7465171628777669 0.5037350746075953 -1.4583091730195505 -0.24502521388535956 -1.3629343617790042 0.3001873280281564 
4 1 -1.5824365466069912 -1.3253550860937597 -1.5666283982906155 2.0961259238518815 -0.2856974153805002 -0.46453711366101197 -1.1448439797672993 
5 -1 -0.764131521604817 -0.8544750295093219 -0.6071916669475422 -0.4427562881991414 -0.5297306243513439 -1.0035754625318072 -0.297756661404446 
6 -1 -0.6472308037473635 -0.7602990181924343 -0.6576883370182303 -0.9505327306093461 0.24304120405632781 -1.1832549121554057 0.947959983246809 
7 -1 0.40487565696971733 0.08728508365955391 0.20075505418346687 0.3189083754161655 0.2837134055514684 0.07450123520978334 0.5493306569584073 
8 -1 -0.5303300858899102 -0.10106693897422124 0.301748394324843 0.19196426481361434 -0.24502521388535956 -0.8238960129082088 0.10087266488395559 
9 -1 0.17107422125481048 0.1814610949764415 0.20075505418346687 -0.06192395639148797 0.44640221153203086 -0.2848576640374135 0.7486453201026082 
10 1 -1.2317343930346307 -1.1370030634599846 -1.162655037725111 1.2075171496340236 -0.40771401986592204 -0.2848576640374135 -0.5967286561207472 
11 1 1.5738828355442518 1.9708053099973055 2.2206218570109897 1.8422377026467793 2.6020288907744833 1.6916162818221694 1.8448759673957125 
12 -1 0.5217763748271708 0.4639891289271042 -0.15272163631134958 0.3189083754161655 -0.40771401986592204 -0.2848576640374135 -0.2479279956183958 
13 1 0.2879749391122639 0.8406931741946545 1.2611851256679163 1.2075171496340236 2.6833732937647645 1.3322573825749724 2.243505293684114 
14 1 -1.6993372644644444 -1.7962351426781975 -1.6171250683613034 0.5727965966212678 -1.7092244677104216 -1.0035754625318072 -1.9421026323441024 
15 -1 0.9893792462569845 0.7465171628777669 0.40274173446621914 -0.06192395639148797 -0.40771401986592204 -0.2848576640374135 -0.048613332474195005 
16 1 1.5738828355442518 1.5941012647297552 1.109695115455852 -0.18886806699403913 0.7717798234931558 1.3322573825749724 0.7984739858886584 
17 -1 0.40487565696971733 0.5581651402439918 0.6552250848196595 -0.5697003988016925 0.2837134055514684 0.6135395840805786 0.5991593227444576 
18 -1 -0.764131521604817 -0.7602990181924343 -0.6576883370182303 -0.31581217759659025 -0.733091631827047 -0.46453711366101197 -0.5967286561207472 
19 -1 0.8724785283995311 0.7465171628777669 0.5037350746075953 -0.6966445094042437 -0.40771401986592204 -0.46453711366101197 0.1507013306700058 
20 1 0.5217763748271708 0.7465171628777669 0.5542317446782834 0.06502015421106318 -0.24502521388535956 0.9728984833277755 -0.5967286561207472 
21 1 -0.4134293680324567 0.08728508365955391 0.7057217548903475 -2.2199738366348574 -0.5297306243513439 2.410334080316563 0.35001599381420656 
22 -1 0.8724785283995311 0.1814610949764415 -0.05172829616997346 -2.346917947237409 -0.8957804378076094 -0.46453711366101197 -0.1482706640462954 
23 1 -1.4655358287495377 -1.4195310974106472 -1.3141450479371752 1.9691818132493304 -0.3263696168756408 -0.8238960129082088 -1.6431306376278012 
24 -1 1.2231806819718913 1.0290451968284298 0.8067150950317237 -0.6966445094042437 0.16169680106604659 -0.2848576640374135 0.200529996456056 
25 1 -0.4134293680324567 -0.2894189616079964 0.301748394324843 -0.5697003988016925 0.6904354205028745 -1.0035754625318072 0.8483026516747085 
26 1 -1.9331387001793514 -1.8904111539950852 -1.7181184085026797 0.9536289284289212 -0.48905842285620327 0.6135395840805786 -1.3441586429115002 
27 1 -0.4134293680324567 -0.6661230068755467 -1.162655037725111 1.0805730390314725 -0.8957804378076094 -1.0035754625318072 -0.9455293166230986 
28 1 -0.17962793231754984 -0.10106693897422124 -0.0012316260992853898 -0.4427562881991414 0.03968019658062474 0.6135395840805786 -0.1980993298323456 
29 1 0.40487565696971733 0.5581651402439918 0.5542317446782834 0.44585248601871663 1.3005184429299839 1.511936832198571 0.947959983246809 
30 1 -1.4655358287495377 -1.6078831200444224 -1.6676217384319916 1.8422377026467793 -0.6924194303319063 -1.3629343617790042 -1.3939873086975503 
31 -1 -0.4134293680324567 -0.6661230068755467 -0.7586816771596064 -0.18886806699403913 -0.6110750273416251 -0.6442165632846104 -0.3475853271904962 
32 -1 0.2879749391122639 0.27563710629332905 0.25125172425415493 0.19196426481361434 0.5684188160174527 0.2541806848333818 0.35001599381420656 
33 -1 -1.1148336751771772 -1.042827052143097 -1.1121583676544229 -1.2044209518144484 -1.3025024527590154 -1.3629343617790042 -1.1946726455533496 
34 -1 -0.2965286501750033 -0.8544750295093219 -0.7586816771596064 -0.8235886200067949 -0.7737638333221876 -0.10517821441381509 -0.7462146534788978 
35 1 1.106279964114438 1.5941012647297552 1.3116817957386044 0.06502015421106318 0.40573001003689024 -0.10517821441381509 0.200529996456056 
36 1 -0.2965286501750033 -0.383594972924884 -0.15272163631134958 -0.9505327306093461 -0.3670418183707814 0.7932190337041771 -0.3475853271904962 
37 1 -1.1148336751771772 -0.9486510408262094 -0.9606683574423587 -0.18886806699403913 -0.40771401986592204 -1.0035754625318072 -0.0984419982602452 
38 1 1.106279964114438 0.8406931741946545 0.9077084351730998 -0.06192395639148797 -0.733091631827047 -0.10517821441381509 -0.5967286561207472 
39 -1 1.106279964114438 0.8406931741946545 0.7057217548903475 -0.5697003988016925 -0.08233640790479711 0.2541806848333818 0.35001599381420656 
40 1 0.17107422125481048 0.3698131176102166 0.7562184249610356 -0.31581217759659025 0.36505780854174963 1.511936832198571 0.7984739858886584 
