id label data 
0 -1 0.3719138815744469 -0.10286265474363937 -0.303498055594508 -0.7041052166135606 -0.14457064383654306 -0.8714182072716471 0.10967713927207323 
1 1 0.1441912107708419 0.36358383904434743 0.5332339802958442 0.6477949638821302 0.28186196954080167 1.315483375908705 0.44519709013683206 
2 -1 0.8273592231816569 0.9233196315899316 0.7947127415115793 0.2318256775757638 0.7082945829181464 0.768757980113617 1.5476197858353253 
3 -1 -0.0835314600327631 -0.19615195350123674 -0.5649768168102431 0.2318256775757638 -0.8811360669428658 -1.0536600058700099 -0.513431340905336 
4 -1 -0.7666994724435781 -0.5693091485316262 -0.7218640735396842 -0.6001128950369691 -0.26087044748490984 -0.3246928114765591 0.15760856082418162 
5 1 -1.222144814050788 -0.9424663435620156 -0.9310470825122722 0.1278333559991722 -0.5322366559977656 -0.3246928114765591 -1.1365398210827453 
6 1 -1.5637288202561956 -1.9686486298955865 -1.5585961094300365 -0.8080975381901523 -1.656468091265311 -0.6891764086732844 -1.9034425659164798 
7 -1 0.030329875369039402 -0.009573355986042009 0.3763467235664032 -0.18414360873060262 1.251026999943858 0.5865161815152542 1.164168413418458 
8 -1 -0.3112541308363681 -0.5693091485316262 -0.7218640735396842 -1.7440284323794768 -2.121667305858778 -0.8714182072716471 -1.951373987468588 
9 1 0.7134978877798543 1.1098982291051263 1.1607830072136085 -0.18414360873060262 1.2897936011599802 1.1332415773103424 1.3079626780747833 
10 1 -2.133035497265208 -2.1552272274107813 -2.186145136347801 2.1036874659544127 -0.9586692693751103 -1.7826272002634604 -1.807579722812263 
11 -1 1.1689432293870643 0.6434517353171395 0.4286424758095502 -0.8080975381901523 -0.9586692693751103 -0.3246928114765591 -0.6572256055616612 
12 1 1.1689432293870643 1.1098982291051263 1.4745575206724906 -0.08015128715401101 1.5611598096728359 0.9509997787119796 1.4996883642832168 
13 -1 -0.1973927954345656 -0.19615195350123674 0.2717552190801092 0.8557796070353134 0.47569497562141294 -1.4181436030667351 0.9245113056579161 
14 1 1.055081893985262 0.7367410340747369 1.0561915027273145 0.1278333559991722 2.646624643724259 1.862208771703793 1.8831397367000842 
15 -1 -0.1973927954345656 -0.6625984472892236 -0.6695683212965371 -1.8480207539560685 -1.3075686803202105 -0.6891764086732844 -1.0886083995306368 
16 -1 0.1441912107708419 -0.38273055101643144 -0.6172725690533901 -1.3280591460731104 -1.4238684839685773 0.22203258431852893 -0.753088448665878 
17 1 -1.905312826461603 -2.2485165261683786 -2.02925787961836 0.3358179991523554 -1.0362024718073548 -0.8714182072716471 -1.7596483012601545 
18 1 0.3719138815744469 0.2702945402867501 0.21945946683696216 -0.28813593030719425 1.251026999943858 1.1332415773103424 0.7327856194494825 
19 1 0.030329875369039402 -0.10286265474363937 -0.5126810645670961 0.6477949638821302 0.8245943865665132 2.2266923689005185 0.3972656685847237 
20 1 -0.8805608078453806 -0.9424663435620156 -0.251202303351361 -2.679959326568801 -1.1525022754557215 1.6799669731054303 -0.3696370762490108 
21 -1 1.2828045647888668 1.5763447228931131 1.1084872549704614 0.6477949638821302 0.9796607914310022 0.03979078572016625 0.6369227763452656 
22 -1 0.3719138815744469 -0.10286265474363937 -0.303498055594508 -0.08015128715401101 -0.3384036499171543 -1.0536600058700099 0.20553998237629004 
23 -1 -0.1973927954345656 0.36358383904434743 -0.355793807837655 0.023841034422580586 -0.14457064383654306 0.03979078572016625 0.013814296167856422 
24 1 -1.222144814050788 -1.035755642319613 -1.5063003571868894 0.439810320728947 -1.8115344961297999 -1.2359018044683725 -2.047236830572805 
25 1 1.2828045647888668 1.762923320408308 1.9975150431039608 1.0637642501884967 1.9875924230501807 1.6799669731054303 1.6434826289395421 
26 1 1.510527235592472 2.602527009226684 3.200317344696342 2.831633716990554 3.3444234656144594 1.315483375908705 2.31452253066906 
27 -1 1.6243885709942743 2.2293698141962945 2.311289556562843 1.6877181796480463 1.1347271962954912 0.4042743829168916 1.1162369918663497 
28 -1 0.48577521697624937 -0.19615195350123674 -0.14661079886506695 0.023841034422580586 0.8633609877826355 0.4042743829168916 1.1162369918663497 
29 -1 0.9412205585834594 1.2031875278627238 0.6901212370252854 0.023841034422580586 0.12679556467631267 0.03979078572016625 0.8286484625536993 
30 -1 0.8273592231816569 0.45687313780194483 0.21945946683696216 -0.49612057346037747 0.5532281780536574 -0.8714182072716471 1.260031256522675 
31 1 -0.1973927954345656 0.08371594277155535 0.5332339802958442 -0.8080975381901523 0.20432876710855719 0.9509997787119796 -0.1299799684884688 
32 1 0.7134978877798543 1.4830554241355158 1.3699660161861966 1.0637642501884967 0.3206285707569239 2.0444505703021556 0.30140282548050684 
33 -1 0.3719138815744469 -0.009573355986042009 -0.355793807837655 -1.95201307553266 -1.2688020791040884 -0.14245101287819642 -0.753088448665878 
34 -1 1.9659725771996819 1.5763447228931131 0.9515999982410204 -0.28813593030719425 0.20432876710855719 -0.6891764086732844 0.6848541978973741 
35 -1 0.8273592231816569 0.7367410340747369 0.5855297325389913 0.5438026423055387 0.8633609877826355 -0.6891764086732844 0.8765798841058077 
36 1 -0.8805608078453806 -0.9424663435620156 -0.9310470825122722 -0.9120898597667438 -0.7260696620783769 -0.14245101287819642 -0.7051570271137696 
37 1 2.1936952480032867 1.5763447228931131 0.48093822805269726 0.8557796070353134 -0.5710032572138878 -1.2359018044683725 -0.1299799684884688 
38 1 1.2828045647888668 1.4830554241355158 1.6837405296450787 0.7517872854587219 2.1426588279146697 1.6799669731054303 1.6914140504916506 
39 1 -0.1973927954345656 -0.19615195350123674 -0.14661079886506695 0.7517872854587219 1.7162262145373248 1.1332415773103424 0.44519709013683206 
40 -1 0.2580525461726444 0.36358383904434743 0.48093822805269726 0.5438026423055387 -0.6097698584300101 -0.8714182072716471 -0.5613627624574444 
41 1 -0.6528381370417756 -0.755887746046821 -0.6695683212965371 -0.18414360873060262 0.7858277853503909 0.5865161815152542 0.20553998237629004 
42 -1 0.1441912107708419 -0.009573355986042009 -0.303498055594508 -0.08015128715401101 -0.4159368523493988 -0.8714182072716471 -0.273774233144794 
43 1 -1.222144814050788 -0.9424663435620156 -1.0879343392417133 1.1677565717650882 -0.6097698584300101 -0.14245101287819642 -1.0886083995306368 
44 1 0.030329875369039402 0.45687313780194483 0.5855297325389913 1.3757412149182715 2.1814254291307917 1.315483375908705 1.5955512073874338 
45 -1 0.5996365523780519 0.1770052415291527 0.3240509713232562 -0.49612057346037747 -0.7260696620783769 -0.6891764086732844 -0.1299799684884688 
46 -1 1.2828045647888668 0.5501624365595421 0.3240509713232562 -1.120074502919927 -0.6097698584300101 -1.6003854016650978 -0.08204854693636038 
47 1 -1.449867484854393 -1.5022021361076 -1.6108918616731835 0.8557796070353134 1.5223932084567138 -0.3246928114765591 -1.4241283503953956 
48 1 -0.3112541308363681 0.36358383904434743 -0.303498055594508 -0.49612057346037747 -0.7260696620783769 0.9509997787119796 -0.753088448665878 
49 1 -1.905312826461603 -1.8753593311379892 -1.4540046049437425 0.2318256775757638 -0.6485364596461323 -1.6003854016650978 -1.6158540366038292 
50 1 -0.3112541308363681 0.2702945402867501 0.48093822805269726 -1.95201307553266 -0.8423694657267435 1.862208771703793 -0.3217056546969024 
51 -1 -0.4251154662381706 -0.47601984977402884 -0.5126810645670961 0.439810320728947 0.28186196954080167 -1.0536600058700099 0.34933424703261523 
52 -1 0.7134978877798543 0.36358383904434743 0.3240509713232562 -0.8080975381901523 -0.5322366559977656 -0.8714182072716471 -0.08204854693636038 
53 1 0.7134978877798543 1.016608930347529 1.4222617684293435 -0.8080975381901523 -0.06703744140429857 1.862208771703793 0.6369227763452656 
54 -1 1.3966659001906694 0.6434517353171395 0.2717552190801092 -2.263990040262435 -1.074969073023477 1.1332415773103424 -0.4654999193532276 
55 -1 -1.3360061494525906 -1.5954914348651972 -1.5063003571868894 -2.5759670049922097 -1.850301097345922 -1.2359018044683725 -1.4720597719475041 
56 -1 -0.6528381370417756 -0.38273055101643144 -0.09431504662191995 -1.0160821813433354 0.7858277853503909 -0.6891764086732844 1.5955512073874338 
57 -1 -0.3112541308363681 0.08371594277155535 -0.19890655110821398 0.3358179991523554 0.16556216589243494 -0.8714182072716471 0.3972656685847237 
58 1 -0.0835314600327631 -0.38273055101643144 -0.04201929437877292 0.6477949638821302 2.2589586315630363 0.22203258431852893 1.7393454720437589 
59 1 -1.7914514910598005 -1.2223342398348078 -1.4540046049437425 0.9597719286119051 -0.14457064383654306 -1.0536600058700099 -1.0886083995306368 
60 1 0.1441912107708419 0.45687313780194483 0.7424169892684324 0.1278333559991722 1.0184273926471243 0.4042743829168916 0.7327856194494825 
61 -1 1.2828045647888668 2.0427912166811 1.8929235386176668 1.6877181796480463 1.4448600060244692 0.22203258431852893 1.9310711582521924 
62 -1 1.1689432293870643 1.016608930347529 0.7424169892684324 -0.7041052166135606 -0.4159368523493988 -0.6891764086732844 0.20553998237629004 
63 -1 0.1441912107708419 0.1770052415291527 0.3763467235664032 -0.18414360873060262 -0.14457064383654306 0.03979078572016625 0.44519709013683206 
64 -1 -0.3112541308363681 -0.5693091485316262 -0.6695683212965371 -1.3280591460731104 0.04926236224406818 -0.14245101287819642 1.020374148762133 
65 1 -0.6528381370417756 -0.5693091485316262 -0.6172725690533901 0.7517872854587219 0.7470611841342687 0.4042743829168916 0.013814296167856422 
66 1 -1.7914514910598005 -1.5022021361076 -1.8200748706457714 1.791710501224638 -0.6485364596461323 -0.6891764086732844 -1.4720597719475041 
67 1 -0.1973927954345656 0.08371594277155535 0.2717552190801092 0.439810320728947 0.7470611841342687 -1.2359018044683725 0.44519709013683206 
68 -1 -0.994422143247183 -1.035755642319613 -0.8264555780259782 -0.28813593030719425 -0.8811360669428658 -1.2359018044683725 -0.6572256055616612 
69 1 1.8521112417978793 1.9495019179235027 2.311289556562843 0.9597719286119051 1.5223932084567138 0.03979078572016625 1.403825521179 
70 -1 2.1936952480032867 1.8562126191659052 1.3176702639430495 -1.0160821813433354 -0.4159368523493988 -0.6891764086732844 0.34933424703261523 
71 1 -0.994422143247183 -0.6625984472892236 -0.8264555780259782 1.1677565717650882 0.12679556467631267 0.03979078572016625 -0.3217056546969024 
72 -1 0.3719138815744469 -0.009573355986042009 -0.40808956008080205 -0.9120898597667438 -2.0441341034265332 -1.6003854016650978 -1.7596483012601545 
73 1 0.030329875369039402 0.08371594277155535 -0.14661079886506695 0.6477949638821302 1.0571939938632466 0.5865161815152542 0.49312851168894045 
74 -1 -0.4251154662381706 -0.6625984472892236 -0.6695683212965371 -0.18414360873060262 -0.4934700547816433 -1.0536600058700099 0.15760856082418162 
75 -1 0.8273592231816569 0.6434517353171395 0.21945946683696216 -1.5360437892262935 -0.45470345356552105 0.03979078572016625 0.06174571771996482 
76 -1 -0.7666994724435781 -0.2894412522588341 -0.303498055594508 -0.28813593030719425 -0.26087044748490984 -1.6003854016650978 0.5889913547931572 
77 1 -0.5389768016399731 -1.1290449410772103 -0.6695683212965371 -2.5759670049922097 -1.0362024718073548 1.4977251745070677 -0.5613627624574444 
78 1 0.48577521697624937 0.8300303328323343 0.9515999982410204 0.5438026423055387 1.5223932084567138 1.1332415773103424 1.0683055703142412 
79 -1 0.2580525461726444 0.45687313780194483 1.5268532729156377 -0.18414360873060262 1.1734937975116135 0.5865161815152542 2.218659687564843 
80 -1 0.2580525461726444 0.08371594277155535 0.16716371459381515 0.023841034422580586 -1.0362024718073548 -0.6891764086732844 -0.9448141348743117 
81 -1 2.3075565834050895 1.762923320408308 1.3699660161861966 -1.2240668244965187 -0.22210384626878757 -0.3246928114765591 0.44519709013683206 
82 -1 -0.1973927954345656 0.2702945402867501 0.3763467235664032 0.1278333559991722 -0.4159368523493988 0.4042743829168916 -0.03411712538425198 
83 -1 -0.8805608078453806 -0.9424663435620156 -0.8787513302691252 -0.7041052166135606 -0.14457064383654306 -1.4181436030667351 0.5410599332410488 
84 -1 0.1441912107708419 -0.10286265474363937 0.010276457864374096 0.3358179991523554 -0.10580404262042081 -0.14245101287819642 0.15760856082418162 
85 1 0.3719138815744469 0.45687313780194483 1.1084872549704614 -0.7041052166135606 0.16556216589243494 2.5911759660972438 0.30140282548050684 
86 1 -0.1973927954345656 0.1770052415291527 0.010276457864374096 1.999695144377821 0.8245943865665132 1.862208771703793 0.10967713927207323 
87 -1 0.1441912107708419 0.36358383904434743 0.16716371459381515 0.8557796070353134 0.8245943865665132 -0.5069346100749218 0.49312851168894045 
88 1 0.2580525461726444 -0.19615195350123674 0.21945946683696216 -0.28813593030719425 1.6386930121050804 0.5865161815152542 1.1162369918663497 
89 1 -1.3360061494525906 -0.47601984977402884 -0.6172725690533901 0.6477949638821302 0.7082945829181464 -0.14245101287819642 -0.17791139004057718 
90 1 -0.994422143247183 -0.755887746046821 -0.4603853123239491 -1.120074502919927 -0.6097698584300101 0.9509997787119796 -0.5613627624574444 
91 1 -0.0835314600327631 0.08371594277155535 0.3763467235664032 -1.95201307553266 -0.8811360669428658 1.6799669731054303 -0.3696370762490108 
92 -1 -0.7666994724435781 -0.2894412522588341 0.11486796235066814 0.2318256775757638 -0.6097698584300101 -1.0536600058700099 -0.273774233144794 
93 1 0.5996365523780519 0.36358383904434743 0.5332339802958442 0.3358179991523554 1.4060934048083469 2.0444505703021556 0.6848541978973741 
94 -1 0.5996365523780519 0.7367410340747369 0.2717552190801092 0.5438026423055387 -0.4934700547816433 0.22203258431852893 -0.6092941840095528 
95 1 -1.3360061494525906 -1.5954914348651972 -1.5063003571868894 -0.18414360873060262 0.4369283744052907 0.03979078572016625 0.6369227763452656 
96 -1 0.8273592231816569 0.6434517353171395 0.3240509713232562 0.023841034422580586 -0.22210384626878757 -0.8714182072716471 -0.1299799684884688 
97 -1 1.9659725771996819 1.3897661253779183 1.1084872549704614 0.3358179991523554 -0.10580404262042081 -0.6891764086732844 0.34933424703261523 
98 -1 0.2580525461726444 -0.19615195350123674 -0.19890655110821398 -1.120074502919927 -0.18333724505266533 -0.6891764086732844 0.25347140392839845 
99 1 0.7134978877798543 0.7367410340747369 1.2130787594567556 -0.49612057346037747 1.251026999943858 1.6799669731054303 1.5476197858353253 
100 -1 1.3966659001906694 0.9233196315899316 1.0561915027273145 -0.49612057346037747 -0.26087044748490984 -0.14245101287819642 0.34933424703261523 
101 -1 0.48577521697624937 0.5501624365595421 0.21945946683696216 0.6477949638821302 0.12679556467631267 -0.5069346100749218 -0.5613627624574444 
102 -1 -0.0835314600327631 -0.009573355986042009 0.06257221010752112 -0.18414360873060262 0.7858277853503909 0.5865161815152542 0.7327856194494825 
103 1 -0.8805608078453806 -1.2223342398348078 -1.1402300914848602 -0.39212825188378586 0.3206285707569239 -0.14245101287819642 -0.17791139004057718 
104 -1 -0.0835314600327631 0.08371594277155535 0.11486796235066814 0.1278333559991722 -0.22210384626878757 1.4977251745070677 0.013814296167856422 
105 -1 -1.222144814050788 -1.035755642319613 -0.9310470825122722 0.6477949638821302 -0.4934700547816433 -0.6891764086732844 -0.7051570271137696 
106 -1 1.1689432293870643 0.7367410340747369 0.3240509713232562 -1.120074502919927 -0.4159368523493988 0.03979078572016625 -0.1299799684884688 
107 -1 -0.0835314600327631 -0.009573355986042009 0.010276457864374096 0.023841034422580586 0.04926236224406818 -0.5069346100749218 0.34933424703261523 
108 1 -0.8805608078453806 -0.38273055101643144 -0.5126810645670961 2.5196567522607793 0.47569497562141294 0.768757980113617 -0.273774233144794 
109 1 -1.449867484854393 -1.315623538592405 -1.4017088527005954 1.0637642501884967 -0.764836263294499 -0.5069346100749218 -0.9448141348743117 
110 -1 0.5996365523780519 0.6434517353171395 0.8470084937547264 0.1278333559991722 1.0184273926471243 1.315483375908705 1.5476197858353253 
111 -1 1.9659725771996819 1.762923320408308 1.3699660161861966 -0.28813593030719425 0.28186196954080167 -0.6891764086732844 0.7327856194494825 
112 -1 -0.4251154662381706 -0.19615195350123674 0.21945946683696216 -0.18414360873060262 0.6695279817020242 0.22203258431852893 0.6848541978973741 
113 1 0.2580525461726444 1.016608930347529 1.3176702639430495 1.3757412149182715 2.2201920303469143 0.5865161815152542 1.3079626780747833 
114 -1 -1.1082834786489855 -1.1290449410772103 -1.0879343392417133 -0.39212825188378586 -0.2996370487010321 -1.6003854016650978 0.10967713927207323 
115 1 -1.7914514910598005 -1.8753593311379892 -2.02925787961836 0.3358179991523554 -1.5014016864008217 -1.6003854016650978 -2.047236830572805 
116 1 0.3719138815744469 0.45687313780194483 0.4286424758095502 0.5438026423055387 1.1734937975116135 0.768757980113617 0.9245113056579161 
117 1 -0.994422143247183 -0.9424663435620156 -1.1925258437280073 0.2318256775757638 -0.14457064383654306 -0.8714182072716471 -0.273774233144794 
118 1 0.5996365523780519 1.2031875278627238 1.1084872549704614 0.9597719286119051 0.20432876710855719 1.4977251745070677 0.013814296167856422 
119 1 0.48577521697624937 0.45687313780194483 0.5332339802958442 0.3358179991523554 0.39816177318916846 1.1332415773103424 0.34933424703261523 
120 1 0.48577521697624937 0.45687313780194483 0.7424169892684324 0.5438026423055387 2.1426588279146697 1.315483375908705 1.4996883642832168 
121 -1 0.030329875369039402 -0.10286265474363937 0.16716371459381515 -0.39212825188378586 0.9796607914310022 0.03979078572016625 0.9724427272100244 
122 -1 1.7382499063960768 0.6434517353171395 0.2717552190801092 -1.5360437892262935 -0.9586692693751103 1.862208771703793 -0.513431340905336 
123 -1 1.6243885709942743 1.762923320408308 1.2130787594567556 -1.3280591460731104 -0.4159368523493988 0.03979078572016625 0.30140282548050684 
124 -1 0.030329875369039402 -0.47601984977402884 -0.5649768168102431 -1.120074502919927 0.28186196954080167 -0.6891764086732844 0.8765798841058077 
125 1 0.7134978877798543 1.3897661253779183 1.5791490251587847 -0.08015128715401101 1.8325260181856917 2.0444505703021556 1.2120998349705665 
126 -1 -0.4251154662381706 -0.38273055101643144 -0.251202303351361 -0.7041052166135606 0.010495761027945933 -0.14245101287819642 -0.17791139004057718 
127 1 0.9412205585834594 1.3897661253779183 1.5791490251587847 1.3757412149182715 1.7549928157534471 1.4977251745070677 1.0683055703142412 
128 -1 0.9412205585834594 0.5501624365595421 0.3763467235664032 -0.6001128950369691 -0.45470345356552105 -0.6891764086732844 -0.03411712538425198 
129 1 -0.8805608078453806 -0.47601984977402884 -0.04201929437877292 -2.263990040262435 -1.2688020791040884 1.1332415773103424 -0.6572256055616612 
130 1 0.3719138815744469 0.2702945402867501 0.4286424758095502 0.439810320728947 0.35939517197304616 1.315483375908705 -0.2258428115926856 
131 1 -0.6528381370417756 -0.47601984977402884 -0.303498055594508 0.6477949638821302 0.94089419021488 0.4042743829168916 0.3972656685847237 
132 1 -1.1082834786489855 -1.5954914348651972 -1.4017088527005954 0.2318256775757638 -0.45470345356552105 -1.2359018044683725 -1.1844712426348536 
133 1 -0.8805608078453806 -0.755887746046821 -1.4017088527005954 1.791710501224638 0.5919947792697797 -1.6003854016650978 -0.1299799684884688 
134 -1 0.030329875369039402 -0.2894412522588341 -0.40808956008080205 -1.3280591460731104 -1.1525022754557215 -0.5069346100749218 -0.8010198702179865 
135 -1 1.1689432293870643 0.7367410340747369 0.8993042459978734 -0.6001128950369691 0.12679556467631267 -1.0536600058700099 0.49312851168894045 
136 1 -0.4251154662381706 -0.38273055101643144 -0.303498055594508 -1.95201307553266 -0.7260696620783769 1.315483375908705 -0.17791139004057718 
137 1 -1.905312826461603 -1.782070032380392 -1.8200748706457714 0.7517872854587219 -0.8811360669428658 -0.3246928114765591 -1.6158540366038292 
138 -1 1.9659725771996819 2.0427912166811 1.9975150431039608 0.6477949638821302 1.871292619401814 -0.6891764086732844 1.979002579804301 
139 1 0.030329875369039402 0.45687313780194483 0.48093822805269726 0.439810320728947 0.35939517197304616 0.22203258431852893 0.5410599332410488 
140 -1 -0.1973927954345656 0.08371594277155535 -0.09431504662191995 -0.08015128715401101 -0.14457064383654306 -0.3246928114765591 -0.273774233144794 
141 1 0.2580525461726444 0.1770052415291527 0.21945946683696216 0.2318256775757638 1.5223932084567138 0.22203258431852893 1.0683055703142412 
142 1 1.055081893985262 1.1098982291051263 1.5791490251587847 1.0637642501884967 1.6386930121050804 1.4977251745070677 1.1162369918663497 
143 1 -2.2468968326670105 -2.2485165261683786 -2.2384408885909477 -0.28813593030719425 -1.074969073023477 -2.3293525960585484 -1.7117168797080462 
144 -1 0.3719138815744469 0.1770052415291527 0.6901212370252854 -0.6001128950369691 0.5919947792697797 -1.0536600058700099 1.6434826289395421 
145 1 -0.1973927954345656 -0.009573355986042009 0.5332339802958442 -1.95201307553266 -0.6485364596461323 1.315483375908705 0.25347140392839845 
146 -1 0.1441912107708419 -0.009573355986042009 0.3240509713232562 -0.6001128950369691 0.010495761027945933 -0.14245101287819642 0.013814296167856422 
147 1 -1.3360061494525906 -1.035755642319613 -1.2448215959711544 2.207679787531004 -0.18333724505266533 -1.0536600058700099 -0.6092941840095528 
148 1 -1.3360061494525906 -1.035755642319613 -0.9833428347554193 1.5837258580714546 -0.5322366559977656 0.22203258431852893 -1.232402664186962 
149 1 1.3966659001906694 1.5763447228931131 1.8406277863745197 -0.18414360873060262 1.095960595079369 0.4042743829168916 2.31452253066906 
150 1 0.2580525461726444 0.6434517353171395 1.2653745116999024 1.791710501224638 1.095960595079369 0.4042743829168916 0.15760856082418162 
151 -1 0.1441912107708419 0.1770052415291527 0.21945946683696216 -0.49612057346037747 0.9796607914310022 0.768757980113617 0.8765798841058077 
152 1 1.2828045647888668 1.762923320408308 2.102106547590255 1.5837258580714546 2.1038922266985476 1.4977251745070677 1.403825521179 
153 1 -1.222144814050788 -1.1290449410772103 -1.1402300914848602 0.5438026423055387 0.16556216589243494 -0.3246928114765591 -0.5613627624574444 
154 1 -0.8805608078453806 -0.8491770448044182 -0.7218640735396842 -0.49612057346037747 -0.9974358705912325 1.315483375908705 -0.8489512917700949 
155 -1 -0.0835314600327631 0.2702945402867501 0.010276457864374096 1.0637642501884967 0.5532281780536574 -1.0536600058700099 0.49312851168894045 
156 1 -1.5637288202561956 -1.315623538592405 -1.2971173482143015 0.7517872854587219 -0.6485364596461323 0.22203258431852893 -1.232402664186962 
157 -1 -0.5389768016399731 -0.6625984472892236 -0.5649768168102431 -1.95201307553266 -0.9974358705912325 -0.5069346100749218 -0.3217056546969024 
158 -1 0.2580525461726444 0.2702945402867501 -0.355793807837655 0.3358179991523554 -0.764836263294499 -0.5069346100749218 -0.6092941840095528 
159 1 -1.7914514910598005 -2.341805824925976 -2.2907366408340946 0.6477949638821302 -1.1137356742395994 -1.6003854016650978 -1.7117168797080462 
160 1 0.030329875369039402 0.6434517353171395 1.1084872549704614 1.0637642501884967 2.1814254291307917 1.1332415773103424 1.7872768935958674 
161 -1 1.055081893985262 0.9233196315899316 0.8993042459978734 -0.49612057346037747 0.39816177318916846 -0.5069346100749218 0.6369227763452656 
162 1 -0.4251154662381706 -0.19615195350123674 -0.04201929437877292 -1.5360437892262935 0.7858277853503909 1.1332415773103424 1.3079626780747833 
163 1 -1.905312826461603 -1.9686486298955865 -1.8723706228889185 0.5438026423055387 -2.005367502210411 -1.2359018044683725 -2.2389625167812386 
164 -1 -0.1973927954345656 -0.38273055101643144 -0.6172725690533901 -0.39212825188378586 -0.764836263294499 -0.5069346100749218 -0.9448141348743117 
165 1 -0.3112541308363681 -0.47601984977402884 -0.6172725690533901 1.4797335364948632 0.010495761027945933 -1.6003854016650978 -0.17791139004057718 
166 -1 0.9412205585834594 0.5501624365595421 0.2717552190801092 -1.4320514676497018 -0.6873030608622546 -1.0536600058700099 0.06174571771996482 
167 1 -1.1082834786489855 -0.6625984472892236 -0.5126810645670961 0.023841034422580586 -1.1912688766718438 -0.8714182072716471 -1.4241283503953956 
168 -1 2.1936952480032867 2.0427912166811 1.6837405296450787 0.023841034422580586 0.6307613804859019 0.4042743829168916 0.9724427272100244 
169 1 -0.4251154662381706 -0.755887746046821 -0.6695683212965371 -0.49612057346037747 -0.6873030608622546 0.768757980113617 -0.9448141348743117 
170 1 0.5996365523780519 0.8300303328323343 1.2130787594567556 0.439810320728947 1.7549928157534471 0.4042743829168916 1.020374148762133 
171 1 -1.905312826461603 -2.1552272274107813 -1.9769621273752127 0.5438026423055387 -1.1137356742395994 -1.0536600058700099 -1.567922615051721 
172 1 -0.1973927954345656 0.08371594277155535 0.4286424758095502 -0.18414360873060262 1.095960595079369 0.4042743829168916 0.6369227763452656 
173 -1 -0.4251154662381706 -0.5693091485316262 -0.40808956008080205 0.1278333559991722 0.35939517197304616 -1.4181436030667351 0.5410599332410488 
174 1 0.3719138815744469 1.016608930347529 1.1607830072136085 0.5438026423055387 1.1734937975116135 0.768757980113617 1.403825521179 
175 -1 0.7134978877798543 0.45687313780194483 0.16716371459381515 -0.9120898597667438 -0.45470345356552105 -0.3246928114765591 -0.2258428115926856 
176 1 -0.4251154662381706 -0.6625984472892236 -0.6695683212965371 1.0637642501884967 -0.4159368523493988 -0.6891764086732844 0.20553998237629004 
177 1 0.2580525461726444 0.5501624365595421 0.6378254847821383 -0.18414360873060262 0.5532281780536574 2.0444505703021556 0.9724427272100244 
178 -1 0.7134978877798543 0.5501624365595421 0.21945946683696216 0.023841034422580586 -0.764836263294499 -0.5069346100749218 -0.4175684978011192 
179 1 1.2828045647888668 1.3897661253779183 0.9515999982410204 -0.08015128715401101 0.35939517197304616 1.1332415773103424 0.3972656685847237 
180 1 0.5996365523780519 0.7367410340747369 0.6378254847821383 0.3358179991523554 1.5223932084567138 1.862208771703793 1.1162369918663497 
181 -1 0.1441912107708419 0.36358383904434743 0.48093822805269726 -0.39212825188378586 -0.10580404262042081 0.4042743829168916 0.20553998237629004 
182 -1 1.2828045647888668 1.016608930347529 1.1084872549704614 -1.2240668244965187 -0.2996370487010321 0.03979078572016625 0.6848541978973741 
183 -1 -0.994422143247183 -0.9424663435620156 -0.8787513302691252 -0.18414360873060262 -1.074969073023477 -0.6891764086732844 -0.9448141348743117 
184 -1 0.3719138815744469 0.36358383904434743 0.6901212370252854 0.1278333559991722 0.5919947792697797 -0.5069346100749218 1.403825521179 
185 1 -1.905312826461603 -2.061937928653184 -2.02925787961836 2.1036874659544127 -1.0362024718073548 -1.6003854016650978 -1.9034425659164798 
186 1 -2.2468968326670105 -1.9686486298955865 -2.02925787961836 1.6877181796480463 -1.3075686803202105 -0.5069346100749218 -1.951373987468588 
187 1 -0.1973927954345656 -0.009573355986042009 0.5332339802958442 -1.6400361108028851 -0.8036028645106214 0.5865161815152542 -0.273774233144794 
188 -1 -0.4251154662381706 -0.10286265474363937 0.16716371459381515 0.2318256775757638 1.1734937975116135 0.03979078572016625 0.7327856194494825 
189 -1 -0.0835314600327631 -0.10286265474363937 0.06257221010752112 -0.08015128715401101 0.5144615768375351 0.4042743829168916 0.30140282548050684 
190 -1 0.9412205585834594 0.7367410340747369 0.6378254847821383 -0.08015128715401101 -0.26087044748490984 -0.6891764086732844 0.30140282548050684 
191 -1 2.876863260414102 2.4159484117114896 1.7360362818882258 -0.08015128715401101 -0.5710032572138878 -0.8714182072716471 -0.273774233144794 
192 -1 0.030329875369039402 0.08371594277155535 0.010276457864374096 0.1278333559991722 -0.7260696620783769 -0.6891764086732844 -0.753088448665878 
193 1 -0.8805608078453806 -0.47601984977402884 -0.6172725690533901 1.2717488933416798 0.6695279817020242 -0.3246928114765591 -0.08204854693636038 
194 1 -0.994422143247183 -0.5693091485316262 -0.6695683212965371 0.8557796070353134 0.3206285707569239 -1.2359018044683725 -0.4654999193532276 
195 -1 0.5996365523780519 0.5501624365595421 0.3240509713232562 -0.49612057346037747 -0.764836263294499 -0.6891764086732844 -0.2258428115926856 
196 -1 0.5996365523780519 0.45687313780194483 0.3763467235664032 0.1278333559991722 0.28186196954080167 -0.5069346100749218 0.5410599332410488 
197 -1 -1.449867484854393 -1.315623538592405 -1.4017088527005954 -0.18414360873060262 -0.919902668158988 -1.964868998861823 -1.0406769779785285 
198 1 -1.222144814050788 -0.5693091485316262 -0.19890655110821398 -1.0160821813433354 -1.074969073023477 1.862208771703793 -0.3696370762490108 
199 1 1.510527235592472 1.762923320408308 2.154402299833402 0.9597719286119051 1.871292619401814 0.768757980113617 1.403825521179 
200 -1 -0.0835314600327631 0.08371594277155535 0.2717552190801092 -0.6001128950369691 -0.6097698584300101 0.5865161815152542 -0.3217056546969024 
201 -1 0.1441912107708419 -0.009573355986042009 0.5855297325389913 -0.8080975381901523 0.010495761027945933 0.03979078572016625 0.15760856082418162 
202 -1 0.8273592231816569 0.5501624365595421 0.16716371459381515 -0.08015128715401101 -0.22210384626878757 0.03979078572016625 -0.17791139004057718 
203 1 0.9412205585834594 1.1098982291051263 1.1084872549704614 0.7517872854587219 2.4140250364275255 1.315483375908705 1.7393454720437589 
204 1 -0.7666994724435781 -1.035755642319613 -1.0879343392417133 0.439810320728947 -0.8811360669428658 -1.0536600058700099 -0.9448141348743117 
205 -1 -0.1973927954345656 -0.2894412522588341 -0.8264555780259782 2.5196567522607793 -0.06703744140429857 0.22203258431852893 -0.4175684978011192 
206 -1 3.1045859312177067 2.1360805154386973 1.3699660161861966 0.5438026423055387 0.5144615768375351 -0.8714182072716471 1.1162369918663497 
207 1 -0.0835314600327631 -0.47601984977402884 -0.251202303351361 -1.0160821813433354 0.20432876710855719 0.5865161815152542 0.34933424703261523 
208 1 0.3719138815744469 0.36358383904434743 0.5332339802958442 -0.18414360873060262 1.2122603987277356 1.6799669731054303 1.1162369918663497 
209 -1 0.2580525461726444 -0.10286265474363937 -0.251202303351361 2.207679787531004 -0.26087044748490984 -1.6003854016650978 -0.513431340905336 
210 -1 2.535279254208694 2.6958163079842814 1.9975150431039608 0.6477949638821302 0.7470611841342687 -0.14245101287819642 1.4517569427311086 
211 -1 0.7134978877798543 0.36358383904434743 0.3240509713232562 -0.8080975381901523 -0.5322366559977656 -0.8714182072716471 -0.08204854693636038 
212 1 -1.449867484854393 -1.1290449410772103 -1.0356385869985663 -0.49612057346037747 -1.2688020791040884 -0.14245101287819642 -1.232402664186962 
213 1 0.5996365523780519 0.1770052415291527 0.7424169892684324 -0.7041052166135606 1.251026999943858 0.9509997787119796 1.3079626780747833 
214 1 -1.3360061494525906 -1.4089128373500024 -1.5585961094300365 2.311672109107596 -0.7260696620783769 -1.0536600058700099 -1.567922615051721 
215 1 -0.7666994724435781 -0.47601984977402884 -0.09431504662191995 -2.3679823618390263 -1.540168287616944 2.2266923689005185 -0.8968827133222033 
216 1 0.3719138815744469 0.5501624365595421 0.8470084937547264 0.2318256775757638 1.5999264108889582 1.862208771703793 1.164168413418458 
217 1 0.8273592231816569 0.7367410340747369 0.9515999982410204 0.1278333559991722 0.5532281780536574 1.1332415773103424 0.20553998237629004 
218 1 -1.5637288202561956 -1.1290449410772103 -1.5585961094300365 1.4797335364948632 -0.6485364596461323 -0.8714182072716471 -1.3761969288432874 
219 -1 -0.3112541308363681 -1.1290449410772103 -1.0879343392417133 -1.5360437892262935 -1.1137356742395994 -0.8714182072716471 -0.7051570271137696 
220 -1 1.3966659001906694 1.1098982291051263 0.9515999982410204 -0.49612057346037747 0.3206285707569239 0.4042743829168916 0.6369227763452656 
221 1 -1.222144814050788 -1.1290449410772103 -1.5063003571868894 3.4555876464501036 -0.4159368523493988 -1.4181436030667351 -1.3761969288432874 
222 -1 -0.5389768016399731 -0.8491770448044182 -0.6695683212965371 0.5438026423055387 -0.37717025113327657 0.03979078572016625 -0.8489512917700949 
223 1 0.48577521697624937 0.45687313780194483 0.7947127415115793 0.8557796070353134 2.375258435211403 2.0444505703021556 1.9310711582521924 
224 -1 0.2580525461726444 -0.009573355986042009 0.010276457864374096 -0.28813593030719425 -0.6873030608622546 0.768757980113617 -0.17791139004057718 
225 1 0.2580525461726444 0.5501624365595421 0.3763467235664032 0.1278333559991722 -0.6097698584300101 0.768757980113617 -0.9448141348743117 
226 1 -0.6528381370417756 -0.10286265474363937 0.5332339802958442 -1.7440284323794768 -0.8811360669428658 2.2266923689005185 -0.03411712538425198 
227 1 0.2580525461726444 0.1770052415291527 -0.8787513302691252 1.3757412149182715 -0.14457064383654306 -1.6003854016650978 -0.08204854693636038 
228 1 -0.7666994724435781 -0.755887746046821 -0.7741598257828312 1.0637642501884967 0.16556216589243494 -0.3246928114765591 -0.273774233144794 
229 -1 0.5996365523780519 0.45687313780194483 0.21945946683696216 -0.08015128715401101 -0.22210384626878757 -1.0536600058700099 -0.4654999193532276 
230 1 0.030329875369039402 0.45687313780194483 0.7947127415115793 -1.5360437892262935 -0.6873030608622546 1.315483375908705 0.15760856082418162 
231 1 0.030329875369039402 0.1770052415291527 0.48093822805269726 -0.39212825188378586 1.2122603987277356 1.6799669731054303 1.2120998349705665 
232 1 1.3966659001906694 1.6696340216507106 1.4222617684293435 1.8957028228012296 1.7549928157534471 1.862208771703793 0.9245113056579161 
233 -1 0.2580525461726444 0.1770052415291527 0.16716371459381515 -1.0160821813433354 0.3206285707569239 0.22203258431852893 0.44519709013683206 
234 -1 0.5996365523780519 -0.009573355986042009 -0.251202303351361 -1.8480207539560685 -1.230035477887966 -0.6891764086732844 -0.513431340905336 
235 -1 -0.6528381370417756 -0.9424663435620156 -1.0356385869985663 0.1278333559991722 -0.7260696620783769 -0.6891764086732844 -0.6092941840095528 
236 1 -2.133035497265208 -2.2485165261683786 -2.186145136347801 0.7517872854587219 -1.7727678949136776 -1.964868998861823 -2.2389625167812386 
237 1 -0.3112541308363681 0.08371594277155535 0.11486796235066814 1.6877181796480463 1.5999264108889582 0.5865161815152542 0.8765798841058077 
238 1 -1.7914514910598005 -1.8753593311379892 -2.186145136347801 0.439810320728947 -1.230035477887966 -1.7826272002634604 -1.951373987468588 
239 -1 -0.5389768016399731 -0.8491770448044182 -1.4017088527005954 -0.9120898597667438 -1.6177014900491886 -1.0536600058700099 -1.3282655072911789 
240 -1 0.2580525461726444 -0.009573355986042009 0.11486796235066814 -0.39212825188378586 -0.3384036499171543 -0.8714182072716471 0.10967713927207323 
241 -1 0.5996365523780519 0.1770052415291527 -0.04201929437877292 0.023841034422580586 0.08802896346019043 -0.3246928114765591 -0.1299799684884688 
242 1 -1.1082834786489855 -1.1290449410772103 -0.6695683212965371 0.439810320728947 -0.6097698584300101 -0.5069346100749218 -1.0406769779785285 
243 1 0.5996365523780519 0.5501624365595421 0.6378254847821383 0.3358179991523554 1.7937594169695694 1.315483375908705 1.6434826289395421 
244 1 -1.1082834786489855 -1.315623538592405 -1.3494131004574483 -1.4320514676497018 -0.8423694657267435 0.03979078572016625 -0.753088448665878 
245 1 -0.4251154662381706 -0.47601984977402884 -0.4603853123239491 0.2318256775757638 0.6307613804859019 1.1332415773103424 0.6369227763452656 
246 1 -1.905312826461603 -1.8753593311379892 -1.9769621273752127 2.831633716990554 -0.4934700547816433 -1.2359018044683725 -1.7117168797080462 
247 1 -1.677590155657998 -1.5954914348651972 -1.5585961094300365 1.6877181796480463 -0.6873030608622546 -1.0536600058700099 -1.951373987468588 
248 -1 -0.3112541308363681 -0.2894412522588341 -0.19890655110821398 0.5438026423055387 0.16556216589243494 0.03979078572016625 -0.2258428115926856 
249 -1 -0.7666994724435781 -0.6625984472892236 -0.7741598257828312 0.439810320728947 -0.06703744140429857 0.4042743829168916 -0.5613627624574444 
250 -1 -0.5389768016399731 -0.38273055101643144 -0.14661079886506695 -0.28813593030719425 0.5919947792697797 -0.6891764086732844 0.20553998237629004 
251 -1 0.7134978877798543 0.9233196315899316 0.6901212370252854 -0.28813593030719425 0.3206285707569239 1.1332415773103424 1.1162369918663497 
252 -1 -0.0835314600327631 -0.38273055101643144 -0.4603853123239491 -1.5360437892262935 -0.919902668158988 -0.5069346100749218 -0.7051570271137696 
253 -1 1.2828045647888668 1.3897661253779183 1.0561915027273145 1.5837258580714546 1.251026999943858 0.03979078572016625 1.6434826289395421 
254 1 -0.3112541308363681 -0.2894412522588341 0.11486796235066814 -0.9120898597667438 -0.2996370487010321 2.0444505703021556 -0.3217056546969024 
255 -1 -0.0835314600327631 -0.2894412522588341 -0.355793807837655 0.5438026423055387 -0.6485364596461323 -0.6891764086732844 -0.99274555642642 
256 1 -1.1082834786489855 -0.8491770448044182 -0.6695683212965371 -0.49612057346037747 -0.37717025113327657 0.768757980113617 -0.273774233144794 
257 1 0.5996365523780519 0.8300303328323343 0.9515999982410204 -0.18414360873060262 1.0571939938632466 1.6799669731054303 1.403825521179 
258 1 0.030329875369039402 0.36358383904434743 0.5855297325389913 0.023841034422580586 0.5144615768375351 -0.8714182072716471 0.44519709013683206 
259 -1 0.9412205585834594 0.8300303328323343 0.6378254847821383 -0.49612057346037747 -0.22210384626878757 -0.5069346100749218 -0.17791139004057718 
260 1 0.030329875369039402 -0.009573355986042009 0.11486796235066814 0.2318256775757638 1.4060934048083469 0.5865161815152542 0.8286484625536993 
261 1 -0.994422143247183 -1.2223342398348078 -1.2448215959711544 0.2318256775757638 0.7858277853503909 -0.5069346100749218 -0.03411712538425198 
262 1 0.3719138815744469 0.36358383904434743 0.9515999982410204 0.6477949638821302 1.7162262145373248 1.315483375908705 1.3079626780747833 
263 -1 0.030329875369039402 -0.10286265474363937 0.06257221010752112 0.023841034422580586 0.3206285707569239 -0.3246928114765591 0.49312851168894045 
264 -1 -0.6528381370417756 -0.2894412522588341 -0.251202303351361 -0.18414360873060262 0.24309536832467943 -1.0536600058700099 0.6848541978973741 
265 1 -1.905312826461603 -2.1552272274107813 -2.0815536318615067 0.7517872854587219 -0.9974358705912325 -0.8714182072716471 -1.7596483012601545 
266 -1 -0.0835314600327631 -0.009573355986042009 0.010276457864374096 -1.2240668244965187 -1.074969073023477 -0.3246928114765591 -0.5613627624574444 
267 -1 0.8273592231816569 1.016608930347529 0.5855297325389913 0.8557796070353134 -0.22210384626878757 -0.3246928114765591 -0.03411712538425198 
268 -1 0.3719138815744469 -0.009573355986042009 -0.251202303351361 -0.49612057346037747 -0.6097698584300101 -0.14245101287819642 -0.4175684978011192 
269 1 -2.0191741618634054 -2.1552272274107813 -2.0815536318615067 0.3358179991523554 -1.4238684839685773 -1.6003854016650978 -1.7596483012601545 
270 1 -0.8805608078453806 -0.755887746046821 -0.9833428347554193 1.3757412149182715 0.20432876710855719 -0.14245101287819642 -0.99274555642642 
271 1 -0.3112541308363681 0.1770052415291527 0.3763467235664032 -0.39212825188378586 -0.4159368523493988 0.22203258431852893 -0.4175684978011192 
272 1 -0.4251154662381706 -0.009573355986042009 0.11486796235066814 0.9597719286119051 0.6695279817020242 -0.14245101287819642 0.06174571771996482 
273 -1 -0.1973927954345656 -0.2894412522588341 -0.6172725690533901 0.9597719286119051 0.010495761027945933 -1.2359018044683725 -0.5613627624574444 
274 1 -0.6528381370417756 -0.47601984977402884 0.11486796235066814 -0.39212825188378586 0.28186196954080167 -1.2359018044683725 0.44519709013683206 
275 1 1.7382499063960768 2.4159484117114896 2.729655574508019 1.4797335364948632 2.1038922266985476 1.862208771703793 1.979002579804301 
276 -1 -0.4251154662381706 -0.38273055101643144 -0.303498055594508 -0.49612057346037747 -0.6097698584300101 1.1332415773103424 -0.8968827133222033 
277 -1 -0.1973927954345656 0.08371594277155535 0.11486796235066814 -0.08015128715401101 0.5532281780536574 0.22203258431852893 0.25347140392839845 
278 -1 0.1441912107708419 0.5501624365595421 0.11486796235066814 -0.8080975381901523 -0.8811360669428658 -0.6891764086732844 -0.3217056546969024 
279 1 -1.1082834786489855 -1.035755642319613 -1.0356385869985663 0.6477949638821302 -0.45470345356552105 0.5865161815152542 -0.6092941840095528 
280 -1 0.3719138815744469 0.45687313780194483 0.5332339802958442 -0.49612057346037747 -0.26087044748490984 -0.5069346100749218 0.25347140392839845 
281 1 1.3966659001906694 1.9495019179235027 1.9975150431039608 0.2318256775757638 1.095960595079369 1.862208771703793 0.9724427272100244 
282 1 -0.1973927954345656 -0.47601984977402884 -0.09431504662191995 -0.6001128950369691 1.1347271962954912 0.768757980113617 0.34933424703261523 
283 1 -0.1973927954345656 -0.38273055101643144 -0.4603853123239491 1.8957028228012296 0.5919947792697797 -0.6891764086732844 -0.03411712538425198 
284 1 0.030329875369039402 0.45687313780194483 0.6901212370252854 0.7517872854587219 -1.5014016864008217 0.5865161815152542 -1.951373987468588 
285 -1 1.3966659001906694 1.016608930347529 0.7947127415115793 -0.28813593030719425 0.35939517197304616 -0.14245101287819642 0.7807170410015909 
286 -1 0.3719138815744469 -0.009573355986042009 -0.14661079886506695 -0.49612057346037747 -0.764836263294499 0.4042743829168916 -0.3217056546969024 
287 -1 0.5996365523780519 -0.009573355986042009 -0.251202303351361 -1.8480207539560685 -1.3463352815363328 0.03979078572016625 -0.8968827133222033 
288 -1 0.2580525461726444 0.36358383904434743 0.06257221010752112 -0.28813593030719425 -0.37717025113327657 -0.3246928114765591 0.25347140392839845 
289 1 -1.449867484854393 -1.315623538592405 -1.1402300914848602 2.1036874659544127 -0.4934700547816433 -0.8714182072716471 -1.3282655072911789 
290 1 0.9412205585834594 1.2031875278627238 0.9515999982410204 0.023841034422580586 1.4836266072405915 0.5865161815152542 1.5476197858353253 
291 1 -2.133035497265208 -2.061937928653184 -1.9769621273752127 0.8557796070353134 -0.8423694657267435 0.4042743829168916 -1.6637854581559377 
292 1 1.9659725771996819 2.7891056067418787 2.468176813292284 0.9597719286119051 1.4448600060244692 0.4042743829168916 1.5476197858353253 
293 1 0.3719138815744469 0.5501624365595421 0.6901212370252854 0.1278333559991722 1.8325260181856917 1.315483375908705 1.4996883642832168 
294 -1 2.0798339126014844 1.6696340216507106 0.9515999982410204 0.3358179991523554 -0.26087044748490984 -0.3246928114765591 0.30140282548050684 
295 -1 1.9659725771996819 1.762923320408308 1.2130787594567556 -0.28813593030719425 -0.028270840188176317 -0.5069346100749218 0.49312851168894045 
296 -1 -0.4251154662381706 -0.5693091485316262 -0.40808956008080205 -0.7041052166135606 -0.028270840188176317 -0.6891764086732844 0.8286484625536993 
297 1 1.6243885709942743 -0.8491770448044182 -0.7741598257828312 0.5438026423055387 0.28186196954080167 -0.3246928114765591 -0.1299799684884688 
298 1 -0.6528381370417756 -0.8491770448044182 -1.4017088527005954 0.9597719286119051 -1.230035477887966 -1.2359018044683725 -1.2803340857390704 
299 1 1.055081893985262 1.2031875278627238 1.6837405296450787 0.7517872854587219 1.871292619401814 1.315483375908705 1.0683055703142412 
300 -1 -0.3112541308363681 -0.47601984977402884 -0.8264555780259782 -0.8080975381901523 -1.074969073023477 -0.6891764086732844 -0.8968827133222033 
301 -1 -1.5637288202561956 -1.2223342398348078 -1.6631876139163304 0.6477949638821302 -1.230035477887966 -1.4181436030667351 -1.6158540366038292 
302 1 0.2580525461726444 0.2702945402867501 0.16716371459381515 0.1278333559991722 1.2897936011599802 0.03979078572016625 0.8286484625536993 
303 1 0.5996365523780519 0.5501624365595421 0.7947127415115793 0.023841034422580586 1.095960595079369 1.315483375908705 1.0683055703142412 
304 -1 0.48577521697624937 0.7367410340747369 0.6378254847821383 0.5438026423055387 0.47569497562141294 -0.14245101287819642 0.15760856082418162 
305 1 2.876863260414102 3.348841399287463 3.095725840210048 0.6477949638821302 1.095960595079369 0.768757980113617 1.8352083151479757 
306 1 0.8273592231816569 0.5501624365595421 1.2130787594567556 0.3358179991523554 2.065125625482425 0.22203258431852893 1.3079626780747833 
307 1 -0.4251154662381706 -0.2894412522588341 -0.19890655110821398 -0.28813593030719425 -0.3384036499171543 0.4042743829168916 -0.5613627624574444 
308 1 0.7134978877798543 0.9233196315899316 1.2653745116999024 0.7517872854587219 3.150590459533848 1.6799669731054303 2.458316795325385 
309 1 0.1441912107708419 0.36358383904434743 0.3763467235664032 0.439810320728947 0.8633609877826355 1.315483375908705 0.5410599332410488 
310 1 0.3719138815744469 0.8300303328323343 0.5332339802958442 -0.9120898597667438 -0.9586692693751103 0.22203258431852893 -0.4654999193532276 
311 1 -1.677590155657998 -1.782070032380392 -1.9246663751320656 1.5837258580714546 -1.0362024718073548 -1.6003854016650978 -1.7117168797080462 
312 -1 -0.6528381370417756 -0.8491770448044182 -0.9833428347554193 -0.08015128715401101 -0.9586692693751103 -0.8714182072716471 -0.7051570271137696 
313 1 -0.8805608078453806 -1.035755642319613 -1.0356385869985663 0.6477949638821302 0.3206285707569239 0.768757980113617 -0.08204854693636038 
314 -1 -0.0835314600327631 -0.10286265474363937 -0.04201929437877292 -0.39212825188378586 -0.2996370487010321 0.22203258431852893 -0.5613627624574444 
315 -1 0.1441912107708419 0.6434517353171395 0.8470084937547264 0.9597719286119051 1.3285602023761025 -0.5069346100749218 2.074865422908518 
316 -1 -1.3360061494525906 -1.1290449410772103 -1.4017088527005954 1.4797335364948632 0.010495761027945933 -0.6891764086732844 -0.5613627624574444 
317 -1 1.055081893985262 0.36358383904434743 0.3763467235664032 -2.0560053971092516 -1.074969073023477 0.22203258431852893 -0.3696370762490108 
318 1 -1.1082834786489855 -1.035755642319613 -1.0879343392417133 0.3358179991523554 -0.45470345356552105 0.4042743829168916 -0.4175684978011192 
319 1 -1.222144814050788 -1.1290449410772103 -1.0879343392417133 -0.6001128950369691 -0.6097698584300101 -1.0536600058700099 -0.8968827133222033 
320 1 -1.5637288202561956 -1.315623538592405 -1.0356385869985663 0.3358179991523554 -1.230035477887966 -0.5069346100749218 -1.2803340857390704 
321 -1 1.1689432293870643 0.5501624365595421 0.2717552190801092 -1.120074502919927 -0.26087044748490984 0.22203258431852893 -0.3217056546969024 
322 -1 -0.4251154662381706 -0.19615195350123674 0.06257221010752112 0.1278333559991722 0.6307613804859019 1.1332415773103424 0.34933424703261523 
323 -1 -0.0835314600327631 -0.2894412522588341 -0.14661079886506695 -0.39212825188378586 0.12679556467631267 -0.3246928114765591 0.25347140392839845 
324 -1 0.3719138815744469 1.4830554241355158 2.625064070021725 1.4797335364948632 2.879224251020992 0.22203258431852893 4.1838479712012875 
325 -1 -0.5389768016399731 -0.755887746046821 -0.7218640735396842 -0.28813593030719425 -0.5322366559977656 -1.6003854016650978 -0.1299799684884688 
326 -1 0.030329875369039402 0.1770052415291527 0.16716371459381515 -0.8080975381901523 0.12679556467631267 0.03979078572016625 0.44519709013683206 
327 1 -0.1973927954345656 -0.19615195350123674 0.010276457864374096 -0.39212825188378586 -0.06703744140429857 0.03979078572016625 -0.273774233144794 
328 -1 0.1441912107708419 -0.38273055101643144 -0.04201929437877292 -1.5360437892262935 -1.1137356742395994 0.03979078572016625 -0.6572256055616612 
329 -1 0.030329875369039402 0.08371594277155535 0.11486796235066814 -0.8080975381901523 -0.2996370487010321 -0.8714182072716471 0.25347140392839845 
330 -1 0.5996365523780519 -0.19615195350123674 -0.09431504662191995 -2.471974683415618 -1.4626350851846996 -0.3246928114765591 -0.8489512917700949 
331 -1 0.3719138815744469 -0.10286265474363937 0.010276457864374096 -0.49612057346037747 -0.3384036499171543 -1.4181436030667351 -0.17791139004057718 
332 -1 0.030329875369039402 0.08371594277155535 0.06257221010752112 0.2318256775757638 0.16556216589243494 0.03979078572016625 -0.03411712538425198 
333 1 0.8273592231816569 0.45687313780194483 0.11486796235066814 0.439810320728947 -0.6873030608622546 0.768757980113617 -0.5613627624574444 
334 1 1.055081893985262 1.762923320408308 1.7883320341313726 0.1278333559991722 1.2122603987277356 1.6799669731054303 1.020374148762133 
335 -1 0.7134978877798543 0.9233196315899316 0.4286424758095502 1.1677565717650882 -0.3384036499171543 -1.0536600058700099 -1.0406769779785285 
336 1 -0.3112541308363681 -0.19615195350123674 -0.04201929437877292 -0.8080975381901523 -0.8036028645106214 0.4042743829168916 -0.6572256055616612 
337 -1 0.030329875369039402 -0.009573355986042009 0.06257221010752112 -0.28813593030719425 0.24309536832467943 -0.14245101287819642 0.25347140392839845 
338 -1 0.2580525461726444 0.08371594277155535 0.010276457864374096 -0.9120898597667438 -0.06703744140429857 -0.3246928114765591 -0.08204854693636038 
339 1 -0.4251154662381706 -0.009573355986042009 0.3763467235664032 -1.7440284323794768 -1.1137356742395994 1.1332415773103424 -0.4175684978011192 
340 1 -1.5637288202561956 -1.4089128373500024 -1.5063003571868894 0.439810320728947 -1.1137356742395994 -0.14245101287819642 -1.567922615051721 
341 1 -1.449867484854393 -1.5954914348651972 -1.6108918616731835 -0.49612057346037747 -0.10580404262042081 0.768757980113617 -0.4654999193532276 
342 -1 -0.1973927954345656 -0.2894412522588341 -0.14661079886506695 0.6477949638821302 -0.10580404262042081 -0.6891764086732844 0.20553998237629004 
343 1 -0.4251154662381706 -0.47601984977402884 -0.4603853123239491 0.3358179991523554 -0.4159368523493988 1.1332415773103424 -0.6572256055616612 
344 -1 0.8273592231816569 0.8300303328323343 0.4286424758095502 0.1278333559991722 0.12679556467631267 -0.6891764086732844 0.5889913547931572 
345 -1 -1.3360061494525906 -1.315623538592405 -1.4017088527005954 -0.6001128950369691 -1.385101882752455 -0.8714182072716471 -1.4720597719475041 
346 -1 -0.0835314600327631 -0.38273055101643144 -0.40808956008080205 -0.9120898597667438 -1.385101882752455 -0.14245101287819642 -0.9448141348743117 
347 -1 0.48577521697624937 0.08371594277155535 -0.355793807837655 2.207679787531004 0.7082945829181464 -1.4181436030667351 0.7807170410015909 
348 -1 -0.1973927954345656 -0.10286265474363937 0.8470084937547264 0.1278333559991722 1.095960595079369 -0.3246928114765591 1.8831397367000842 
349 1 0.1441912107708419 0.08371594277155535 0.48093822805269726 -2.0560053971092516 -0.8423694657267435 1.315483375908705 -0.03411712538425198 
350 -1 -0.6528381370417756 -0.9424663435620156 -0.9310470825122722 -1.120074502919927 -0.6097698584300101 -1.2359018044683725 -0.6092941840095528 
351 1 -1.222144814050788 -0.8491770448044182 -0.7741598257828312 0.2318256775757638 -0.4934700547816433 0.5865161815152542 -0.8968827133222033 
352 -1 -0.3112541308363681 -0.19615195350123674 0.11486796235066814 -1.0160821813433354 -0.4159368523493988 -1.0536600058700099 0.3972656685847237 
353 -1 0.3719138815744469 0.45687313780194483 0.3763467235664032 -0.8080975381901523 -0.9586692693751103 -1.0536600058700099 -0.3217056546969024 
354 1 -1.3360061494525906 -1.5022021361076 -1.8200748706457714 1.4797335364948632 -0.7260696620783769 -0.8714182072716471 -1.2803340857390704 
355 -1 0.3719138815744469 0.2702945402867501 0.2717552190801092 0.3358179991523554 0.4369283744052907 -0.6891764086732844 0.44519709013683206 
356 1 1.055081893985262 1.762923320408308 1.8929235386176668 -0.39212825188378586 0.35939517197304616 1.1332415773103424 1.164168413418458 
357 1 -0.8805608078453806 -1.315623538592405 -1.0879343392417133 0.2318256775757638 0.28186196954080167 -0.5069346100749218 0.30140282548050684 
358 -1 0.2580525461726444 -0.009573355986042009 -0.14661079886506695 -0.9120898597667438 -0.8036028645106214 0.22203258431852893 -0.5613627624574444 
359 1 1.510527235592472 1.016608930347529 0.5855297325389913 -1.5360437892262935 -1.230035477887966 1.1332415773103424 -0.6092941840095528 
360 -1 1.7382499063960768 1.4830554241355158 0.8993042459978734 -1.4320514676497018 -0.5710032572138878 -0.3246928114765591 -0.03411712538425198 
361 -1 0.48577521697624937 0.6434517353171395 0.4286424758095502 -0.28813593030719425 -0.028270840188176317 1.315483375908705 0.30140282548050684 
362 1 -0.994422143247183 -0.19615195350123674 -0.6695683212965371 1.4797335364948632 1.1347271962954912 0.03979078572016625 1.2120998349705665 
363 -1 -0.3112541308363681 -0.5693091485316262 -0.40808956008080205 -1.0160821813433354 -0.764836263294499 -1.2359018044683725 -0.5613627624574444 
364 -1 0.7134978877798543 0.45687313780194483 0.3240509713232562 0.5438026423055387 -0.45470345356552105 -0.5069346100749218 -0.1299799684884688 
365 -1 -0.6528381370417756 -0.47601984977402884 -0.09431504662191995 -1.6400361108028851 -1.6177014900491886 0.22203258431852893 -1.1365398210827453 
366 1 -0.1973927954345656 -0.47601984977402884 -0.355793807837655 -0.08015128715401101 -0.028270840188176317 -0.6891764086732844 -0.3696370762490108 
367 -1 -1.3360061494525906 -1.2223342398348078 -1.3494131004574483 -0.9120898597667438 -1.6177014900491886 -1.6003854016650978 -1.5199911934996124 
368 -1 -0.5389768016399731 -0.47601984977402884 -0.355793807837655 0.3358179991523554 -0.26087044748490984 -1.2359018044683725 -0.5613627624574444 
369 1 0.030329875369039402 0.1770052415291527 0.21945946683696216 -0.6001128950369691 -0.10580404262042081 0.4042743829168916 0.5889913547931572 
370 1 -2.2468968326670105 -2.061937928653184 -2.0815536318615067 -0.6001128950369691 -1.385101882752455 -1.7826272002634604 -1.6637854581559377 
371 1 -1.905312826461603 -1.8753593311379892 -1.8723706228889185 0.439810320728947 -0.764836263294499 1.1332415773103424 -1.807579722812263 
372 1 -2.0191741618634054 -1.8753593311379892 -2.0815536318615067 2.623649073837371 -0.8811360669428658 -2.147110797460186 -1.807579722812263 
373 -1 0.7134978877798543 0.45687313780194483 0.4286424758095502 -0.6001128950369691 0.08802896346019043 -0.14245101287819642 0.34933424703261523 
374 -1 0.030329875369039402 -0.19615195350123674 -0.14661079886506695 -0.6001128950369691 0.24309536832467943 0.22203258431852893 0.5410599332410488 
375 -1 -0.5389768016399731 -1.035755642319613 -0.9833428347554193 -0.6001128950369691 -1.1137356742395994 -0.3246928114765591 -1.0886083995306368 
376 1 -0.0835314600327631 0.08371594277155535 -0.09431504662191995 1.5837258580714546 0.6695279817020242 -0.8714182072716471 -0.1299799684884688 
377 -1 1.8521112417978793 1.4830554241355158 0.7947127415115793 -0.7041052166135606 0.08802896346019043 0.5865161815152542 0.6369227763452656 
378 1 -0.4251154662381706 -0.38273055101643144 -0.5126810645670961 1.1677565717650882 1.1734937975116135 0.5865161815152542 0.44519709013683206 
379 -1 0.7134978877798543 0.1770052415291527 0.21945946683696216 -0.9120898597667438 -0.9586692693751103 0.22203258431852893 -0.4654999193532276 
380 -1 0.3719138815744469 0.36358383904434743 0.11486796235066814 -0.08015128715401101 -0.028270840188176317 0.03979078572016625 0.25347140392839845 
381 -1 -0.0835314600327631 -0.38273055101643144 -0.04201929437877292 0.2318256775757638 -0.4159368523493988 0.03979078572016625 -0.4175684978011192 
382 -1 2.0798339126014844 2.1360805154386973 1.9452192908608137 1.8957028228012296 0.5532281780536574 1.1332415773103424 0.25347140392839845 
383 1 -1.677590155657998 -1.8753593311379892 -1.7677791184026246 -1.120074502919927 -1.540168287616944 -1.4181436030667351 -1.7596483012601545 
384 1 -0.4251154662381706 -0.38273055101643144 -0.303498055594508 0.1278333559991722 0.16556216589243494 1.315483375908705 -0.08204854693636038 
385 -1 -1.449867484854393 -1.5022021361076 -1.4540046049437425 0.023841034422580586 -0.8423694657267435 -1.6003854016650978 -0.6572256055616612 
386 -1 -0.5389768016399731 -0.5693091485316262 -0.7218640735396842 -0.6001128950369691 -0.764836263294499 -1.6003854016650978 -0.273774233144794 
387 -1 0.3719138815744469 0.7367410340747369 0.6901212370252854 0.1278333559991722 -0.5322366559977656 0.768757980113617 -0.3217056546969024 
388 -1 0.8273592231816569 0.8300303328323343 1.0561915027273145 -0.28813593030719425 -0.14457064383654306 -0.5069346100749218 0.6369227763452656 
389 1 -0.5389768016399731 -0.2894412522588341 0.06257221010752112 -0.8080975381901523 -0.6097698584300101 1.1332415773103424 -0.5613627624574444 
390 1 -1.1082834786489855 -1.035755642319613 -1.0356385869985663 -0.08015128715401101 -0.5322366559977656 -0.6891764086732844 -0.6572256055616612 
391 1 0.48577521697624937 0.45687313780194483 0.8993042459978734 0.439810320728947 1.6774596133212027 1.6799669731054303 1.2120998349705665 
392 -1 0.5996365523780519 0.8300303328323343 0.8993042459978734 0.3358179991523554 1.0571939938632466 0.9509997787119796 1.0683055703142412 
393 -1 -1.449867484854393 -1.2223342398348078 -1.0879343392417133 0.3358179991523554 -0.4159368523493988 -1.7826272002634604 0.06174571771996482 
394 1 0.1441912107708419 -0.009573355986042009 0.11486796235066814 -2.0560053971092516 -1.1137356742395994 0.5865161815152542 -0.5613627624574444 
395 -1 -0.4251154662381706 -0.38273055101643144 0.11486796235066814 0.023841034422580586 0.8245943865665132 -0.5069346100749218 0.44519709013683206 
396 -1 2.3075565834050895 2.0427912166811 1.5791490251587847 0.8557796070353134 0.35939517197304616 -0.3246928114765591 0.6848541978973741 
397 -1 -0.3112541308363681 -0.2894412522588341 -0.251202303351361 -0.49612057346037747 -0.37717025113327657 0.22203258431852893 -0.3696370762490108 
398 -1 1.8521112417978793 1.1098982291051263 0.4286424758095502 -1.6400361108028851 -0.4159368523493988 0.5865161815152542 0.49312851168894045 
399 -1 2.876863260414102 2.6958163079842814 1.9452192908608137 0.5438026423055387 0.6695279817020242 -0.3246928114765591 0.9724427272100244 
400 1 0.8273592231816569 1.3897661253779183 1.1607830072136085 0.1278333559991722 0.010495761027945933 -0.3246928114765591 -0.17791139004057718 
401 1 -0.6528381370417756 -0.38273055101643144 -0.40808956008080205 0.439810320728947 1.095960595079369 -1.0536600058700099 0.49312851168894045 
402 1 -1.677590155657998 -1.6887807336227945 -2.02925787961836 0.2318256775757638 -1.1912688766718438 -1.6003854016650978 -1.7596483012601545 
403 -1 -0.994422143247183 -0.755887746046821 -0.9833428347554193 -1.6400361108028851 -1.8115344961297999 -1.2359018044683725 -1.4241283503953956 
404 1 0.030329875369039402 -0.19615195350123674 0.3240509713232562 0.5438026423055387 1.4448600060244692 1.315483375908705 1.020374148762133 
405 -1 -0.3112541308363681 -0.47601984977402884 -0.8264555780259782 -1.2240668244965187 -1.0362024718073548 1.315483375908705 -0.7051570271137696 
406 1 0.48577521697624937 0.45687313780194483 0.3240509713232562 -0.08015128715401101 0.08802896346019043 0.03979078572016625 0.30140282548050684 
407 -1 0.8273592231816569 0.6434517353171395 0.3240509713232562 -0.8080975381901523 -0.26087044748490984 -0.6891764086732844 0.06174571771996482 
408 -1 0.7134978877798543 0.5501624365595421 0.6901212370252854 0.1278333559991722 2.2589586315630363 0.22203258431852893 1.7872768935958674 
409 -1 -0.0835314600327631 0.1770052415291527 0.06257221010752112 0.5438026423055387 0.16556216589243494 -0.14245101287819642 0.20553998237629004 
410 -1 -0.3112541308363681 -0.5693091485316262 -0.7741598257828312 1.999695144377821 -0.6485364596461323 -0.6891764086732844 -0.8968827133222033 
411 1 -0.5389768016399731 -0.009573355986042009 0.06257221010752112 -1.3280591460731104 -0.7260696620783769 0.4042743829168916 -0.273774233144794 
412 1 -1.7914514910598005 -1.5954914348651972 -1.6631876139163304 2.4156644306841875 -1.1912688766718438 0.22203258431852893 -1.567922615051721 
413 -1 1.1689432293870643 1.296476826620321 0.9515999982410204 1.4797335364948632 1.1734937975116135 0.03979078572016625 0.8765798841058077 
414 1 0.2580525461726444 0.45687313780194483 0.4286424758095502 -0.7041052166135606 -0.8036028645106214 0.03979078572016625 -0.8489512917700949 
415 -1 1.6243885709942743 1.4830554241355158 1.6314447774019316 0.3358179991523554 1.5223932084567138 0.9509997787119796 1.7393454720437589 
416 1 -0.5389768016399731 -0.5693091485316262 -0.355793807837655 -0.7041052166135606 -0.7260696620783769 0.5865161815152542 -0.7051570271137696 
417 1 0.1441912107708419 0.7367410340747369 1.0561915027273145 -1.2240668244965187 -0.6485364596461323 1.315483375908705 0.06174571771996482 
418 -1 -0.0835314600327631 -0.19615195350123674 -0.303498055594508 -0.28813593030719425 0.20432876710855719 -1.0536600058700099 0.7327856194494825 
419 -1 -0.6528381370417756 -0.755887746046821 -0.4603853123239491 -0.08015128715401101 -0.6485364596461323 -1.2359018044683725 -0.513431340905336 
420 -1 0.030329875369039402 0.08371594277155535 -0.19890655110821398 -0.39212825188378586 -1.0362024718073548 0.768757980113617 -1.1844712426348536 
421 1 -2.0191741618634054 -2.061937928653184 -2.2384408885909477 1.791710501224638 -1.3463352815363328 -1.964868998861823 -2.0951682521249135 
422 1 0.48577521697624937 0.8300303328323343 1.1607830072136085 0.439810320728947 1.9875924230501807 1.315483375908705 3.081425275502794 
423 -1 1.2828045647888668 0.6434517353171395 0.4286424758095502 -0.8080975381901523 -1.074969073023477 -0.8714182072716471 -0.8489512917700949 
424 -1 0.48577521697624937 0.36358383904434743 -0.04201929437877292 0.023841034422580586 -0.3384036499171543 0.5865161815152542 -0.3217056546969024 
425 -1 -0.4251154662381706 -0.009573355986042009 -0.355793807837655 1.1677565717650882 -1.0362024718073548 -1.2359018044683725 -1.1844712426348536 
426 -1 -0.1973927954345656 0.1770052415291527 0.3240509713232562 -0.08015128715401101 0.28186196954080167 0.22203258431852893 0.6848541978973741 
427 1 0.48577521697624937 0.6434517353171395 0.7424169892684324 -0.49612057346037747 2.297725232779159 1.6799669731054303 1.8352083151479757 
428 1 -1.3360061494525906 -1.1290449410772103 -1.1925258437280073 -0.08015128715401101 -0.764836263294499 -1.2359018044683725 -0.4654999193532276 
429 1 0.1441912107708419 0.1770052415291527 0.4286424758095502 -0.8080975381901523 0.16556216589243494 0.768757980113617 0.20553998237629004 
430 1 -0.3112541308363681 -0.755887746046821 -0.40808956008080205 -1.0160821813433354 0.8245943865665132 0.4042743829168916 0.6369227763452656 
431 1 0.7134978877798543 1.5763447228931131 1.4745575206724906 2.1036874659544127 -0.6485364596461323 -0.8714182072716471 -1.5199911934996124 
432 1 0.030329875369039402 0.2702945402867501 0.5855297325389913 -0.6001128950369691 0.20432876710855719 1.1332415773103424 0.20553998237629004 
433 -1 1.3966659001906694 0.9233196315899316 0.5332339802958442 -0.9120898597667438 0.20432876710855719 -0.6891764086732844 0.9724427272100244 
434 1 -0.994422143247183 -1.315623538592405 -1.1925258437280073 -0.28813593030719425 -1.1525022754557215 -0.8714182072716471 -1.0406769779785285 
435 1 0.8273592231816569 0.6434517353171395 0.7424169892684324 0.023841034422580586 -1.074969073023477 -0.3246928114765591 -0.9448141348743117 
436 1 -0.4251154662381706 0.1770052415291527 0.06257221010752112 -0.39212825188378586 -0.45470345356552105 1.4977251745070677 -0.4654999193532276 
437 1 0.9412205585834594 1.2031875278627238 1.4745575206724906 0.6477949638821302 1.4060934048083469 1.1332415773103424 0.8765798841058077 
438 1 -0.7666994724435781 -0.6625984472892236 -0.7218640735396842 1.0637642501884967 0.08802896346019043 0.03979078572016625 -0.6092941840095528 
439 1 0.5996365523780519 -0.47601984977402884 -0.19890655110821398 -0.18414360873060262 -1.1912688766718438 0.22203258431852893 -1.5199911934996124 
440 -1 0.48577521697624937 -0.009573355986042009 -0.14661079886506695 -0.8080975381901523 -1.1912688766718438 -0.3246928114765591 -0.7051570271137696 
441 -1 0.030329875369039402 -0.009573355986042009 -0.40808956008080205 -1.120074502919927 -0.3384036499171543 0.4042743829168916 -0.03411712538425198 
442 1 0.8273592231816569 0.9233196315899316 1.2653745116999024 -0.49612057346037747 0.9796607914310022 1.315483375908705 1.164168413418458 
443 -1 0.8273592231816569 0.6434517353171395 0.5332339802958442 -0.39212825188378586 -0.45470345356552105 0.03979078572016625 -0.03411712538425198 
444 1 0.3719138815744469 0.5501624365595421 0.9515999982410204 -0.08015128715401101 0.6307613804859019 0.03979078572016625 0.6848541978973741 
445 -1 -1.5637288202561956 -1.8753593311379892 -1.7154833661594775 -0.8080975381901523 -1.850301097345922 -1.2359018044683725 -1.6637854581559377 
446 1 -0.0835314600327631 0.1770052415291527 0.5855297325389913 -0.18414360873060262 -0.028270840188176317 1.315483375908705 0.3972656685847237 
447 1 -0.7666994724435781 -0.6625984472892236 -0.4603853123239491 -1.5360437892262935 -0.9586692693751103 1.315483375908705 -0.6572256055616612 
448 -1 1.1689432293870643 1.1098982291051263 0.6378254847821383 -0.9120898597667438 0.12679556467631267 -0.5069346100749218 0.9245113056579161 
449 -1 1.055081893985262 0.6434517353171395 -0.14661079886506695 0.3358179991523554 -1.1525022754557215 -1.0536600058700099 -1.1365398210827453 
450 -1 -0.5389768016399731 -1.315623538592405 -0.9310470825122722 -0.8080975381901523 -1.4626350851846996 -0.6891764086732844 -0.9448141348743117 
451 -1 0.8273592231816569 0.7367410340747369 0.8470084937547264 -1.0160821813433354 -0.26087044748490984 0.5865161815152542 0.06174571771996482 
452 1 0.48577521697624937 0.7367410340747369 0.8993042459978734 0.3358179991523554 2.026359024266303 1.315483375908705 1.6914140504916506 
453 1 -0.1973927954345656 -0.38273055101643144 -0.14661079886506695 0.023841034422580586 0.3206285707569239 0.9509997787119796 0.013814296167856422 
454 -1 -1.222144814050788 -1.5022021361076 -1.4017088527005954 -1.4320514676497018 -1.7727678949136776 -1.4181436030667351 -1.5199911934996124 
455 -1 -0.0835314600327631 0.08371594277155535 0.06257221010752112 0.439810320728947 -0.45470345356552105 -0.6891764086732844 -0.5613627624574444 
456 -1 -0.6528381370417756 -0.9424663435620156 -0.8264555780259782 0.9597719286119051 -0.37717025113327657 -0.6891764086732844 -0.4654999193532276 
457 1 0.8273592231816569 1.1098982291051263 1.2130787594567556 0.1278333559991722 1.9488258218340584 1.4977251745070677 1.6434826289395421 
