id label data 
0 -1 0.3325672708617593 -0.10415799918746073 -0.2937606684620568 -0.729758861883538 -0.1194893181752728 -0.8371783894982796 0.12063271066301037 
1 1 0.12055563568738795 0.3344522909689117 0.5284109585140657 0.6314387401355522 0.310825637221982 1.3368803419286557 0.45106143987038644 
2 -1 0.756590541210502 0.8607846391565587 0.785339591944104 0.21260870874506294 0.7411405926192367 0.7933656590719218 1.536755835837479 
3 -1 -0.0914559994869834 -0.19188005721873522 -0.5506893018920951 0.21260870874506294 -0.862760604770531 -1.0183499504505242 -0.4930206435792594 
4 -1 -0.7274909050100974 -0.5427682893438331 -0.704846481950118 -0.6250513540359157 -0.23684794237452408 -0.2936637066415458 0.16783681483549268 
5 1 -1.15151417535884 -0.8936565214689312 -0.9103893886941486 0.10790120089744061 -0.5106847321727771 -0.2936637066415458 -1.1066739978215292 
6 1 -1.4695316281203972 -1.8585991598129505 -1.5270181089262405 -0.8344663697311604 -1.6451514327655397 -0.656006828546035 -1.8619396645812458 
7 -1 0.01454981810020228 -0.01643594115618624 0.37425377845604274 -0.20622132264542636 1.2888141722157427 0.6121940981196773 1.159123002457621 
8 -1 -0.30346763466135473 -0.5427682893438331 -0.704846481950118 -1.7768339403597613 -2.1145859295625447 -0.8371783894982796 -1.9091437687537283 
9 1 0.6505847236233163 1.0362287552191076 1.1450396787461576 -0.20622132264542636 1.3279337136154932 1.155708780976411 1.3007353149750676 
10 1 -1.9995607160563253 -2.0340432758754994 -2.143646829158332 2.097343850002265 -0.9409996875700318 -1.7430361942595025 -1.7675314562362814 
11 -1 1.074607993972059 0.5976184650627352 0.4256395051420504 -0.8344663697311604 -0.9409996875700318 -0.2936637066415458 -0.6346329560967063 
12 1 1.074607993972059 1.0362287552191076 1.4533540388622035 -0.10151381479780404 1.6017705034137462 0.9745372200241664 1.4895517316649969 
13 -1 -0.19746181707416907 -0.19188005721873522 0.2714823250840274 0.8408537558307969 0.5064233442207341 -1.3806930723550133 0.9231024815952094 
14 1 0.9686021763848733 0.6853405230940096 1.0422682253741422 0.10790120089744061 2.6971176626067583 1.8803950247853896 1.867184565044855 
15 -1 -0.19746181707416907 -0.6304903473751077 -0.6534607552641104 -1.8815414482073836 -1.2930755601677857 -0.656006828546035 -1.059469893649047 
16 -1 0.12055563568738795 -0.3673241732812842 -0.6020750285781027 -1.358003908969272 -1.4104341843670372 0.24985097621518804 -0.7290411644416709 
17 1 -1.787549080881954 -2.121765333906774 -1.9894896491003093 0.3173162165926853 -1.0192387703695327 -0.8371783894982796 -1.720327352063799 
18 -1 1.9226545346695443 1.5625611034067546 0.939496772002127 -0.5203438461882933 -0.3933261079735258 -0.656006828546035 0.16783681483549268 
19 1 0.3325672708617593 0.2467302329376372 0.2200965983980198 -0.3109288304930487 1.2888141722157427 1.155708780976411 0.7342860649052801 
20 1 0.01454981810020228 -0.10415799918746073 -0.49930357520608737 0.6314387401355522 0.8584992168184881 2.2427381466898786 0.4038573356979041 
21 1 -0.833496722597283 -0.8936565214689312 -0.24237494177604912 -2.7192015109883623 -1.136597394568784 1.699223463833145 -0.3514083310618125 
22 -1 1.1806138115592446 1.47483904537548 1.09365395206015 0.6314387401355522 1.0149773824174897 0.06867941526294344 0.6398778565603156 
23 -1 0.3325672708617593 -0.10415799918746073 -0.2937606684620568 -0.10151381479780404 -0.3150870251740249 -1.0183499504505242 0.21504091900797495 
24 -1 -0.19746181707416907 0.3344522909689117 -0.34514639514806444 0.0031936930498182867 -0.1194893181752728 0.06867941526294344 0.02622450231804579 
25 1 -1.15151417535884 -0.9813785795002056 -1.4756323822402329 0.4220237244403076 -1.8016295983645414 -1.1995215114027689 -2.003551977098693 
26 1 1.1806138115592446 1.6502831614380291 1.96721130572228 1.0502687715260415 2.032085458811001 1.699223463833145 1.6311640441824438 
27 1 1.3926254467336159 2.439781683719499 3.149083019500456 2.830296404935621 3.4012694078022663 1.3368803419286557 2.292021502597196 
28 -1 1.4986312643208017 2.0888934515944015 2.275525665838326 1.6785138186117756 1.1714555480164914 0.43102253716743266 1.1119188982851385 
29 -1 0.43857308844894494 -0.19188005721873522 -0.1396034884040338 0.0031936930498182867 0.8976187582182384 0.43102253716743266 1.1119188982851385 
30 -1 0.8625963587976876 1.1239508132503822 0.6825681385720886 0.0031936930498182867 0.15434747162298024 0.06867941526294344 0.8286942732502447 
31 -1 0.756590541210502 0.4221743490001862 0.2200965983980198 -0.5203438461882933 0.584662427020235 -0.8371783894982796 1.2535312108025853 
32 1 -0.19746181707416907 0.07128611687508825 0.5284109585140657 -0.8344663697311604 0.2325865544224811 0.9745372200241664 -0.11538781019940109 
33 1 0.6505847236233163 1.3871169873442055 1.3505825854901883 1.0502687715260415 0.3499451786217324 2.061566585737634 0.30944912735293956 
34 -1 0.3325672708617593 -0.01643594115618624 -0.34514639514806444 -1.986248956055006 -1.2539560187680354 -0.11249214568930116 -0.7290411644416709 
35 -1 1.8166487170823586 1.47483904537548 0.939496772002127 -0.3109288304930487 0.2325865544224811 -0.656006828546035 0.6870819607327979 
36 -1 0.756590541210502 0.6853405230940096 0.5797966852000733 0.52673123228793 0.8976187582182384 -0.656006828546035 0.875898377422727 
37 1 -0.833496722597283 -0.8936565214689312 -0.9103893886941486 -0.9391738775787827 -0.7062824391715293 -0.11249214568930116 -0.6818370602691886 
38 1 2.02866035225673 1.47483904537548 0.47702523182805806 0.8408537558307969 -0.5498042735725276 -1.1995215114027689 -0.11538781019940109 
39 1 1.1806138115592446 1.3871169873442055 1.6588969456062341 0.7361462479831746 2.1885636244100026 1.699223463833145 1.678368148354926 
40 1 -0.19746181707416907 -0.19188005721873522 -0.1396034884040338 0.7361462479831746 1.758248669012748 1.155708780976411 0.45106143987038644 
41 -1 0.2265614532745736 0.3344522909689117 0.47702523182805806 0.52673123228793 -0.588923814972278 -0.8371783894982796 -0.5402247477517417 
42 1 -0.6214850874229118 -0.7182124054063821 -0.6534607552641104 -0.20622132264542636 0.8193796754187376 0.6121940981196773 0.21504091900797495 
43 -1 0.12055563568738795 -0.01643594115618624 -0.2937606684620568 -0.10151381479780404 -0.3933261079735258 -0.8371783894982796 -0.25700012271684797 
44 1 -1.15151417535884 -0.8936565214689312 -1.0645465687521716 1.154976279373664 -0.588923814972278 -0.11249214568930116 -1.059469893649047 
45 1 0.01454981810020228 0.4221743490001862 0.5797966852000733 1.3643912950689085 2.2276831658097533 1.3368803419286557 1.5839599400099613 
46 -1 0.5445789060361306 0.15900817490636274 0.3228680517700351 -0.5203438461882933 -0.7062824391715293 -0.656006828546035 -0.11538781019940109 
47 -1 1.1806138115592446 0.5098964070314607 0.3228680517700351 -1.1485888932740274 -0.588923814972278 -1.5618646333072579 -0.0681837060269188 
48 1 -0.30346763466135473 0.3344522909689117 -0.2937606684620568 -0.5203438461882933 -0.7062824391715293 0.9745372200241664 -0.7290411644416709 
49 1 -1.787549080881954 -1.770877101781676 -1.4242466555542252 0.21260870874506294 -0.6280433563720285 -1.5618646333072579 -1.578715039546352 
50 -1 0.6505847236233163 0.6853405230940096 0.4256395051420504 -0.20622132264542636 -0.08036977677552236 -0.47483526759379036 0.12063271066301037 
51 1 -0.30346763466135473 0.2467302329376372 0.47702523182805806 -1.986248956055006 -0.8236410633707806 1.8803950247853896 -0.30420422688933024 
52 -1 -0.40947345224854037 -0.45504623131255867 -0.49930357520608737 0.4220237244403076 0.310825637221982 -1.0183499504505242 0.35665323152542183 
53 -1 0.6505847236233163 0.3344522909689117 0.3228680517700351 -0.8344663697311604 -0.5106847321727771 -0.8371783894982796 -0.0681837060269188 
54 1 0.6505847236233163 0.9485066971878331 1.4019683121761959 -0.8344663697311604 -0.041250235375771924 1.8803950247853896 0.6398778565603156 
55 -1 1.2866196291464302 0.5976184650627352 0.2714823250840274 -2.300371479597873 -1.0583583117692832 1.155708780976411 -0.4458165394067771 
56 -1 -1.2575199929460257 -1.5077109276878524 -1.4756323822402329 -2.6144940031407398 -1.8407491397642919 -1.1995215114027689 -1.4371027270289052 
57 -1 -0.6214850874229118 -0.3673241732812842 -0.08821776171802614 -1.043881385426405 0.8193796754187376 -0.656006828546035 1.5839599400099613 
58 -1 -0.30346763466135473 0.07128611687508825 -0.19098921509004146 0.3173162165926853 0.19346701302273067 -0.8371783894982796 0.4038573356979041 
59 1 -0.0914559994869834 -0.3673241732812842 -0.03683203503201849 0.6314387401355522 2.305922248609254 0.24985097621518804 1.7255722525274082 
60 1 -1.6815432632947684 -1.1568226955627545 -1.4242466555542252 0.9455612636784193 -0.1194893181752728 -1.0183499504505242 -1.059469893649047 
61 1 0.12055563568738795 0.4221743490001862 0.7339538652580964 0.10790120089744061 1.0540969238172402 0.43102253716743266 0.7342860649052801 
62 1 -1.2575199929460257 -1.1568226955627545 -1.013160842066164 -0.41563633834067104 0.4281842614212333 -1.5618646333072579 -0.3514083310618125 
63 -1 1.1806138115592446 1.9134493355318525 1.8644398523502648 1.6785138186117756 1.484411879214495 0.24985097621518804 1.9143886692173375 
64 -1 1.074607993972059 0.9485066971878331 0.7339538652580964 -0.729758861883538 -0.3933261079735258 -0.656006828546035 0.21504091900797495 
65 -1 -0.40947345224854037 -0.45504623131255867 -0.1396034884040338 -0.3109288304930487 0.6237819684199855 -1.3806930723550133 1.536755835837479 
66 -1 0.12055563568738795 0.15900817490636274 0.37425377845604274 -0.20622132264542636 -0.1194893181752728 0.06867941526294344 0.45106143987038644 
67 -1 -0.30346763466135473 -0.5427682893438331 -0.6534607552641104 -1.358003908969272 0.07610838882347938 -0.11249214568930116 1.017510689940174 
68 1 -1.6815432632947684 -1.4199888696565781 -1.7839467423562787 1.783221326459398 -0.6280433563720285 -0.656006828546035 -1.4371027270289052 
69 1 -0.19746181707416907 0.07128611687508825 0.2714823250840274 0.4220237244403076 0.7802601340189872 -1.1995215114027689 0.45106143987038644 
70 -1 -0.9395025401844688 -0.9813785795002056 -0.8076179353221333 -0.3109288304930487 -0.862760604770531 -1.1995215114027689 -0.6346329560967063 
71 1 1.710642899495173 1.825727277500578 2.275525665838326 0.9455612636784193 1.562650962013996 0.06867941526294344 1.3951435233200322 
72 -1 2.02866035225673 1.7380052194693034 1.2991968588041805 -1.043881385426405 -0.3933261079735258 -0.656006828546035 0.35665323152542183 
73 1 -0.9395025401844688 -0.6304903473751077 -0.8076179353221333 1.154976279373664 0.15434747162298024 0.06867941526294344 -0.30420422688933024 
74 -1 0.3325672708617593 -0.01643594115618624 -0.3965321218340721 -0.9391738775787827 -2.036346846763044 -1.5618646333072579 -1.720327352063799 
75 1 0.01454981810020228 0.07128611687508825 -0.1396034884040338 0.6314387401355522 1.0932164652169907 0.6121940981196773 0.4982655440428687 
76 -1 -0.40947345224854037 -0.6304903473751077 -0.6534607552641104 -0.20622132264542636 -0.47156519077302667 -1.0183499504505242 0.16783681483549268 
77 -1 0.756590541210502 0.5976184650627352 0.2200965983980198 -1.5674189246645167 -0.43244564937327623 0.06867941526294344 0.07342860649052808 
78 -1 -0.7274909050100974 -0.2796021152500097 -0.2937606684620568 -0.3109288304930487 -0.23684794237452408 -1.5618646333072579 0.5926737523878333 
79 1 -0.5154792698357261 -1.06910063753148 -0.6534607552641104 -2.6144940031407398 -1.0192387703695327 1.5180519028809003 -0.5402247477517417 
80 -1 0.2265614532745736 0.4221743490001862 1.504739765548211 -0.20622132264542636 1.210575089416242 0.6121940981196773 2.197613294252231 
81 -1 2.1346661698439156 1.6502831614380291 1.3505825854901883 -1.2532964011216496 -0.19772840097477365 -0.2936637066415458 0.45106143987038644 
82 -1 -0.19746181707416907 0.2467302329376372 0.37425377845604274 0.10790120089744061 -0.3933261079735258 0.43102253716743266 -0.020979601854436498 
83 -1 -0.833496722597283 -0.8936565214689312 -0.8590036620081409 -0.729758861883538 -0.1194893181752728 -1.3806930723550133 0.545469648215351 
84 -1 0.12055563568738795 -0.10415799918746073 0.014553691653989167 0.3173162165926853 -0.08036977677552236 -0.11249214568930116 0.16783681483549268 
85 1 -0.5154792698357261 -0.19188005721873522 0.014553691653989167 0.8408537558307969 -0.23684794237452408 0.9745372200241664 -0.587428851924224 
86 1 0.3325672708617593 0.4221743490001862 1.09365395206015 -0.729758861883538 0.19346701302273067 2.605081268594368 0.30944912735293956 
87 -1 0.01454981810020228 0.2467302329376372 0.11732514502600448 -0.20622132264542636 -0.23684794237452408 0.06867941526294344 -0.020979601854436498 
88 1 0.2265614532745736 0.3344522909689117 0.47702523182805806 0.7361462479831746 1.3670532550152437 1.5180519028809003 0.6398778565603156 
89 1 -1.2575199929460257 -0.45504623131255867 -0.6020750285781027 0.6314387401355522 0.7411405926192367 -0.11249214568930116 -0.16259191437188336 
90 1 -0.9395025401844688 -0.7182124054063821 -0.4479178485200797 -1.1485888932740274 -0.588923814972278 0.9745372200241664 -0.5402247477517417 
91 -1 -0.7274909050100974 -0.2796021152500097 0.11732514502600448 0.21260870874506294 -0.588923814972278 -1.0183499504505242 -0.25700012271684797 
92 1 0.5445789060361306 0.3344522909689117 0.5284109585140657 0.3173162165926853 1.4452923378147444 2.061566585737634 0.6870819607327979 
93 -1 0.5445789060361306 0.6853405230940096 0.2714823250840274 0.52673123228793 -0.47156519077302667 0.24985097621518804 -0.587428851924224 
94 1 -1.2575199929460257 -1.5077109276878524 -1.4756323822402329 -0.20622132264542636 0.4673038028209837 0.06867941526294344 0.6398778565603156 
95 -1 0.756590541210502 0.5976184650627352 0.3228680517700351 0.0031936930498182867 -0.19772840097477365 -0.8371783894982796 -0.11538781019940109 
96 -1 1.8166487170823586 1.299394929312931 1.09365395206015 0.3173162165926853 -0.08036977677552236 -0.656006828546035 0.35665323152542183 
97 -1 0.2265614532745736 -0.19188005721873522 -0.19098921509004146 -1.1485888932740274 -0.15860885957502321 -0.656006828546035 0.2622450231804572 
98 1 0.756590541210502 0.7730625811252841 1.09365395206015 0.6314387401355522 1.8756072932119994 1.699223463833145 1.536755835837479 
99 1 0.6505847236233163 0.6853405230940096 1.1964254054321652 -0.5203438461882933 1.2888141722157427 1.699223463833145 1.536755835837479 
100 -1 1.2866196291464302 0.8607846391565587 1.0422682253741422 -0.5203438461882933 -0.23684794237452408 -0.11249214568930116 0.35665323152542183 
101 -1 0.43857308844894494 0.5098964070314607 0.2200965983980198 0.6314387401355522 0.15434747162298024 -0.47483526759379036 -0.5402247477517417 
102 -1 -0.0914559994869834 -0.01643594115618624 0.06593941833999682 -0.20622132264542636 0.8193796754187376 0.6121940981196773 0.7342860649052801 
103 1 -0.833496722597283 -1.1568226955627545 -1.1159322954381792 -0.41563633834067104 0.3499451786217324 -0.11249214568930116 -0.16259191437188336 
104 -1 -0.0914559994869834 0.07128611687508825 0.11732514502600448 0.10790120089744061 -0.19772840097477365 1.5180519028809003 0.02622450231804579 
105 -1 -1.15151417535884 -0.9813785795002056 -0.9103893886941486 0.6314387401355522 -0.47156519077302667 -0.656006828546035 -0.6818370602691886 
106 -1 1.074607993972059 0.6853405230940096 0.3228680517700351 -1.1485888932740274 -0.3933261079735258 0.06867941526294344 -0.11538781019940109 
107 -1 -0.0914559994869834 -0.01643594115618624 0.014553691653989167 0.0031936930498182867 0.07610838882347938 -0.47483526759379036 0.35665323152542183 
108 1 -0.833496722597283 -0.3673241732812842 -0.49930357520608737 2.516173881392754 0.5064233442207341 0.7933656590719218 -0.25700012271684797 
109 1 -1.3635258105332113 -1.244544753594029 -1.3728609288682176 1.0502687715260415 -0.7454019805712797 -0.47483526759379036 -0.9178575811316 
110 -1 0.5445789060361306 0.5976184650627352 0.8367253186301117 0.10790120089744061 1.0540969238172402 1.3368803419286557 1.536755835837479 
111 -1 1.8166487170823586 1.6502831614380291 1.3505825854901883 -0.3109288304930487 0.310825637221982 -0.656006828546035 0.7342860649052801 
112 -1 -0.40947345224854037 -0.19188005721873522 0.2200965983980198 -0.20622132264542636 0.7020210512194863 0.24985097621518804 0.6870819607327979 
113 -1 -1.0455083577716544 -1.06910063753148 -1.0645465687521716 -0.41563633834067104 -0.2759674837742745 -1.5618646333072579 0.12063271066301037 
114 1 -1.6815432632947684 -1.770877101781676 -1.9894896491003093 0.3173162165926853 -1.488673267166538 -1.5618646333072579 -2.003551977098693 
115 1 0.3325672708617593 0.4221743490001862 0.4256395051420504 0.52673123228793 1.210575089416242 0.7933656590719218 0.9231024815952094 
116 1 -0.9395025401844688 -0.8936565214689312 -1.167318022124187 0.21260870874506294 -0.1194893181752728 -0.8371783894982796 -0.25700012271684797 
117 1 0.5445789060361306 1.1239508132503822 1.09365395206015 0.9455612636784193 0.2325865544224811 1.5180519028809003 0.02622450231804579 
118 1 0.43857308844894494 0.4221743490001862 0.5284109585140657 0.3173162165926853 0.4281842614212333 1.155708780976411 0.35665323152542183 
119 1 0.43857308844894494 0.4221743490001862 0.7339538652580964 0.52673123228793 2.1885636244100026 1.3368803419286557 1.4895517316649969 
120 -1 0.01454981810020228 -0.10415799918746073 0.16871087171201213 -0.41563633834067104 1.0149773824174897 0.06867941526294344 0.9703065857676916 
121 -1 1.6046370819079874 0.5976184650627352 0.2714823250840274 -1.5674189246645167 -0.9409996875700318 1.8803950247853896 -0.4930206435792594 
122 -1 0.01454981810020228 -0.45504623131255867 -0.5506893018920951 -1.1485888932740274 0.310825637221982 -0.656006828546035 0.875898377422727 
123 1 0.6505847236233163 1.299394929312931 1.556125492234219 -0.10151381479780404 1.8756072932119994 2.061566585737634 1.2063271066301031 
124 -1 -0.40947345224854037 -0.3673241732812842 -0.24237494177604912 -0.729758861883538 0.036988847423728946 -0.11249214568930116 -0.16259191437188336 
125 1 0.8625963587976876 1.299394929312931 1.556125492234219 1.3643912950689085 1.7973682104124984 1.5180519028809003 1.0647147941126562 
126 -1 0.8625963587976876 0.5098964070314607 0.37425377845604274 -0.6250513540359157 -0.43244564937327623 -0.656006828546035 -0.020979601854436498 
127 1 -0.833496722597283 -0.45504623131255867 -0.03683203503201849 -2.300371479597873 -1.2539560187680354 1.155708780976411 -0.6346329560967063 
128 1 0.3325672708617593 0.2467302329376372 0.4256395051420504 0.4220237244403076 0.38906472002148285 1.3368803419286557 -0.20979601854436566 
129 1 -0.6214850874229118 -0.45504623131255867 -0.2937606684620568 0.6314387401355522 0.9758578410177393 0.43102253716743266 0.4038573356979041 
130 1 -1.0455083577716544 -1.5077109276878524 -1.3728609288682176 0.21260870874506294 -0.43244564937327623 -1.1995215114027689 -1.1538781019940114 
131 1 -0.833496722597283 -0.7182124054063821 -1.3728609288682176 1.783221326459398 0.6237819684199855 -1.5618646333072579 -0.11538781019940109 
132 -1 0.01454981810020228 -0.2796021152500097 -0.3965321218340721 -1.358003908969272 -1.136597394568784 -0.47483526759379036 -0.7762452686141532 
133 1 -0.40947345224854037 -0.3673241732812842 -0.2937606684620568 -1.986248956055006 -0.7062824391715293 1.3368803419286557 -0.16259191437188336 
134 1 -1.5755374457075828 -1.3322668116253036 -1.5270181089262405 1.3643912950689085 -0.9801192289697823 -1.5618646333072579 -1.7675314562362814 
135 1 -1.787549080881954 -1.6831550437504015 -1.7839467423562787 0.7361462479831746 -0.862760604770531 -0.2936637066415458 -1.578715039546352 
136 -1 1.8166487170823586 1.9134493355318525 1.96721130572228 0.6314387401355522 1.9147268346117496 -0.656006828546035 1.9615927733898197 
137 -1 -0.19746181707416907 0.07128611687508825 -0.08821776171802614 -0.10151381479780404 -0.1194893181752728 -0.2936637066415458 -0.25700012271684797 
138 1 -1.0455083577716544 -1.770877101781676 -1.732561015670271 -0.20622132264542636 -1.2930755601677857 -1.7430361942595025 -1.2954904145114583 
139 1 0.2265614532745736 0.15900817490636274 0.2200965983980198 0.21260870874506294 1.562650962013996 0.24985097621518804 1.0647147941126562 
140 1 0.9686021763848733 1.0362287552191076 1.556125492234219 1.0502687715260415 1.6800095862132471 1.5180519028809003 1.1119188982851385 
141 1 -2.105566533643511 -2.121765333906774 -2.19503255584434 -0.3109288304930487 -1.0583583117692832 -2.286550877116236 -1.6731232478913167 
142 -1 0.3325672708617593 0.15900817490636274 0.6825681385720886 -0.6250513540359157 0.6237819684199855 -1.0183499504505242 1.6311640441824438 
143 1 -0.19746181707416907 -0.01643594115618624 0.5284109585140657 -1.986248956055006 -0.6280433563720285 1.3368803419286557 0.2622450231804572 
144 -1 0.12055563568738795 -0.01643594115618624 0.3228680517700351 -0.6250513540359157 0.036988847423728946 -0.11249214568930116 0.02622450231804579 
145 1 -1.2575199929460257 -0.9813785795002056 -1.2187037488101946 2.202051357849887 -0.15860885957502321 -1.0183499504505242 -0.587428851924224 
146 1 -0.19746181707416907 -0.45504623131255867 -0.6534607552641104 -0.20622132264542636 -0.9018801461702814 -0.8371783894982796 -0.4930206435792594 
147 1 -1.2575199929460257 -0.9813785795002056 -0.9617751153801563 1.5738063107641533 -0.5106847321727771 0.24985097621518804 -1.2010822061664939 
148 -1 4.042770886413257 4.5451110764700875 4.074026099848594 2.516173881392754 3.2447912422032643 0.24985097621518804 3.8969610444615936 
149 1 1.2866196291464302 1.47483904537548 1.8130541256642572 -0.20622132264542636 1.1323360066167412 0.43102253716743266 2.292021502597196 
150 1 0.2265614532745736 0.5976184650627352 1.2478111321181728 1.783221326459398 1.1323360066167412 0.43102253716743266 0.16783681483549268 
151 -1 0.12055563568738795 0.15900817490636274 0.2200965983980198 -0.5203438461882933 1.0149773824174897 0.7933656590719218 0.875898377422727 
152 1 -0.30346763466135473 0.07128611687508825 0.37425377845604274 -1.1485888932740274 -0.8236410633707806 0.9745372200241664 -0.30420422688933024 
153 1 1.1806138115592446 1.6502831614380291 2.0699827590942954 1.5738063107641533 2.1494440830102524 1.5180519028809003 1.3951435233200322 
154 1 -1.15151417535884 -1.06910063753148 -1.1159322954381792 0.52673123228793 0.19346701302273067 -0.2936637066415458 -0.5402247477517417 
155 1 0.756590541210502 1.299394929312931 1.4019683121761959 0.8408537558307969 1.7973682104124984 1.5180519028809003 1.2535312108025853 
156 1 -0.833496722597283 -0.8059344634376566 -0.704846481950118 -0.5203438461882933 -0.9801192289697823 1.3368803419286557 -0.8234493727866354 
157 1 -1.4695316281203972 -1.244544753594029 -1.2700894754962022 0.7361462479831746 -0.6280433563720285 0.24985097621518804 -1.2010822061664939 
158 -1 -0.5154792698357261 -0.6304903473751077 -0.5506893018920951 -1.986248956055006 -0.9801192289697823 -0.47483526759379036 -0.30420422688933024 
159 -1 0.2265614532745736 0.2467302329376372 -0.34514639514806444 0.3173162165926853 -0.7454019805712797 -0.47483526759379036 -0.587428851924224 
160 1 -1.6815432632947684 -2.2094873919380484 -2.246418282530348 0.6314387401355522 -1.0974778531690337 -1.5618646333072579 -1.6731232478913167 
161 1 0.01454981810020228 0.5976184650627352 1.09365395206015 1.0502687715260415 2.2276831658097533 1.155708780976411 1.7727763566998906 
162 -1 0.9686021763848733 0.8607846391565587 0.8881110453161193 -0.5203438461882933 0.4281842614212333 -0.47483526759379036 0.6398778565603156 
163 1 -0.40947345224854037 -0.19188005721873522 -0.03683203503201849 -1.5674189246645167 0.8193796754187376 1.155708780976411 1.3007353149750676 
164 1 -1.787549080881954 -1.8585991598129505 -1.8353324690422865 0.52673123228793 -1.9972273053632936 -1.1995215114027689 -2.192368393788622 
165 1 -0.30346763466135473 -0.45504623131255867 -0.6020750285781027 1.4690988029165308 0.036988847423728946 -1.5618646333072579 -0.16259191437188336 
166 1 -1.0455083577716544 -0.6304903473751077 -0.49930357520608737 0.0031936930498182867 -1.1757169359685344 -0.8371783894982796 -1.389898622856423 
167 -1 2.02866035225673 1.9134493355318525 1.6588969456062341 0.0031936930498182867 0.6629015098197358 0.43102253716743266 0.9703065857676916 
168 1 -0.40947345224854037 -0.7182124054063821 -0.6534607552641104 -0.5203438461882933 -0.6671628977717788 0.7933656590719218 -0.9178575811316 
169 1 0.5445789060361306 0.7730625811252841 1.1964254054321652 0.4220237244403076 1.7973682104124984 0.43102253716743266 1.017510689940174 
170 1 -1.787549080881954 -2.0340432758754994 -1.9381039224143017 0.52673123228793 -1.0974778531690337 -1.0183499504505242 -1.5315109353738698 
171 1 -0.19746181707416907 0.07128611687508825 0.4256395051420504 -0.20622132264542636 1.1323360066167412 0.43102253716743266 0.6398778565603156 
172 -1 -0.40947345224854037 -0.5427682893438331 -0.3965321218340721 0.10790120089744061 0.38906472002148285 -1.3806930723550133 0.545469648215351 
173 1 0.3325672708617593 0.9485066971878331 1.1450396787461576 0.52673123228793 1.210575089416242 0.7933656590719218 1.3951435233200322 
174 -1 0.6505847236233163 0.4221743490001862 0.16871087171201213 -0.9391738775787827 -0.43244564937327623 -0.2936637066415458 -0.20979601854436566 
175 1 -0.40947345224854037 -0.6304903473751077 -0.6534607552641104 1.0502687715260415 -0.3933261079735258 -0.656006828546035 0.21504091900797495 
176 1 0.2265614532745736 0.5098964070314607 0.631182411886081 -0.20622132264542636 0.584662427020235 2.061566585737634 0.9703065857676916 
177 -1 0.6505847236233163 0.5098964070314607 0.2200965983980198 0.0031936930498182867 -0.7454019805712797 -0.47483526759379036 -0.39861243523429485 
178 1 1.1806138115592446 1.299394929312931 0.939496772002127 -0.10151381479780404 0.38906472002148285 1.155708780976411 0.4038573356979041 
179 1 0.5445789060361306 0.6853405230940096 0.631182411886081 0.3173162165926853 1.562650962013996 1.8803950247853896 1.1119188982851385 
180 -1 0.12055563568738795 0.3344522909689117 0.47702523182805806 -0.41563633834067104 -0.08036977677552236 0.43102253716743266 0.21504091900797495 
181 -1 1.1806138115592446 0.9485066971878331 1.09365395206015 -1.2532964011216496 -0.2759674837742745 0.06867941526294344 0.6870819607327979 
182 -1 -0.9395025401844688 -0.8936565214689312 -0.8590036620081409 -0.20622132264542636 -1.0583583117692832 -0.656006828546035 -0.9178575811316 
183 -1 -1.2575199929460257 -1.4199888696565781 -1.2187037488101946 -0.729758861883538 -1.3713146429672867 -0.8371783894982796 -1.2954904145114583 
184 -1 0.3325672708617593 0.3344522909689117 0.6825681385720886 0.10790120089744061 0.6237819684199855 -0.47483526759379036 1.3951435233200322 
185 1 -1.787549080881954 -1.9463212178442248 -1.9894896491003093 2.097343850002265 -1.0192387703695327 -1.5618646333072579 -1.8619396645812458 
186 1 -2.105566533643511 -1.8585991598129505 -1.9894896491003093 1.6785138186117756 -1.2930755601677857 -0.47483526759379036 -1.9091437687537283 
187 1 -0.19746181707416907 -0.01643594115618624 0.5284109585140657 -1.672126432512139 -0.7845215219710301 0.6121940981196773 -0.25700012271684797 
188 -1 -0.0914559994869834 -0.10415799918746073 0.06593941833999682 -0.10151381479780404 0.5455428856204846 0.43102253716743266 0.30944912735293956 
189 -1 0.8625963587976876 0.6853405230940096 0.631182411886081 -0.10151381479780404 -0.23684794237452408 -0.656006828546035 0.30944912735293956 
190 -1 0.6505847236233163 0.7730625811252841 0.2200965983980198 -1.2532964011216496 -0.5498042735725276 1.155708780976411 -0.020979601854436498 
191 -1 0.01454981810020228 0.07128611687508825 0.014553691653989167 0.10790120089744061 -0.7062824391715293 -0.656006828546035 -0.7290411644416709 
192 1 -0.833496722597283 -0.45504623131255867 -0.6020750285781027 1.2596837872212863 0.7020210512194863 -0.2936637066415458 -0.0681837060269188 
193 1 -0.9395025401844688 -0.5427682893438331 -0.6534607552641104 0.8408537558307969 0.3499451786217324 -1.1995215114027689 -0.4458165394067771 
194 -1 0.5445789060361306 0.5098964070314607 0.3228680517700351 -0.5203438461882933 -0.7454019805712797 -0.656006828546035 -0.20979601854436566 
195 -1 0.5445789060361306 0.4221743490001862 0.37425377845604274 0.10790120089744061 0.310825637221982 -0.47483526759379036 0.545469648215351 
196 -1 -1.3635258105332113 -1.244544753594029 -1.3728609288682176 -0.20622132264542636 -0.9018801461702814 -1.9242077552117471 -1.0122657894765645 
197 1 -1.15151417535884 -0.5427682893438331 -0.19098921509004146 -1.043881385426405 -1.0583583117692832 1.8803950247853896 -0.3514083310618125 
198 1 1.3926254467336159 1.6502831614380291 2.121368485780303 0.9455612636784193 1.9147268346117496 0.7933656590719218 1.3951435233200322 
199 -1 -0.0914559994869834 0.07128611687508825 0.2714823250840274 -0.6250513540359157 -0.588923814972278 0.6121940981196773 -0.30420422688933024 
200 -1 0.12055563568738795 -0.01643594115618624 0.5797966852000733 -0.8344663697311604 0.036988847423728946 0.06867941526294344 0.16783681483549268 
201 -1 0.756590541210502 0.5098964070314607 0.16871087171201213 -0.10151381479780404 -0.19772840097477365 0.06867941526294344 -0.16259191437188336 
202 1 0.8625963587976876 1.0362287552191076 1.09365395206015 0.7361462479831746 2.462400414208256 1.3368803419286557 1.7255722525274082 
203 1 -0.7274909050100974 -0.9813785795002056 -1.0645465687521716 0.4220237244403076 -0.862760604770531 -1.0183499504505242 -0.9178575811316 
204 -1 -0.19746181707416907 -0.2796021152500097 -0.8076179353221333 2.516173881392754 -0.041250235375771924 0.24985097621518804 -0.39861243523429485 
205 -1 2.8767068929542154 2.001171393563127 1.3505825854901883 0.52673123228793 0.5455428856204846 -0.8371783894982796 1.1119188982851385 
206 1 -0.0914559994869834 -0.45504623131255867 -0.24237494177604912 -1.043881385426405 0.2325865544224811 0.6121940981196773 0.35665323152542183 
207 1 0.3325672708617593 0.3344522909689117 0.5284109585140657 -0.20622132264542636 1.2496946308159924 1.699223463833145 1.1119188982851385 
208 -1 0.2265614532745736 -0.10415799918746073 -0.24237494177604912 2.202051357849887 -0.23684794237452408 -1.5618646333072579 -0.4930206435792594 
209 -1 2.346677805018287 2.527503741750774 1.96721130572228 0.6314387401355522 0.7802601340189872 -0.11249214568930116 1.4423476274925144 
210 1 -1.3635258105332113 -1.06910063753148 -1.013160842066164 -0.5203438461882933 -1.2539560187680354 -0.11249214568930116 -1.2010822061664939 
211 1 0.5445789060361306 0.15900817490636274 0.7339538652580964 -0.729758861883538 1.2888141722157427 0.9745372200241664 1.3007353149750676 
212 -1 -1.0455083577716544 -0.8059344634376566 -0.8076179353221333 0.8408537558307969 -0.43244564937327623 -0.656006828546035 -0.3514083310618125 
213 1 -1.2575199929460257 -1.3322668116253036 -1.5270181089262405 2.3067588656975095 -0.7062824391715293 -1.0183499504505242 -1.5315109353738698 
214 1 -0.7274909050100974 -0.45504623131255867 -0.08821776171802614 -2.405078987445495 -1.5277928085662884 2.2427381466898786 -0.8706534769591178 
215 1 0.3325672708617593 0.5098964070314607 0.8367253186301117 0.21260870874506294 1.6408900448134967 1.8803950247853896 1.159123002457621 
216 1 0.756590541210502 0.6853405230940096 0.939496772002127 0.10790120089744061 0.584662427020235 1.155708780976411 0.21504091900797495 
217 1 -1.4695316281203972 -1.06910063753148 -1.5270181089262405 1.4690988029165308 -0.6280433563720285 -0.8371783894982796 -1.3426945186839407 
218 -1 -0.30346763466135473 -1.06910063753148 -1.0645465687521716 -1.5674189246645167 -1.0974778531690337 -0.8371783894982796 -0.6818370602691886 
219 -1 1.2866196291464302 1.0362287552191076 0.939496772002127 -0.5203438461882933 0.3499451786217324 0.43102253716743266 0.6398778565603156 
220 1 -1.15151417535884 -1.06910063753148 -1.4756323822402329 3.4585414520213553 -0.3933261079735258 -1.3806930723550133 -1.3426945186839407 
221 -1 -0.5154792698357261 -0.8059344634376566 -0.6534607552641104 0.52673123228793 -0.35420656657377536 0.06867941526294344 -0.8234493727866354 
222 1 0.43857308844894494 0.4221743490001862 0.785339591944104 0.8408537558307969 2.423280872808505 2.061566585737634 1.9143886692173375 
223 -1 0.2265614532745736 -0.01643594115618624 0.014553691653989167 -0.3109288304930487 -0.6671628977717788 0.7933656590719218 -0.16259191437188336 
224 1 0.2265614532745736 0.5098964070314607 0.37425377845604274 0.10790120089744061 -0.588923814972278 0.7933656590719218 -0.9178575811316 
225 1 -0.6214850874229118 -0.10415799918746073 0.5284109585140657 -1.7768339403597613 -0.862760604770531 2.2427381466898786 -0.020979601854436498 
226 1 0.2265614532745736 0.15900817490636274 -0.8590036620081409 1.3643912950689085 -0.1194893181752728 -1.5618646333072579 -0.0681837060269188 
227 1 -0.7274909050100974 -0.7182124054063821 -0.7562322086361256 1.0502687715260415 0.19346701302273067 -0.2936637066415458 -0.25700012271684797 
228 -1 0.5445789060361306 0.4221743490001862 0.2200965983980198 -0.10151381479780404 -0.19772840097477365 -1.0183499504505242 -0.4458165394067771 
229 1 0.01454981810020228 0.4221743490001862 0.785339591944104 -1.5674189246645167 -0.6671628977717788 1.3368803419286557 0.16783681483549268 
230 1 0.01454981810020228 0.15900817490636274 0.47702523182805806 -0.41563633834067104 1.2496946308159924 1.699223463833145 1.2063271066301031 
231 1 1.2866196291464302 1.5625611034067546 1.4019683121761959 1.8879288343070202 1.7973682104124984 1.8803950247853896 0.9231024815952094 
232 -1 0.2265614532745736 0.15900817490636274 0.16871087171201213 -1.043881385426405 0.3499451786217324 0.24985097621518804 0.45106143987038644 
233 -1 0.5445789060361306 -0.01643594115618624 -0.24237494177604912 -1.8815414482073836 -1.214836477368285 -0.656006828546035 -0.4930206435792594 
234 -1 -0.6214850874229118 -0.8936565214689312 -1.013160842066164 0.10790120089744061 -0.7062824391715293 -0.656006828546035 -0.587428851924224 
235 1 -1.9995607160563253 -2.121765333906774 -2.143646829158332 0.7361462479831746 -1.762510056964791 -1.9242077552117471 -2.192368393788622 
236 1 -0.30346763466135473 0.07128611687508825 0.11732514502600448 1.6785138186117756 1.6408900448134967 0.6121940981196773 0.875898377422727 
237 -1 0.5445789060361306 0.7730625811252841 0.47702523182805806 -0.3109288304930487 -0.35420656657377536 -0.47483526759379036 -0.0681837060269188 
238 -1 -0.5154792698357261 -0.8059344634376566 -1.3728609288682176 -0.9391738775787827 -1.6060318913657892 -1.0183499504505242 -1.2954904145114583 
239 -1 0.2265614532745736 -0.01643594115618624 0.11732514502600448 -0.41563633834067104 -0.3150870251740249 -0.8371783894982796 0.12063271066301037 
240 -1 0.5445789060361306 0.15900817490636274 -0.03683203503201849 0.0031936930498182867 0.1152279302232298 -0.2936637066415458 -0.11538781019940109 
241 1 -1.0455083577716544 -1.06910063753148 -0.6534607552641104 0.4220237244403076 -0.588923814972278 -0.47483526759379036 -1.0122657894765645 
242 1 0.5445789060361306 0.5098964070314607 0.631182411886081 0.3173162165926853 1.8364877518122489 1.3368803419286557 1.6311640441824438 
243 1 -0.40947345224854037 -0.45504623131255867 -0.4479178485200797 0.21260870874506294 0.6629015098197358 1.155708780976411 0.6398778565603156 
244 1 -1.787549080881954 -1.770877101781676 -1.9381039224143017 2.830296404935621 -0.47156519077302667 -1.1995215114027689 -1.6731232478913167 
245 1 -1.5755374457075828 -1.5077109276878524 -1.5270181089262405 1.6785138186117756 -0.6671628977717788 -1.0183499504505242 -1.9091437687537283 
246 -1 -0.30346763466135473 -0.2796021152500097 -0.19098921509004146 0.52673123228793 0.19346701302273067 0.06867941526294344 -0.20979601854436566 
247 -1 -0.5154792698357261 -0.3673241732812842 -0.1396034884040338 -0.3109288304930487 0.6237819684199855 -0.656006828546035 0.21504091900797495 
248 -1 0.6505847236233163 0.8607846391565587 0.6825681385720886 -0.3109288304930487 0.3499451786217324 1.155708780976411 1.1119188982851385 
249 -1 -0.0914559994869834 -0.3673241732812842 -0.4479178485200797 -1.5674189246645167 -0.9018801461702814 -0.47483526759379036 -0.6818370602691886 
250 -1 1.1806138115592446 1.299394929312931 1.0422682253741422 1.5738063107641533 1.2888141722157427 0.06867941526294344 1.6311640441824438 
251 1 -0.30346763466135473 -0.2796021152500097 0.11732514502600448 -0.9391738775787827 -0.2759674837742745 2.061566585737634 -0.30420422688933024 
252 -1 -0.0914559994869834 -0.2796021152500097 -0.34514639514806444 0.52673123228793 -0.6280433563720285 -0.656006828546035 -0.9650616853040823 
253 1 -1.0455083577716544 -0.8059344634376566 -0.6534607552641104 -0.5203438461882933 -0.35420656657377536 0.7933656590719218 -0.25700012271684797 
254 1 0.5445789060361306 0.7730625811252841 0.939496772002127 -0.20622132264542636 1.0932164652169907 1.699223463833145 1.3951435233200322 
255 1 0.01454981810020228 0.3344522909689117 0.5797966852000733 0.0031936930498182867 0.5455428856204846 -0.8371783894982796 0.45106143987038644 
256 -1 0.8625963587976876 0.7730625811252841 0.631182411886081 -0.5203438461882933 -0.19772840097477365 -0.47483526759379036 -0.16259191437188336 
257 1 0.01454981810020228 -0.01643594115618624 0.11732514502600448 0.21260870874506294 1.4452923378147444 0.6121940981196773 0.8286942732502447 
258 1 0.3325672708617593 0.3344522909689117 0.939496772002127 0.6314387401355522 1.758248669012748 1.3368803419286557 1.3007353149750676 
259 -1 0.01454981810020228 -0.10415799918746073 0.06593941833999682 0.0031936930498182867 0.3499451786217324 -0.2936637066415458 0.4982655440428687 
260 -1 -0.6214850874229118 -0.2796021152500097 -0.24237494177604912 -0.20622132264542636 0.27170609582223154 -1.0183499504505242 0.6870819607327979 
261 1 -1.787549080881954 -2.0340432758754994 -2.040875375786317 0.7361462479831746 -0.9801192289697823 -0.8371783894982796 -1.720327352063799 
262 -1 -0.0914559994869834 -0.01643594115618624 0.014553691653989167 -1.2532964011216496 -1.0583583117692832 -0.2936637066415458 -0.5402247477517417 
263 -1 0.756590541210502 0.9485066971878331 0.5797966852000733 0.8408537558307969 -0.19772840097477365 -0.2936637066415458 -0.020979601854436498 
264 -1 0.3325672708617593 -0.01643594115618624 -0.24237494177604912 -0.5203438461882933 -0.588923814972278 -0.11249214568930116 -0.39861243523429485 
265 1 -1.8935548984691397 -2.0340432758754994 -2.040875375786317 0.3173162165926853 -1.4104341843670372 -1.5618646333072579 -1.720327352063799 
266 1 -0.833496722597283 -0.7182124054063821 -0.9617751153801563 1.3643912950689085 0.2325865544224811 -0.11249214568930116 -0.9650616853040823 
267 1 -0.30346763466135473 0.15900817490636274 0.37425377845604274 -0.41563633834067104 -0.3933261079735258 0.24985097621518804 -0.39861243523429485 
268 1 -0.40947345224854037 -0.01643594115618624 0.11732514502600448 0.9455612636784193 0.7020210512194863 -0.11249214568930116 0.07342860649052808 
269 -1 -0.19746181707416907 -0.2796021152500097 -0.6020750285781027 0.9455612636784193 0.036988847423728946 -1.1995215114027689 -0.5402247477517417 
270 1 -0.6214850874229118 -0.45504623131255867 0.11732514502600448 -0.41563633834067104 0.310825637221982 -1.1995215114027689 0.45106143987038644 
271 1 1.6046370819079874 2.2643375676569506 2.686611479326387 1.4690988029165308 2.1494440830102524 1.8803950247853896 1.9615927733898197 
272 -1 -0.40947345224854037 -0.3673241732812842 -0.2937606684620568 -0.5203438461882933 -0.588923814972278 1.155708780976411 -0.8706534769591178 
273 -1 -0.19746181707416907 0.07128611687508825 0.11732514502600448 -0.10151381479780404 0.584662427020235 0.24985097621518804 0.2622450231804572 
274 -1 0.12055563568738795 0.5098964070314607 0.11732514502600448 -0.8344663697311604 -0.862760604770531 -0.656006828546035 -0.30420422688933024 
275 1 -1.0455083577716544 -0.9813785795002056 -1.013160842066164 0.6314387401355522 -0.43244564937327623 0.6121940981196773 -0.587428851924224 
276 -1 -0.0914559994869834 0.07128611687508825 -0.08821776171802614 -0.5203438461882933 -0.3150870251740249 -0.2936637066415458 -0.3514083310618125 
277 -1 0.3325672708617593 0.4221743490001862 0.5284109585140657 -0.5203438461882933 -0.23684794237452408 -0.47483526759379036 0.2622450231804572 
278 1 1.2866196291464302 1.825727277500578 1.96721130572228 0.21260870874506294 1.1323360066167412 1.8803950247853896 0.9703065857676916 
279 1 -0.19746181707416907 -0.45504623131255867 -0.08821776171802614 -0.6250513540359157 1.1714555480164914 0.7933656590719218 0.35665323152542183 
280 1 -0.19746181707416907 -0.3673241732812842 -0.4479178485200797 1.8879288343070202 0.6237819684199855 -0.656006828546035 -0.020979601854436498 
281 1 0.01454981810020228 0.4221743490001862 0.6825681385720886 0.7361462479831746 -1.488673267166538 0.6121940981196773 -1.9091437687537283 
282 1 -1.9995607160563253 -2.0340432758754994 -2.143646829158332 -0.6250513540359157 -1.566912349966039 -0.8371783894982796 -2.003551977098693 
283 -1 0.5445789060361306 -0.01643594115618624 -0.24237494177604912 -1.8815414482073836 -1.3321951015675362 0.06867941526294344 -0.8706534769591178 
284 1 -0.0914559994869834 0.15900817490636274 0.6825681385720886 -0.5203438461882933 0.2325865544224811 2.2427381466898786 0.12063271066301037 
285 -1 -0.5154792698357261 -0.45504623131255867 -0.24237494177604912 0.52673123228793 -0.0021306939760214897 0.06867941526294344 -0.30420422688933024 
286 -1 0.2265614532745736 0.3344522909689117 0.06593941833999682 -0.3109288304930487 -0.35420656657377536 -0.2936637066415458 0.2622450231804572 
287 1 -1.3635258105332113 -1.244544753594029 -1.1159322954381792 2.097343850002265 -0.47156519077302667 -0.8371783894982796 -1.2954904145114583 
288 -1 0.9686021763848733 0.9485066971878331 1.09365395206015 0.0031936930498182867 0.4673038028209837 -0.656006828546035 1.2063271066301031 
289 1 0.8625963587976876 1.1239508132503822 0.939496772002127 0.0031936930498182867 1.5235314206142454 0.6121940981196773 1.536755835837479 
290 1 -1.9995607160563253 -1.9463212178442248 -1.9381039224143017 0.8408537558307969 -0.8236410633707806 0.43102253716743266 -1.6259191437188345 
291 1 1.8166487170823586 2.6152257997820483 2.429682845896349 0.9455612636784193 1.484411879214495 0.43102253716743266 1.536755835837479 
292 1 0.3325672708617593 0.5098964070314607 0.6825681385720886 0.10790120089744061 1.8756072932119994 1.3368803419286557 1.4895517316649969 
293 -1 1.9226545346695443 1.5625611034067546 0.939496772002127 0.3173162165926853 -0.23684794237452408 -0.2936637066415458 0.30944912735293956 
294 -1 1.8166487170823586 1.6502831614380291 1.1964254054321652 -0.3109288304930487 -0.0021306939760214897 -0.47483526759379036 0.4982655440428687 
295 1 0.2265614532745736 0.3344522909689117 0.631182411886081 0.4220237244403076 2.2276831658097533 1.5180519028809003 1.7255722525274082 
296 1 -0.9395025401844688 -0.8059344634376566 -1.0645465687521716 -0.41563633834067104 -0.7845215219710301 -0.47483526759379036 -1.1538781019940114 
297 -1 -0.40947345224854037 -0.5427682893438331 -0.3965321218340721 -0.729758861883538 -0.0021306939760214897 -0.656006828546035 0.8286942732502447 
298 1 1.4986312643208017 -0.8059344634376566 -0.7562322086361256 0.52673123228793 0.310825637221982 -0.2936637066415458 -0.11538781019940109 
299 1 -0.6214850874229118 -0.8059344634376566 -1.3728609288682176 0.9455612636784193 -1.214836477368285 -1.1995215114027689 -1.248286310338976 
300 -1 -0.30346763466135473 -0.45504623131255867 -0.8076179353221333 -0.8344663697311604 -1.0583583117692832 -0.656006828546035 -0.8706534769591178 
301 -1 -1.4695316281203972 -1.1568226955627545 -1.629789562298256 0.6314387401355522 -1.214836477368285 -1.3806930723550133 -1.578715039546352 
302 1 0.2265614532745736 0.2467302329376372 0.16871087171201213 0.10790120089744061 1.3279337136154932 0.06867941526294344 0.8286942732502447 
303 1 0.5445789060361306 0.5098964070314607 0.785339591944104 0.0031936930498182867 1.1323360066167412 1.3368803419286557 1.0647147941126562 
304 -1 0.43857308844894494 0.6853405230940096 0.631182411886081 0.52673123228793 0.5064233442207341 -0.11249214568930116 0.16783681483549268 
305 1 2.664695257779844 3.1415581479696955 3.046311566128441 0.6314387401355522 1.1323360066167412 0.7933656590719218 1.8199804608723729 
306 1 0.756590541210502 0.5098964070314607 1.1964254054321652 0.3173162165926853 2.110324541610502 0.24985097621518804 1.3007353149750676 
307 1 -0.40947345224854037 -0.5427682893438331 -0.34514639514806444 0.7361462479831746 -0.6671628977717788 -1.3806930723550133 -0.0681837060269188 
308 1 -0.40947345224854037 -0.2796021152500097 -0.19098921509004146 -0.3109288304930487 -0.3150870251740249 0.43102253716743266 -0.5402247477517417 
309 1 0.12055563568738795 0.3344522909689117 0.37425377845604274 0.4220237244403076 0.8976187582182384 1.3368803419286557 0.545469648215351 
310 1 0.3325672708617593 0.7730625811252841 0.5284109585140657 -0.9391738775787827 -0.9409996875700318 0.24985097621518804 -0.4458165394067771 
311 1 -1.5755374457075828 -1.6831550437504015 -1.8867181957282941 1.5738063107641533 -1.0192387703695327 -1.5618646333072579 -1.6731232478913167 
312 -1 -0.6214850874229118 -0.8059344634376566 -0.9617751153801563 -0.10151381479780404 -0.9409996875700318 -0.8371783894982796 -0.6818370602691886 
313 1 -0.833496722597283 -0.9813785795002056 -1.013160842066164 0.6314387401355522 0.3499451786217324 0.7933656590719218 -0.0681837060269188 
314 -1 -0.0914559994869834 -0.10415799918746073 -0.03683203503201849 -0.41563633834067104 -0.2759674837742745 0.24985097621518804 -0.5402247477517417 
315 -1 -1.2575199929460257 -1.06910063753148 -1.3728609288682176 1.4690988029165308 0.036988847423728946 -0.656006828546035 -0.5402247477517417 
316 -1 0.9686021763848733 0.3344522909689117 0.37425377845604274 -2.090956463902628 -1.0583583117692832 0.24985097621518804 -0.3514083310618125 
317 -1 -0.30346763466135473 -0.2796021152500097 -0.1396034884040338 -1.043881385426405 -1.0974778531690337 0.06867941526294344 -0.7762452686141532 
318 1 -1.0455083577716544 -0.9813785795002056 -1.0645465687521716 0.3173162165926853 -0.43244564937327623 0.43102253716743266 -0.39861243523429485 
319 1 -1.15151417535884 -1.06910063753148 -1.0645465687521716 -0.6250513540359157 -0.588923814972278 -1.0183499504505242 -0.8706534769591178 
320 1 -1.4695316281203972 -1.244544753594029 -1.013160842066164 0.3173162165926853 -1.214836477368285 -0.47483526759379036 -1.248286310338976 
321 -1 1.074607993972059 0.5098964070314607 0.2714823250840274 -1.1485888932740274 -0.23684794237452408 0.24985097621518804 -0.30420422688933024 
322 -1 -0.0914559994869834 -0.2796021152500097 -0.1396034884040338 -0.41563633834067104 0.15434747162298024 -0.2936637066415458 0.2622450231804572 
323 -1 0.3325672708617593 1.3871169873442055 2.583840025954372 1.4690988029165308 2.931834911005261 0.24985097621518804 4.132981565324005 
324 -1 -0.5154792698357261 -0.7182124054063821 -0.704846481950118 -0.3109288304930487 -0.5106847321727771 -1.5618646333072579 -0.11538781019940109 
325 -1 0.01454981810020228 0.15900817490636274 0.16871087171201213 -0.8344663697311604 0.15434747162298024 0.06867941526294344 0.45106143987038644 
326 1 -0.19746181707416907 -0.19188005721873522 0.014553691653989167 -0.41563633834067104 -0.041250235375771924 0.06867941526294344 -0.25700012271684797 
327 -1 0.12055563568738795 -0.3673241732812842 -0.03683203503201849 -1.5674189246645167 -1.0974778531690337 0.06867941526294344 -0.6346329560967063 
328 -1 0.5445789060361306 -0.19188005721873522 -0.08821776171802614 -2.5097864952931177 -1.4495537257667874 -0.2936637066415458 -0.8234493727866354 
329 -1 0.3325672708617593 -0.10415799918746073 0.014553691653989167 -0.5203438461882933 -0.3150870251740249 -1.3806930723550133 -0.16259191437188336 
330 -1 0.01454981810020228 0.07128611687508825 0.06593941833999682 0.21260870874506294 0.19346701302273067 0.06867941526294344 -0.020979601854436498 
331 1 0.756590541210502 0.4221743490001862 0.11732514502600448 0.4220237244403076 -0.6671628977717788 0.7933656590719218 -0.5402247477517417 
332 1 0.9686021763848733 1.6502831614380291 1.7616683989782496 0.10790120089744061 1.2496946308159924 1.699223463833145 1.017510689940174 
333 -1 0.6505847236233163 0.8607846391565587 0.4256395051420504 1.154976279373664 -0.3150870251740249 -1.0183499504505242 -1.0122657894765645 
334 1 -0.30346763466135473 -0.19188005721873522 -0.03683203503201849 -0.8344663697311604 -0.7845215219710301 0.43102253716743266 -0.6346329560967063 
335 -1 -0.0914559994869834 -0.01643594115618624 0.014553691653989167 0.0031936930498182867 0.07610838882347938 -0.47483526759379036 0.35665323152542183 
336 -1 0.01454981810020228 -0.01643594115618624 0.06593941833999682 -0.3109288304930487 0.27170609582223154 -0.11249214568930116 0.2622450231804572 
337 -1 0.2265614532745736 0.07128611687508825 0.014553691653989167 -0.9391738775787827 -0.041250235375771924 -0.2936637066415458 -0.0681837060269188 
338 1 -0.40947345224854037 -0.01643594115618624 0.37425377845604274 -1.7768339403597613 -1.0974778531690337 1.155708780976411 -0.39861243523429485 
339 1 -1.4695316281203972 -1.3322668116253036 -1.4756323822402329 0.4220237244403076 -1.0974778531690337 -0.11249214568930116 -1.5315109353738698 
340 -1 -0.19746181707416907 -0.2796021152500097 -0.1396034884040338 0.6314387401355522 -0.08036977677552236 -0.656006828546035 0.21504091900797495 
341 1 -0.40947345224854037 -0.45504623131255867 -0.4479178485200797 0.3173162165926853 -0.3933261079735258 1.155708780976411 -0.6346329560967063 
342 -1 0.756590541210502 0.7730625811252841 0.4256395051420504 0.10790120089744061 0.15434747162298024 -0.656006828546035 0.5926737523878333 
343 -1 -0.0914559994869834 -0.3673241732812842 -0.3965321218340721 -0.9391738775787827 -1.3713146429672867 -0.11249214568930116 -0.9178575811316 
344 -1 0.43857308844894494 0.07128611687508825 -0.34514639514806444 2.202051357849887 0.7411405926192367 -1.3806930723550133 0.7814901690777625 
345 -1 -0.19746181707416907 -0.10415799918746073 0.8367253186301117 0.10790120089744061 1.1323360066167412 -0.2936637066415458 1.867184565044855 
346 1 0.12055563568738795 0.07128611687508825 0.47702523182805806 -2.090956463902628 -0.8236410633707806 1.3368803419286557 -0.020979601854436498 
347 -1 -0.6214850874229118 -0.8936565214689312 -0.9103893886941486 -1.1485888932740274 -0.588923814972278 -1.1995215114027689 -0.587428851924224 
348 1 -1.15151417535884 -0.8059344634376566 -0.7562322086361256 0.21260870874506294 -0.47156519077302667 0.6121940981196773 -0.8706534769591178 
349 -1 -0.30346763466135473 -0.19188005721873522 0.11732514502600448 -1.043881385426405 -0.3933261079735258 -1.0183499504505242 0.4038573356979041 
350 -1 0.3325672708617593 0.4221743490001862 0.37425377845604274 -0.8344663697311604 -0.9409996875700318 -1.0183499504505242 -0.30420422688933024 
351 1 -1.2575199929460257 -1.4199888696565781 -1.7839467423562787 1.4690988029165308 -0.7062824391715293 -0.8371783894982796 -1.248286310338976 
352 -1 0.3325672708617593 0.2467302329376372 0.2714823250840274 0.3173162165926853 0.4673038028209837 -0.656006828546035 0.45106143987038644 
353 1 -0.833496722597283 -1.244544753594029 -1.0645465687521716 0.21260870874506294 0.310825637221982 -0.47483526759379036 0.30944912735293956 
354 -1 0.2265614532745736 -0.01643594115618624 -0.1396034884040338 -0.9391738775787827 -0.7845215219710301 0.24985097621518804 -0.5402247477517417 
355 1 1.3926254467336159 0.9485066971878331 0.5797966852000733 -1.5674189246645167 -1.214836477368285 1.155708780976411 -0.587428851924224 
356 -1 1.6046370819079874 1.3871169873442055 0.8881110453161193 -1.4627114168168944 -0.5498042735725276 -0.2936637066415458 -0.020979601854436498 
357 -1 0.43857308844894494 0.5976184650627352 0.4256395051420504 -0.3109288304930487 -0.0021306939760214897 1.3368803419286557 0.30944912735293956 
358 1 -0.9395025401844688 -0.19188005721873522 -0.6534607552641104 1.4690988029165308 1.1714555480164914 0.06867941526294344 1.2063271066301031 
359 -1 -0.30346763466135473 -0.5427682893438331 -0.3965321218340721 -1.043881385426405 -0.7454019805712797 -1.1995215114027689 -0.5402247477517417 
360 -1 0.6505847236233163 0.4221743490001862 0.3228680517700351 0.52673123228793 -0.43244564937327623 -0.47483526759379036 -0.11538781019940109 
361 -1 -0.6214850874229118 -0.45504623131255867 -0.08821776171802614 -1.672126432512139 -1.6060318913657892 0.24985097621518804 -1.1066739978215292 
362 1 -0.19746181707416907 -0.45504623131255867 -0.34514639514806444 -0.10151381479780404 -0.0021306939760214897 -0.656006828546035 -0.3514083310618125 
363 -1 0.3325672708617593 0.5976184650627352 0.16871087171201213 -0.5203438461882933 -0.2759674837742745 0.6121940981196773 0.35665323152542183 
364 -1 -1.2575199929460257 -1.1568226955627545 -1.3214752021822098 -0.9391738775787827 -1.6060318913657892 -1.5618646333072579 -1.4843068312013876 
365 -1 -0.5154792698357261 -0.45504623131255867 -0.34514639514806444 0.3173162165926853 -0.23684794237452408 -1.1995215114027689 -0.5402247477517417 
366 1 0.01454981810020228 0.15900817490636274 0.2200965983980198 -0.6250513540359157 -0.08036977677552236 0.43102253716743266 0.5926737523878333 
367 1 -2.105566533643511 -1.9463212178442248 -2.040875375786317 -0.6250513540359157 -1.3713146429672867 -1.7430361942595025 -1.6259191437188345 
368 1 -1.787549080881954 -1.770877101781676 -1.8353324690422865 0.4220237244403076 -0.7454019805712797 1.155708780976411 -1.7675314562362814 
369 1 -1.8935548984691397 -1.770877101781676 -2.040875375786317 2.6208813892403766 -0.862760604770531 -2.105379316163992 -1.7675314562362814 
370 -1 0.6505847236233163 0.4221743490001862 0.4256395051420504 -0.6250513540359157 0.1152279302232298 -0.11249214568930116 0.35665323152542183 
371 -1 0.01454981810020228 -0.19188005721873522 -0.1396034884040338 -0.6250513540359157 0.27170609582223154 0.24985097621518804 0.545469648215351 
372 -1 -0.5154792698357261 -0.9813785795002056 -0.9617751153801563 -0.6250513540359157 -1.0974778531690337 -0.2936637066415458 -1.059469893649047 
373 1 -0.0914559994869834 0.07128611687508825 -0.08821776171802614 1.5738063107641533 0.7020210512194863 -0.8371783894982796 -0.11538781019940109 
374 -1 1.710642899495173 1.3871169873442055 0.785339591944104 -0.729758861883538 0.1152279302232298 0.6121940981196773 0.6398778565603156 
375 1 -0.40947345224854037 -0.3673241732812842 -0.49930357520608737 1.154976279373664 1.210575089416242 0.6121940981196773 0.45106143987038644 
376 -1 0.6505847236233163 0.15900817490636274 0.2200965983980198 -0.9391738775787827 -0.9409996875700318 0.24985097621518804 -0.4458165394067771 
377 -1 0.3325672708617593 0.3344522909689117 0.11732514502600448 -0.10151381479780404 -0.0021306939760214897 0.06867941526294344 0.2622450231804572 
378 -1 -0.0914559994869834 -0.3673241732812842 -0.03683203503201849 0.21260870874506294 -0.3933261079735258 0.06867941526294344 -0.39861243523429485 
379 -1 1.9226545346695443 2.001171393563127 1.9158255790362724 1.8879288343070202 0.584662427020235 1.155708780976411 0.2622450231804572 
380 1 -1.5755374457075828 -1.770877101781676 -1.732561015670271 -1.1485888932740274 -1.5277928085662884 -1.3806930723550133 -1.720327352063799 
381 1 -0.40947345224854037 -0.3673241732812842 -0.2937606684620568 0.10790120089744061 0.19346701302273067 1.3368803419286557 -0.0681837060269188 
382 -1 -1.3635258105332113 -1.4199888696565781 -1.4242466555542252 0.0031936930498182867 -0.8236410633707806 -1.5618646333072579 -0.6346329560967063 
383 -1 -0.5154792698357261 -0.5427682893438331 -0.704846481950118 -0.6250513540359157 -0.7454019805712797 -1.5618646333072579 -0.25700012271684797 
384 -1 0.3325672708617593 0.6853405230940096 0.6825681385720886 0.10790120089744061 -0.5106847321727771 0.7933656590719218 -0.30420422688933024 
385 -1 0.756590541210502 0.7730625811252841 1.0422682253741422 -0.3109288304930487 -0.1194893181752728 -0.47483526759379036 0.6398778565603156 
386 1 -0.5154792698357261 -0.2796021152500097 0.06593941833999682 -0.8344663697311604 -0.588923814972278 1.155708780976411 -0.5402247477517417 
387 1 -1.0455083577716544 -0.9813785795002056 -1.013160842066164 -0.10151381479780404 -0.5106847321727771 -0.656006828546035 -0.6346329560967063 
388 1 0.43857308844894494 0.4221743490001862 0.8881110453161193 0.4220237244403076 1.7191291276129976 1.699223463833145 1.2063271066301031 
389 -1 0.5445789060361306 0.7730625811252841 0.8881110453161193 0.3173162165926853 1.0932164652169907 0.9745372200241664 1.0647147941126562 
390 -1 1.4986312643208017 1.6502831614380291 1.3505825854901883 0.8408537558307969 0.7802601340189872 -0.2936637066415458 1.017510689940174 
391 -1 -1.3635258105332113 -1.1568226955627545 -1.0645465687521716 0.3173162165926853 -0.3933261079735258 -1.7430361942595025 0.07342860649052808 
392 1 0.12055563568738795 -0.01643594115618624 0.11732514502600448 -2.090956463902628 -1.0974778531690337 0.6121940981196773 -0.5402247477517417 
393 -1 -0.40947345224854037 -0.3673241732812842 0.11732514502600448 0.0031936930498182867 0.8584992168184881 -0.47483526759379036 0.45106143987038644 
394 -1 2.1346661698439156 1.9134493355318525 1.556125492234219 0.8408537558307969 0.38906472002148285 -0.2936637066415458 0.6870819607327979 
395 -1 3.300730163302958 1.299394929312931 -0.704846481950118 -1.2532964011216496 -1.4495537257667874 -1.0183499504505242 -1.3426945186839407 
396 -1 -0.30346763466135473 -0.2796021152500097 -0.24237494177604912 -0.5203438461882933 -0.35420656657377536 0.24985097621518804 -0.3514083310618125 
397 -1 1.710642899495173 1.0362287552191076 0.4256395051420504 -1.672126432512139 -0.3933261079735258 0.6121940981196773 0.4982655440428687 
398 -1 2.664695257779844 2.527503741750774 1.9158255790362724 0.52673123228793 0.7020210512194863 -0.2936637066415458 0.9703065857676916 
399 1 0.756590541210502 1.299394929312931 1.1450396787461576 0.10790120089744061 0.036988847423728946 -0.2936637066415458 -0.16259191437188336 
400 1 -0.6214850874229118 -0.3673241732812842 -0.3965321218340721 0.4220237244403076 1.1323360066167412 -1.0183499504505242 0.4982655440428687 
401 1 -1.5755374457075828 -1.595432985719127 -1.9894896491003093 0.21260870874506294 -1.1757169359685344 -1.5618646333072579 -1.720327352063799 
402 1 0.01454981810020228 -0.19188005721873522 0.3228680517700351 0.52673123228793 1.484411879214495 1.3368803419286557 1.017510689940174 
403 -1 -0.30346763466135473 -0.45504623131255867 -0.8076179353221333 -1.2532964011216496 -1.0192387703695327 1.3368803419286557 -0.6818370602691886 
404 1 0.43857308844894494 0.4221743490001862 0.3228680517700351 -0.10151381479780404 0.1152279302232298 0.06867941526294344 0.30944912735293956 
405 -1 0.756590541210502 0.5976184650627352 0.3228680517700351 -0.8344663697311604 -0.23684794237452408 -0.656006828546035 0.07342860649052808 
406 1 -0.5154792698357261 -1.244544753594029 -1.1159322954381792 0.52673123228793 0.7411405926192367 -0.11249214568930116 0.07342860649052808 
407 -1 0.6505847236233163 0.5098964070314607 0.6825681385720886 0.10790120089744061 2.305922248609254 0.24985097621518804 1.7727763566998906 
408 -1 -0.0914559994869834 0.15900817490636274 0.06593941833999682 0.52673123228793 0.19346701302273067 -0.11249214568930116 0.21504091900797495 
409 1 -0.5154792698357261 -0.01643594115618624 0.06593941833999682 -1.358003908969272 -0.7062824391715293 0.43102253716743266 -0.25700012271684797 
410 1 -1.6815432632947684 -1.5077109276878524 -1.629789562298256 2.411466373545132 -1.1757169359685344 0.24985097621518804 -1.5315109353738698 
411 -1 1.074607993972059 1.2116728712816567 0.939496772002127 1.4690988029165308 1.210575089416242 0.06867941526294344 0.875898377422727 
412 1 0.2265614532745736 0.4221743490001862 0.4256395051420504 -0.729758861883538 -0.7845215219710301 0.06867941526294344 -0.8234493727866354 
413 -1 1.4986312643208017 1.3871169873442055 1.6075112189202265 0.3173162165926853 1.562650962013996 0.9745372200241664 1.7255722525274082 
414 1 -0.5154792698357261 -0.5427682893438331 -0.34514639514806444 -0.729758861883538 -0.7062824391715293 0.6121940981196773 -0.6818370602691886 
415 1 0.12055563568738795 0.6853405230940096 1.0422682253741422 -1.2532964011216496 -0.6280433563720285 1.3368803419286557 0.07342860649052808 
416 1 -0.40947345224854037 -0.7182124054063821 -0.6020750285781027 0.0031936930498182867 -1.6842709741652901 -0.656006828546035 -1.8619396645812458 
417 -1 -0.0914559994869834 -0.19188005721873522 -0.2937606684620568 -0.3109288304930487 0.2325865544224811 -1.0183499504505242 0.7342860649052801 
418 -1 -0.19746181707416907 -0.8059344634376566 -0.6020750285781027 -0.10151381479780404 -0.5106847321727771 -1.0183499504505242 -0.4458165394067771 
419 -1 -0.6214850874229118 -0.7182124054063821 -0.4479178485200797 -0.10151381479780404 -0.6280433563720285 -1.1995215114027689 -0.4930206435792594 
420 1 0.3325672708617593 0.5976184650627352 0.47702523182805806 0.52673123228793 0.4281842614212333 1.5180519028809003 0.4038573356979041 
421 1 -1.8935548984691397 -1.9463212178442248 -2.19503255584434 1.783221326459398 -1.3321951015675362 -1.9242077552117471 -2.050756081271175 
422 1 0.43857308844894494 0.7730625811252841 1.1450396787461576 0.4220237244403076 2.032085458811001 1.3368803419286557 3.0472871693569124 
423 -1 1.1806138115592446 0.5976184650627352 0.4256395051420504 -0.8344663697311604 -1.0583583117692832 -0.8371783894982796 -0.8234493727866354 
424 1 0.12055563568738795 0.4221743490001862 0.014553691653989167 2.3067588656975095 0.3499451786217324 -0.8371783894982796 0.2622450231804572 
425 -1 -0.40947345224854037 -0.01643594115618624 -0.34514639514806444 1.154976279373664 -1.0192387703695327 -1.1995215114027689 -1.1538781019940114 
426 1 0.43857308844894494 0.5976184650627352 0.7339538652580964 -0.5203438461882933 2.3450417900090046 1.699223463833145 1.8199804608723729 
427 1 -1.2575199929460257 -1.06910063753148 -1.167318022124187 -0.10151381479780404 -0.7454019805712797 -1.1995215114027689 -0.4458165394067771 
428 1 -0.30346763466135473 -0.7182124054063821 -0.3965321218340721 -1.043881385426405 0.8584992168184881 0.43102253716743266 0.6398778565603156 
429 1 0.6505847236233163 1.47483904537548 1.4533540388622035 2.097343850002265 -0.6280433563720285 -0.8371783894982796 -1.4843068312013876 
430 1 0.01454981810020228 0.2467302329376372 0.5797966852000733 -0.6250513540359157 0.2325865544224811 1.155708780976411 0.21504091900797495 
431 -1 1.2866196291464302 0.8607846391565587 0.5284109585140657 -0.9391738775787827 0.2325865544224811 -0.656006828546035 0.9703065857676916 
432 1 -0.9395025401844688 -1.244544753594029 -1.167318022124187 -0.3109288304930487 -1.136597394568784 -0.8371783894982796 -1.0122657894765645 
433 -1 6.268893055744157 5.77321988890793 3.2518544728724716 0.9455612636784193 0.8193796754187376 0.7933656590719218 1.678368148354926 
434 1 0.756590541210502 0.5976184650627352 0.7339538652580964 0.0031936930498182867 -1.0583583117692832 -0.2936637066415458 -0.9178575811316 
435 1 -0.40947345224854037 0.15900817490636274 0.06593941833999682 -0.41563633834067104 -0.43244564937327623 1.5180519028809003 -0.4458165394067771 
436 1 0.8625963587976876 1.1239508132503822 1.4533540388622035 0.6314387401355522 1.4452923378147444 1.155708780976411 0.875898377422727 
437 1 -0.7274909050100974 -0.6304903473751077 -0.704846481950118 1.0502687715260415 0.1152279302232298 0.06867941526294344 -0.587428851924224 
438 1 0.5445789060361306 -0.45504623131255867 -0.19098921509004146 -0.20622132264542636 -1.1757169359685344 0.24985097621518804 -1.4843068312013876 
439 -1 0.43857308844894494 -0.01643594115618624 -0.1396034884040338 -0.8344663697311604 -1.1757169359685344 -0.2936637066415458 -0.6818370602691886 
440 -1 -0.9395025401844688 -0.9813785795002056 -0.9617751153801563 1.154976279373664 -0.1194893181752728 0.24985097621518804 -0.587428851924224 
441 -1 0.43857308844894494 0.5976184650627352 0.631182411886081 0.21260870874506294 -0.3150870251740249 -0.656006828546035 0.12063271066301037 
442 -1 0.01454981810020228 -0.01643594115618624 -0.3965321218340721 -1.1485888932740274 -0.3150870251740249 0.43102253716743266 -0.020979601854436498 
443 1 -0.6214850874229118 -0.6304903473751077 -0.2937606684620568 -0.20622132264542636 0.036988847423728946 -0.8371783894982796 -0.30420422688933024 
444 -1 0.756590541210502 0.5976184650627352 0.5284109585140657 -0.41563633834067104 -0.43244564937327623 0.06867941526294344 -0.020979601854436498 
445 1 0.3325672708617593 0.5098964070314607 0.939496772002127 -0.10151381479780404 0.6629015098197358 0.06867941526294344 0.6870819607327979 
446 -1 -1.4695316281203972 -1.770877101781676 -1.6811752889842635 -0.8344663697311604 -1.8407491397642919 -1.1995215114027689 -1.6259191437188345 
447 1 -0.0914559994869834 0.15900817490636274 0.5797966852000733 -0.20622132264542636 -0.0021306939760214897 1.3368803419286557 0.4038573356979041 
448 -1 1.074607993972059 1.0362287552191076 0.631182411886081 -0.9391738775787827 0.15434747162298024 -0.47483526759379036 0.9231024815952094 
449 -1 0.9686021763848733 0.5976184650627352 -0.1396034884040338 0.3173162165926853 -1.136597394568784 -1.0183499504505242 -1.1066739978215292 
450 -1 -0.5154792698357261 -1.244544753594029 -0.9103893886941486 -0.8344663697311604 -1.4495537257667874 -0.656006828546035 -0.9178575811316 
451 -1 0.756590541210502 0.6853405230940096 0.8367253186301117 -1.043881385426405 -0.23684794237452408 0.6121940981196773 0.07342860649052808 
452 1 0.43857308844894494 0.6853405230940096 0.8881110453161193 0.3173162165926853 2.0712050002107514 1.3368803419286557 1.678368148354926 
453 1 -0.19746181707416907 -0.3673241732812842 -0.1396034884040338 0.0031936930498182867 0.3499451786217324 0.9745372200241664 0.02622450231804579 
454 -1 -1.15151417535884 -1.4199888696565781 -1.3728609288682176 -1.4627114168168944 -1.762510056964791 -1.3806930723550133 -1.4843068312013876 
455 -1 -0.0914559994869834 0.07128611687508825 0.06593941833999682 0.4220237244403076 -0.43244564937327623 -0.656006828546035 -0.5402247477517417 
456 1 -0.6214850874229118 -0.45504623131255867 -0.5506893018920951 0.52673123228793 -1.0974778531690337 -0.656006828546035 -1.8147355604087636 
457 -1 -0.6214850874229118 -0.8936565214689312 -0.8076179353221333 0.9455612636784193 -0.35420656657377536 -0.656006828546035 -0.4458165394067771 
458 -1 0.43857308844894494 0.5098964070314607 0.2714823250840274 0.52673123228793 0.1152279302232298 -0.656006828546035 0.2622450231804572 
