id label data 
0 -1 0.3085153298000506 -0.13025220501876913 -0.32208049765620433 -0.7121620815761573 -0.17155674035445467 -0.8767425427548758 0.07869505042810791 
1 1 0.09508874897379123 0.31064574559786035 0.5052574438573201 0.6381623991244892 0.25471785711092076 1.313324543636892 0.41051551896552335 
2 -1 0.7353684914525693 0.8397232863378158 0.7638005505802965 0.22267794352429032 0.6809924545762961 0.7658077720389501 1.5007827727313168 
3 -1 -0.11833783185246813 -0.21843179514209504 -0.5806236043791807 0.22267794352429032 -0.9078492268855577 -1.0592481332875232 -0.5375429625699493 
4 -1 -0.7586175743312462 -0.5711501556353986 -0.7357494684129666 -0.6082909676761076 -0.28781344875410253 -0.32922577115693386 0.12609797450488155 
5 1 -1.1854707359837648 -0.9238685161287022 -0.9425839537913477 0.11880682962424059 -0.5590791016866141 -0.32922577115693386 -1.1537809755680064 
6 1 -1.5056106072231539 -1.8938440074852871 -1.563087409926491 -0.8160331954762071 -1.6828939495498765 -0.6942369522222286 -1.9122277607963847 
7 -1 -0.011624541439338451 -0.04207261489544324 0.35013157982353427 -0.19280651207590863 1.2235237604413194 0.5833021815063028 1.1215593801171277 
8 -1 -0.33176441267872747 -0.5711501556353986 -0.7357494684129666 -1.7508732205766548 -2.147920783148468 -0.8767425427548758 -1.9596306848731582 
9 1 -2.0391770592888023 -2.070203187731939 -2.1835908660616346 2.0923579937251855 -0.9853536991519896 -1.7892704954181124 -1.8174219126428373 
10 -1 1.0555083626919584 0.575184515967838 0.4018402011681296 -0.8160331954762071 -0.9853536991519896 -0.32922577115693386 -0.6797517348002702 
11 1 1.0555083626919584 1.0160824665844677 1.4360126280600352 -0.0889353981758589 1.5335416495070469 0.9483133625715975 1.4533798486545433 
12 -1 -0.2250511222655978 -0.21843179514209504 0.2467143371343437 0.8459046269245888 0.4484790377770005 -1.424259314352818 0.8845447597332596 
13 1 0.9487950722788286 0.663364106091164 1.022343657303273 0.11880682962424059 2.6186042612370937 1.8608413152348342 1.8326032412687323 
14 -1 -0.2250511222655978 -0.6593297457587246 -0.6840408470683713 -1.8547443344767045 -1.334123824350933 -0.6942369522222286 -1.106378051491233 
15 -1 0.09508874897379123 -0.39479097538874686 -0.632332225723776 -1.3353887649764558 -1.450380532750581 0.21829100044100813 -0.7745575829538175 
16 1 -1.825750478462543 -2.158382777855265 -2.0284650020278487 0.3265490574243401 -1.0628581714184213 -0.8767425427548758 -1.7700189885660638 
17 -1 1.9092146859969958 1.545160007324423 0.9189264146140823 -0.5044198537760579 -0.44282239328696626 -0.6942369522222286 0.12609797450488155 
18 1 0.3085153298000506 0.22246615547453447 0.19500571578974843 -0.29667762597595837 1.2235237604413194 1.1308189531042447 0.6949330634261651 
19 1 -0.011624541439338451 -0.13025220501876913 -0.5289149830345855 0.6381623991244892 0.797249162975944 2.2258524963001287 0.3631125948887497 
20 1 -0.8653308647443759 -0.9238685161287022 -0.2703718763116091 -2.6857132456771025 -1.1791148798180693 1.6783357247021868 -0.3953341903396284 
21 -1 1.162221653105088 1.4569804172010972 1.0740522786478681 0.6381623991244892 0.9522581075088078 0.0357854099083608 0.6001272152726179 
22 -1 0.3085153298000506 -0.13025220501876913 -0.32208049765620433 -0.0889353981758589 -0.3653179210205344 -1.0592481332875232 0.17350089858165518 
23 -1 -0.2250511222655978 0.31064574559786035 -0.37378911900079964 0.014935715724190843 -0.17155674035445467 0.0357854099083608 -0.016110797725439347 
24 1 1.162221653105088 1.633339597447749 1.953098841505988 1.0536468547246882 1.9598162469724223 1.6783357247021868 1.5955886208848642 
25 1 1.3756482339313474 2.426955908557682 3.1423971324316793 2.819455791025534 3.3161445116349806 1.313324543636892 2.259229557959695 
26 -1 1.482361524344477 2.0742375480643784 2.2633505695735594 1.6768735381249866 1.1072670520416716 0.40079659097365544 1.0741564560403543 
27 -1 0.41522862021318024 -0.21843179514209504 -0.16695463362241852 0.014935715724190843 0.8360013991091599 0.40079659097365544 1.0741564560403543 
28 -1 0.8420817818656989 1.1042620567077934 0.660383307891106 0.014935715724190843 0.09970891257805696 0.0357854099083608 0.7897389115797124 
29 -1 0.7353684914525693 0.3988253357211863 0.19500571578974843 -0.5044198537760579 0.5259835100434324 -0.8767425427548758 1.2163652282706752 
30 1 -0.2250511222655978 0.04610697522788266 0.5052574438573201 -0.8160331954762071 0.17721338484448884 0.9483133625715975 -0.15831956995576024 
31 1 0.6286552010394396 1.3688008270777712 1.3325953853708445 1.0536468547246882 0.2934700932441367 2.0433469057674816 0.26830674673520244 
32 -1 0.3085153298000506 -0.04207261489544324 -0.37378911900079964 -1.9586154483767542 -1.295371588217717 -0.14672018062428654 -0.7745575829538175 
33 -1 1.802501395583866 1.4569804172010972 0.9189264146140823 -0.29667762597595837 0.17721338484448884 -0.6942369522222286 0.6475301393493915 
34 -1 0.7353684914525693 0.663364106091164 0.5569660652019154 0.5342912852244396 0.8360013991091599 -0.6942369522222286 0.837141835656486 
35 1 -0.8653308647443759 -0.9238685161287022 -0.9425839537913477 -0.9199043093762568 -0.7528402823526938 -0.14672018062428654 -0.7271546588770438 
36 1 2.015927976410125 1.4569804172010972 0.4535488225127248 0.8459046269245888 -0.5978313378198301 -1.2417537238201706 -0.15831956995576024 
37 1 -0.2250511222655978 -0.21843179514209504 -0.16695463362241852 0.742033513024539 1.6885505940399108 1.1308189531042447 0.41051551896552335 
38 -1 0.2018020393869209 0.31064574559786035 0.4535488225127248 0.5342912852244396 -0.636583573953046 -0.8767425427548758 -0.584945886646723 
39 1 -0.6519042839181165 -0.7475093358820505 -0.6840408470683713 -0.19280651207590863 0.7584969268427281 0.5833021815063028 0.17350089858165518 
40 -1 0.09508874897379123 -0.04207261489544324 -0.32208049765620433 -0.0889353981758589 -0.44282239328696626 -0.8767425427548758 -0.30052834218608115 
41 1 -1.1854707359837648 -0.9238685161287022 -1.0977098178251337 1.157517968624738 -0.636583573953046 -0.14672018062428654 -1.106378051491233 
42 1 -0.011624541439338451 0.3988253357211863 0.5569660652019154 1.3652601964248374 2.1535774276385022 1.313324543636892 1.5481856968080905 
43 -1 0.5219419106263099 0.13428656535120856 0.298422958478939 -0.5044198537760579 -0.7528402823526938 -0.6942369522222286 -0.15831956995576024 
44 1 -1.3988973168100243 -1.4529460568686576 -1.6147960312710863 0.8459046269245888 1.494789413373831 -0.32922577115693386 -1.4381985200286482 
45 1 -0.33176441267872747 0.31064574559786035 -0.32208049765620433 -0.5044198537760579 -0.7528402823526938 0.9483133625715975 -0.7745575829538175 
46 1 -1.825750478462543 -1.8056644173619614 -1.4596701672373005 0.22267794352429032 -0.675335810086262 -1.6067649048854653 -1.6278102163357429 
47 -1 0.6286552010394396 0.663364106091164 0.4018402011681296 -0.19280651207590863 -0.1328045042212387 -0.5117313616895812 0.07869505042810791 
48 1 -0.33176441267872747 0.22246615547453447 0.4535488225127248 -1.9586154483767542 -0.8690969907523417 1.8608413152348342 -0.34793126626285475 
49 -1 -0.4384777030918572 -0.48297056551207274 -0.5289149830345855 0.4304201713243898 0.25471785711092076 -1.0592481332875232 0.3157096708119761 
50 -1 0.6286552010394396 0.31064574559786035 0.298422958478939 -0.8160331954762071 -0.5590791016866141 -0.8767425427548758 -0.11091664587898661 
51 1 0.6286552010394396 0.9279028764611417 1.38430400671544 -0.8160331954762071 -0.09405226808802278 1.8608413152348342 0.6001272152726179 
52 -1 1.2689349435182178 0.575184515967838 0.2467143371343437 -2.2702287900769034 -1.1016104075516373 1.1308189531042447 -0.49014003849317567 
53 -1 -1.2921840263968947 -1.5411256469919836 -1.511378788581896 -2.581842131777053 -1.8766551302159562 -1.2417537238201706 -1.485601444105422 
54 -1 -0.6519042839181165 -0.39479097538874686 -0.11524601227782325 -1.0237754232763066 0.7584969268427281 -0.6942369522222286 1.5481856968080905 
55 -1 -0.33176441267872747 0.04610697522788266 -0.2186632549670138 0.3265490574243401 0.1384611487112729 -0.8767425427548758 0.3631125948887497 
56 1 -0.11833783185246813 -0.39479097538874686 -0.06353739093322797 0.6381623991244892 2.2310818999049338 0.21829100044100813 1.6903944690384114 
57 1 -1.7190371880494133 -1.1884072864986799 -1.4596701672373005 0.9497757408246386 -0.17155674035445467 -1.0592481332875232 -1.106378051491233 
58 1 0.09508874897379123 0.3988253357211863 0.7120919292357012 0.11880682962424059 0.9910103436420237 0.40079659097365544 0.6949330634261651 
59 1 -1.2921840263968947 -1.1884072864986799 -1.0460011964805382 -0.40054873987600814 0.37097456551056857 -1.6067649048854653 -0.3953341903396284 
60 -1 1.162221653105088 1.8978783678177267 1.8496815988167974 1.6768735381249866 1.417284941107399 0.21829100044100813 1.880006165345506 
61 -1 1.0555083626919584 0.9279028764611417 0.7120919292357012 -0.7121620815761573 -0.44282239328696626 -0.6942369522222286 0.17350089858165518 
62 -1 -0.4384777030918572 -0.48297056551207274 -0.16695463362241852 -0.29667762597595837 0.5647357461766483 -1.424259314352818 1.5007827727313168 
63 -1 0.09508874897379123 0.13428656535120856 0.35013157982353427 -0.19280651207590863 -0.17155674035445467 0.0357854099083608 0.41051551896552335 
64 -1 -0.33176441267872747 -0.5711501556353986 -0.6840408470683713 -1.3353887649764558 0.022204440311625065 -0.14672018062428654 0.979350607886807 
65 1 -0.6519042839181165 -0.5711501556353986 -0.632332225723776 0.742033513024539 0.7197446907095121 0.40079659097365544 -0.016110797725439347 
66 1 -0.2250511222655978 0.04610697522788266 0.2467143371343437 0.4304201713243898 0.7197446907095121 -1.2417537238201706 0.41051551896552335 
67 1 1.6957881051707364 1.8096987776944007 2.2633505695735594 0.9497757408246386 1.494789413373831 0.0357854099083608 1.358574000500996 
68 -1 2.015927976410125 1.721519187571075 1.2808867640262493 -1.0237754232763066 -0.44282239328696626 -0.6942369522222286 0.3157096708119761 
69 1 -0.9720441551575055 -0.6593297457587246 -0.8391667111021571 1.157517968624738 0.09970891257805696 0.0357854099083608 -0.34793126626285475 
70 -1 0.3085153298000506 -0.04207261489544324 -0.4254977403453949 -0.9199043093762568 -2.070416310882036 -1.6067649048854653 -1.7700189885660638 
71 1 -0.011624541439338451 0.04610697522788266 -0.16695463362241852 0.6381623991244892 1.0297625797752397 0.5833021815063028 0.45791844304229695 
72 -1 -0.4384777030918572 -0.6593297457587246 -0.6840408470683713 -0.19280651207590863 -0.5203268655533981 -1.0592481332875232 0.12609797450488155 
73 -1 0.7353684914525693 0.575184515967838 0.19500571578974843 -1.5431309927765553 -0.48157462942018225 0.0357854099083608 0.031292126351334285 
74 -1 -0.7586175743312462 -0.306611385265421 -0.32208049765620433 -0.29667762597595837 -0.28781344875410253 -1.6067649048854653 0.5527242911958442 
75 1 -0.5451909935049868 -1.1002276963753541 -0.6840408470683713 -2.581842131777053 -1.0628581714184213 1.4958301341695395 -0.584945886646723 
76 1 0.41522862021318024 0.7515436962144899 0.9189264146140823 0.5342912852244396 1.494789413373831 1.1308189531042447 1.0267535319635805 
77 -1 0.2018020393869209 0.3988253357211863 1.4877212494046304 -0.19280651207590863 1.1460192881748874 0.5833021815063028 2.164423709806148 
78 -1 0.2018020393869209 0.04610697522788266 0.14329709444515315 0.014935715724190843 -1.0628581714184213 -0.6942369522222286 -0.964169279260912 
79 -1 2.1226412668232553 1.633339597447749 1.3325953853708445 -1.231517651076406 -0.24906121262088657 -0.32922577115693386 0.41051551896552335 
80 -1 -0.2250511222655978 0.22246615547453447 0.35013157982353427 0.11880682962424059 -0.44282239328696626 0.40079659097365544 -0.06351372180221297 
81 1 -0.5451909935049868 -0.21843179514209504 -0.011828769588632682 0.8459046269245888 -0.28781344875410253 0.9483133625715975 -0.6323488107234966 
82 1 0.3085153298000506 0.3988253357211863 1.0740522786478681 -0.7121620815761573 0.1384611487112729 2.5908636773654234 0.26830674673520244 
83 1 -0.2250511222655978 0.13428656535120856 -0.011828769588632682 1.9884868798251358 0.797249162975944 1.8608413152348342 0.07869505042810791 
84 -1 -0.011624541439338451 0.22246615547453447 0.09158847310055787 -0.19280651207590863 -0.28781344875410253 0.0357854099083608 -0.06351372180221297 
85 1 0.2018020393869209 0.31064574559786035 0.4535488225127248 0.742033513024539 1.3010282327077514 1.4958301341695395 0.6001272152726179 
86 -1 0.09508874897379123 0.31064574559786035 0.14329709444515315 0.8459046269245888 0.797249162975944 -0.5117313616895812 0.45791844304229695 
87 1 0.2018020393869209 -0.21843179514209504 0.19500571578974843 -0.29667762597595837 1.6110461217734788 0.5833021815063028 1.0741564560403543 
88 1 -1.2921840263968947 -0.48297056551207274 -0.632332225723776 0.6381623991244892 0.6809924545762961 -0.14672018062428654 -0.20572249403253387 
89 1 -0.9720441551575055 -0.7475093358820505 -0.4772063616899902 -1.1276465371763562 -0.636583573953046 0.9483133625715975 -0.584945886646723 
90 1 -0.11833783185246813 0.04610697522788266 0.35013157982353427 -1.9586154483767542 -0.9078492268855577 1.6783357247021868 -0.3953341903396284 
91 1 0.5219419106263099 0.31064574559786035 0.5052574438573201 0.3265490574243401 1.3785327049741831 2.0433469057674816 0.6475301393493915 
92 -1 0.5219419106263099 0.663364106091164 0.2467143371343437 0.5342912852244396 -0.5203268655533981 0.21829100044100813 -0.6323488107234966 
93 1 -1.2921840263968947 -1.5411256469919836 -1.511378788581896 -0.19280651207590863 0.4097268016437845 0.0357854099083608 0.6001272152726179 
94 -1 0.7353684914525693 0.575184515967838 0.298422958478939 0.014935715724190843 -0.24906121262088657 -0.8767425427548758 -0.15831956995576024 
95 -1 1.802501395583866 1.2806212369544454 1.0740522786478681 0.3265490574243401 -0.1328045042212387 -0.6942369522222286 0.3157096708119761 
96 -1 0.2018020393869209 -0.21843179514209504 -0.2186632549670138 -1.1276465371763562 -0.2103089764876706 -0.6942369522222286 0.2209038226584288 
97 1 0.7353684914525693 0.7515436962144899 1.0740522786478681 0.6381623991244892 1.8048073024395586 1.6783357247021868 1.5007827727313168 
98 1 0.6286552010394396 0.663364106091164 1.1774695213370587 -0.5044198537760579 1.2235237604413194 1.6783357247021868 1.5007827727313168 
99 -1 1.2689349435182178 0.8397232863378158 1.022343657303273 -0.5044198537760579 -0.28781344875410253 -0.14672018062428654 0.3157096708119761 
100 -1 0.41522862021318024 0.48700492584451216 0.19500571578974843 0.6381623991244892 0.09970891257805696 -0.5117313616895812 -0.584945886646723 
101 -1 -0.11833783185246813 -0.04207261489544324 0.0398798517559626 -0.19280651207590863 0.7584969268427281 0.5833021815063028 0.6949330634261651 
102 1 -0.8653308647443759 -1.1884072864986799 -1.1494184391697289 -0.40054873987600814 0.2934700932441367 -0.14672018062428654 -0.20572249403253387 
103 -1 -0.11833783185246813 0.04610697522788266 0.09158847310055787 0.11880682962424059 -0.24906121262088657 1.4958301341695395 -0.016110797725439347 
104 -1 -1.1854707359837648 -1.0120481062520281 -0.9425839537913477 0.6381623991244892 -0.5203268655533981 -0.6942369522222286 -0.7271546588770438 
105 -1 1.0555083626919584 0.663364106091164 0.298422958478939 -1.1276465371763562 -0.44282239328696626 0.0357854099083608 -0.15831956995576024 
106 1 -0.8653308647443759 -0.39479097538874686 -0.5289149830345855 2.5078424493253846 0.4484790377770005 0.7658077720389501 -0.30052834218608115 
107 -1 0.5219419106263099 0.575184515967838 0.8155091719248918 0.11880682962424059 0.9910103436420237 1.313324543636892 1.5007827727313168 
108 -1 1.802501395583866 1.633339597447749 1.3325953853708445 -0.29667762597595837 0.25471785711092076 -0.6942369522222286 0.6949330634261651 
109 -1 -0.4384777030918572 -0.21843179514209504 0.19500571578974843 -0.19280651207590863 0.6422402184430802 0.21829100044100813 0.6475301393493915 
110 1 0.2018020393869209 0.9279028764611417 1.2808867640262493 1.3652601964248374 2.192329663771718 0.5833021815063028 1.2637681523474487 
111 -1 -1.0787574455706352 -1.1002276963753541 -1.0977098178251337 -0.40054873987600814 -0.32656568488731846 -1.6067649048854653 0.07869505042810791 
112 1 -1.7190371880494133 -1.8056644173619614 -2.0284650020278487 0.3265490574243401 -1.5278850050170127 -1.6067649048854653 -2.0544365330267054 
113 1 0.3085153298000506 0.3988253357211863 0.4018402011681296 0.5342912852244396 1.1460192881748874 0.7658077720389501 0.8845447597332596 
114 1 -0.9720441551575055 -0.9238685161287022 -1.201127060514324 0.22267794352429032 -0.17155674035445467 -0.8767425427548758 -0.30052834218608115 
115 1 0.5219419106263099 1.1042620567077934 1.0740522786478681 0.9497757408246386 0.17721338484448884 1.4958301341695395 -0.016110797725439347 
116 1 0.41522862021318024 0.3988253357211863 0.5052574438573201 0.3265490574243401 0.37097456551056857 1.1308189531042447 0.3157096708119761 
117 1 0.41522862021318024 0.3988253357211863 0.7120919292357012 0.5342912852244396 2.114825191505286 1.313324543636892 1.4533798486545433 
118 -1 -0.011624541439338451 -0.13025220501876913 0.14329709444515315 -0.40054873987600814 0.9522581075088078 0.0357854099083608 0.9319476838100332 
119 -1 1.5890748147576068 0.575184515967838 0.2467143371343437 -1.5431309927765553 -0.9853536991519896 1.8608413152348342 -0.5375429625699493 
120 -1 1.482361524344477 1.633339597447749 1.1774695213370587 -1.3353887649764558 -0.44282239328696626 0.0357854099083608 0.26830674673520244 
121 -1 -0.011624541439338451 -0.48297056551207274 -0.5806236043791807 -1.1276465371763562 0.25471785711092076 -0.6942369522222286 0.837141835656486 
122 1 0.6286552010394396 1.2806212369544454 1.5394298707492258 -0.0889353981758589 1.8048073024395586 2.0433469057674816 1.1689623041939015 
123 -1 -0.4384777030918572 -0.39479097538874686 -0.2703718763116091 -0.7121620815761573 -0.01654779582159088 -0.14672018062428654 -0.20572249403253387 
124 1 0.8420817818656989 1.2806212369544454 1.5394298707492258 1.3652601964248374 1.7273028301731266 1.4958301341695395 1.0267535319635805 
125 -1 0.8420817818656989 0.48700492584451216 0.35013157982353427 -0.6082909676761076 -0.48157462942018225 -0.6942369522222286 -0.06351372180221297 
126 1 -0.8653308647443759 -0.48297056551207274 -0.06353739093322797 -2.2702287900769034 -1.295371588217717 1.1308189531042447 -0.6797517348002702 
127 1 0.3085153298000506 0.22246615547453447 0.4018402011681296 0.4304201713243898 0.33222232937735263 1.313324543636892 -0.2531254181093075 
128 1 -0.6519042839181165 -0.48297056551207274 -0.32208049765620433 0.6381623991244892 0.9135058713755918 0.40079659097365544 0.3631125948887497 
129 1 -1.0787574455706352 -1.5411256469919836 -1.4079615458927053 0.22267794352429032 -0.48157462942018225 -1.2417537238201706 -1.2011838996447801 
130 1 -0.8653308647443759 -0.7475093358820505 -1.4079615458927053 1.7807446520250365 0.5647357461766483 -1.6067649048854653 -0.15831956995576024 
131 -1 -0.011624541439338451 -0.306611385265421 -0.4254977403453949 -1.3353887649764558 -1.1791148798180693 -0.5117313616895812 -0.8219605070305911 
132 -1 1.0555083626919584 0.663364106091164 0.8672177932694871 -0.6082909676761076 0.09970891257805696 -1.0592481332875232 0.45791844304229695 
133 1 -0.4384777030918572 -0.39479097538874686 -0.32208049765620433 -1.9586154483767542 -0.7528402823526938 1.313324543636892 -0.20572249403253387 
134 1 -1.6123238976362837 -1.3647664667453319 -1.563087409926491 1.3652601964248374 -1.0241059352852055 -1.6067649048854653 -1.8174219126428373 
135 1 -1.825750478462543 -1.7174848272386354 -1.8216305166494675 0.742033513024539 -0.9078492268855577 -0.32922577115693386 -1.6278102163357429 
136 -1 1.802501395583866 1.8978783678177267 1.953098841505988 0.6381623991244892 1.8435595385727745 -0.6942369522222286 1.9274090894222795 
137 1 -0.011624541439338451 0.3988253357211863 0.4535488225127248 0.4304201713243898 0.33222232937735263 0.21829100044100813 0.5053213671190706 
138 -1 -0.2250511222655978 0.04610697522788266 -0.11524601227782325 -0.0889353981758589 -0.17155674035445467 -0.32922577115693386 -0.30052834218608115 
139 1 -1.0787574455706352 -1.8056644173619614 -1.769921895304872 -0.19280651207590863 -1.334123824350933 -1.7892704954181124 -1.343392671875101 
140 1 0.2018020393869209 0.13428656535120856 0.19500571578974843 0.22267794352429032 1.494789413373831 0.21829100044100813 1.0267535319635805 
141 1 0.9487950722788286 1.0160824665844677 1.5394298707492258 1.0536468547246882 1.6110461217734788 1.4958301341695395 1.0741564560403543 
142 1 -2.145890349701932 -2.158382777855265 -2.2352994874062295 -0.29667762597595837 -1.1016104075516373 -2.3367872670160543 -1.72261606448929 
143 -1 0.3085153298000506 0.13428656535120856 0.660383307891106 -0.6082909676761076 0.5647357461766483 -1.0592481332875232 1.5955886208848642 
144 1 -0.2250511222655978 -0.04207261489544324 0.5052574438573201 -1.9586154483767542 -0.675335810086262 1.313324543636892 0.2209038226584288 
145 -1 0.09508874897379123 -0.04207261489544324 0.298422958478939 -0.6082909676761076 -0.01654779582159088 -0.14672018062428654 -0.016110797725439347 
146 1 -1.2921840263968947 -1.0120481062520281 -1.2528356818589195 2.1962291076252356 -0.2103089764876706 -1.0592481332875232 -0.6323488107234966 
147 1 -0.2250511222655978 -0.48297056551207274 -0.6840408470683713 -0.19280651207590863 -0.9466014630187736 -0.8767425427548758 -0.5375429625699493 
148 1 -1.2921840263968947 -1.0120481062520281 -0.9942925751359429 1.573002424224937 -0.5590791016866141 0.21829100044100813 -1.2485868237215538 
149 -1 4.043480494259589 4.543266071517504 4.073152316634395 2.5078424493253846 3.1611355671021166 0.21829100044100813 3.8709289765699983 
150 1 1.2689349435182178 1.4569804172010972 1.7979729774722022 -0.19280651207590863 1.0685148159084557 0.40079659097365544 2.259229557959695 
151 1 0.2018020393869209 0.575184515967838 1.229178142681654 1.7807446520250365 1.0685148159084557 0.40079659097365544 0.12609797450488155 
152 -1 0.09508874897379123 0.13428656535120856 0.19500571578974843 -0.5044198537760579 0.9522581075088078 0.7658077720389501 0.837141835656486 
153 1 -0.33176441267872747 0.04610697522788266 0.35013157982353427 -1.1276465371763562 -0.8690969907523417 0.9483133625715975 -0.34793126626285475 
154 1 -1.1854707359837648 -1.1002276963753541 -1.1494184391697289 0.5342912852244396 0.1384611487112729 -0.32922577115693386 -0.584945886646723 
155 1 0.7353684914525693 1.2806212369544454 1.38430400671544 0.8459046269245888 1.7273028301731266 1.4958301341695395 1.2163652282706752 
156 1 -0.8653308647443759 -0.8356889260053764 -0.7357494684129666 -0.5044198537760579 -1.0241059352852055 1.313324543636892 -0.8693634311073647 
157 -1 -0.11833783185246813 0.22246615547453447 -0.011828769588632682 1.0536468547246882 0.5259835100434324 -1.0592481332875232 0.45791844304229695 
158 1 -1.5056106072231539 -1.2765868766220059 -1.3045443032035147 0.742033513024539 -0.675335810086262 0.21829100044100813 -1.2485868237215538 
159 -1 -0.5451909935049868 -0.6593297457587246 -0.5806236043791807 -1.9586154483767542 -1.0241059352852055 -0.5117313616895812 -0.34793126626285475 
160 1 -1.7190371880494133 -2.2465623679785907 -2.287008108750825 0.6381623991244892 -1.1403626436848533 -1.6067649048854653 -1.72261606448929 
161 -1 0.9487950722788286 0.8397232863378158 0.8672177932694871 -0.5044198537760579 0.37097456551056857 -0.5117313616895812 0.6001272152726179 
162 1 -0.4384777030918572 -0.21843179514209504 -0.06353739093322797 -1.5431309927765553 0.7584969268427281 1.1308189531042447 1.2637681523474487 
163 -1 -0.2250511222655978 -0.39479097538874686 -0.632332225723776 -0.40054873987600814 -0.7915925184859098 -0.5117313616895812 -0.964169279260912 
164 1 -0.33176441267872747 -0.48297056551207274 -0.632332225723776 1.4691313103248873 -0.01654779582159088 -1.6067649048854653 -0.20572249403253387 
165 -1 0.8420817818656989 0.48700492584451216 0.2467143371343437 -1.4392598788765056 -0.7140880462194779 -1.0592481332875232 0.031292126351334285 
166 1 -1.0787574455706352 -0.6593297457587246 -0.5289149830345855 0.014935715724190843 -1.2178671159512853 -0.8767425427548758 -1.4381985200286482 
167 -1 2.015927976410125 1.8978783678177267 1.6428471134384162 0.014935715724190843 0.6034879823098642 0.40079659097365544 0.9319476838100332 
168 1 -0.4384777030918572 -0.7475093358820505 -0.6840408470683713 -0.5044198537760579 -0.7140880462194779 0.7658077720389501 -0.964169279260912 
169 1 0.5219419106263099 0.7515436962144899 1.1774695213370587 0.4304201713243898 1.7273028301731266 0.40079659097365544 0.979350607886807 
170 1 -1.825750478462543 -2.070203187731939 -1.9767563806832533 0.5342912852244396 -1.1403626436848533 -1.0592481332875232 -1.5804072922589691 
171 1 -0.2250511222655978 0.04610697522788266 0.4018402011681296 -0.19280651207590863 1.0685148159084557 0.40079659097365544 0.6001272152726179 
172 -1 -0.4384777030918572 -0.5711501556353986 -0.4254977403453949 0.11880682962424059 0.33222232937735263 -1.424259314352818 0.5053213671190706 
173 1 0.3085153298000506 0.9279028764611417 1.1257608999924635 0.5342912852244396 1.1460192881748874 0.7658077720389501 1.358574000500996 
174 -1 0.6286552010394396 0.3988253357211863 0.14329709444515315 -0.9199043093762568 -0.48157462942018225 -0.32922577115693386 -0.2531254181093075 
175 1 -0.4384777030918572 -0.6593297457587246 -0.6840408470683713 1.0536468547246882 -0.44282239328696626 -0.6942369522222286 0.17350089858165518 
176 1 0.2018020393869209 0.48700492584451216 0.6086746865465107 -0.19280651207590863 0.5259835100434324 2.0433469057674816 0.9319476838100332 
177 1 0.5219419106263099 0.663364106091164 0.6086746865465107 0.3265490574243401 1.494789413373831 1.8608413152348342 1.0741564560403543 
178 -1 1.162221653105088 0.9279028764611417 1.0740522786478681 -1.231517651076406 -0.32656568488731846 0.0357854099083608 0.6475301393493915 
179 -1 -1.2921840263968947 -1.4529460568686576 -1.2528356818589195 -0.7121620815761573 -1.411628296617365 -0.8767425427548758 -1.343392671875101 
180 -1 0.3085153298000506 0.31064574559786035 0.660383307891106 0.11880682962424059 0.5647357461766483 -0.5117313616895812 1.358574000500996 
181 1 -1.825750478462543 -1.9820235976086131 -2.0284650020278487 2.0923579937251855 -1.0628581714184213 -1.6067649048854653 -1.9122277607963847 
182 1 -2.145890349701932 -1.8938440074852871 -2.0284650020278487 1.6768735381249866 -1.334123824350933 -0.5117313616895812 -1.9596306848731582 
183 1 -0.2250511222655978 -0.04207261489544324 0.5052574438573201 -1.647002106676605 -0.8303447546191257 0.5833021815063028 -0.30052834218608115 
184 -1 -0.4384777030918572 -0.13025220501876913 0.14329709444515315 0.22267794352429032 1.1460192881748874 0.0357854099083608 0.6949330634261651 
185 -1 -0.11833783185246813 -0.13025220501876913 0.0398798517559626 -0.0889353981758589 0.4872312739102164 0.40079659097365544 0.26830674673520244 
186 -1 0.8420817818656989 0.663364106091164 0.6086746865465107 -0.0889353981758589 -0.28781344875410253 -0.6942369522222286 0.26830674673520244 
187 -1 0.6286552010394396 0.7515436962144899 0.19500571578974843 -1.231517651076406 -0.5978313378198301 1.1308189531042447 -0.06351372180221297 
188 -1 2.6562077188889033 2.2505967283110304 1.6945557347830116 -0.0889353981758589 -0.5978313378198301 -0.8767425427548758 -0.30052834218608115 
189 -1 -0.011624541439338451 0.04610697522788266 -0.011828769588632682 0.11880682962424059 -0.7528402823526938 -0.6942369522222286 -0.7745575829538175 
190 1 -0.8653308647443759 -0.48297056551207274 -0.632332225723776 1.2613890825247878 0.6422402184430802 -0.32922577115693386 -0.11091664587898661 
191 1 -0.9720441551575055 -0.5711501556353986 -0.6840408470683713 0.8459046269245888 0.2934700932441367 -1.2417537238201706 -0.49014003849317567 
192 -1 0.5219419106263099 0.3988253357211863 0.35013157982353427 0.11880682962424059 0.25471785711092076 -0.5117313616895812 0.5053213671190706 
193 -1 -1.3988973168100243 -1.2765868766220059 -1.4079615458927053 -0.19280651207590863 -0.9466014630187736 -1.9717760859507598 -1.0589751274144592 
194 1 -1.1854707359837648 -0.5711501556353986 -0.2186632549670138 -1.0237754232763066 -1.1016104075516373 1.8608413152348342 -0.3953341903396284 
195 1 1.3756482339313474 1.633339597447749 2.1082247055397736 0.9497757408246386 1.8435595385727745 0.7658077720389501 1.358574000500996 
196 -1 -0.11833783185246813 0.04610697522788266 0.2467143371343437 -0.6082909676761076 -0.636583573953046 0.5833021815063028 -0.34793126626285475 
197 -1 0.09508874897379123 -0.04207261489544324 0.5569660652019154 -0.8160331954762071 -0.01654779582159088 0.0357854099083608 0.12609797450488155 
198 -1 0.7353684914525693 0.48700492584451216 0.14329709444515315 -0.0889353981758589 -0.24906121262088657 0.0357854099083608 -0.20572249403253387 
199 1 0.8420817818656989 1.0160824665844677 1.0740522786478681 0.742033513024539 2.3860908444377977 1.313324543636892 1.6903944690384114 
200 1 -0.7586175743312462 -1.0120481062520281 -1.0977098178251337 0.4304201713243898 -0.9078492268855577 -1.0592481332875232 -0.964169279260912 
201 -1 -0.2250511222655978 -0.306611385265421 -0.8391667111021571 2.5078424493253846 -0.09405226808802278 0.21829100044100813 -0.442737114416402 
202 -1 2.869634299715163 1.9860579579410524 1.3325953853708445 0.5342912852244396 0.4872312739102164 -0.8767425427548758 1.0741564560403543 
203 1 -0.11833783185246813 -0.48297056551207274 -0.2703718763116091 -1.0237754232763066 0.17721338484448884 0.5833021815063028 0.3157096708119761 
204 1 0.3085153298000506 0.31064574559786035 0.5052574438573201 -0.19280651207590863 1.1847715243081034 1.6783357247021868 1.0741564560403543 
205 -1 0.2018020393869209 -0.13025220501876913 -0.2703718763116091 2.1962291076252356 -0.28781344875410253 -1.6067649048854653 -0.5375429625699493 
206 -1 2.3360678476495145 2.515135498681008 1.953098841505988 0.6381623991244892 0.7197446907095121 -0.14672018062428654 1.4059769245777696 
207 -1 0.6286552010394396 0.31064574559786035 0.298422958478939 -0.8160331954762071 -0.5590791016866141 -0.8767425427548758 -0.11091664587898661 
208 1 -1.3988973168100243 -1.1002276963753541 -1.0460011964805382 -0.5044198537760579 -1.295371588217717 -0.14672018062428654 -1.2485868237215538 
209 1 0.5219419106263099 0.13428656535120856 0.7120919292357012 -0.7121620815761573 1.2235237604413194 0.9483133625715975 1.2637681523474487 
210 -1 -1.0787574455706352 -0.8356889260053764 -0.8391667111021571 0.8459046269245888 -0.48157462942018225 -0.6942369522222286 -0.3953341903396284 
211 1 -1.2921840263968947 -1.3647664667453319 -1.563087409926491 2.3001002215252853 -0.7528402823526938 -1.0592481332875232 -1.5804072922589691 
212 1 -0.7586175743312462 -0.48297056551207274 -0.11524601227782325 -2.374099903976953 -1.5666372411502287 2.2258524963001287 -0.9167663551841384 
213 1 0.3085153298000506 0.48700492584451216 0.8155091719248918 0.22267794352429032 1.5722938856402628 1.8608413152348342 1.1215593801171277 
214 1 0.7353684914525693 0.663364106091164 0.9189264146140823 0.11880682962424059 0.5259835100434324 1.1308189531042447 0.17350089858165518 
215 1 -1.5056106072231539 -1.1002276963753541 -1.563087409926491 1.4691313103248873 -0.675335810086262 -0.8767425427548758 -1.3907955959518747 
216 -1 -0.33176441267872747 -1.1002276963753541 -1.0977098178251337 -1.5431309927765553 -1.1403626436848533 -0.8767425427548758 -0.7271546588770438 
217 -1 1.2689349435182178 1.0160824665844677 0.9189264146140823 -0.5044198537760579 0.2934700932441367 0.40079659097365544 0.6001272152726179 
218 1 -1.1854707359837648 -1.1002276963753541 -1.511378788581896 3.4426824744258324 -0.44282239328696626 -1.424259314352818 -1.3907955959518747 
219 -1 -0.5451909935049868 -0.8356889260053764 -0.6840408470683713 0.5342912852244396 -0.40407015715375033 0.0357854099083608 -0.8693634311073647 
220 1 0.41522862021318024 0.3988253357211863 0.7638005505802965 0.8459046269245888 2.347338608304582 2.0433469057674816 1.880006165345506 
221 -1 0.2018020393869209 -0.04207261489544324 -0.011828769588632682 -0.29667762597595837 -0.7140880462194779 0.7658077720389501 -0.20572249403253387 
222 1 0.2018020393869209 0.13428656535120856 -0.8908753324467524 1.3652601964248374 -0.17155674035445467 -1.6067649048854653 -0.11091664587898661 
223 1 -0.7586175743312462 -0.7475093358820505 -0.7874580897575618 1.0536468547246882 0.1384611487112729 -0.32922577115693386 -0.30052834218608115 
224 -1 0.5219419106263099 0.3988253357211863 0.19500571578974843 -0.0889353981758589 -0.24906121262088657 -1.0592481332875232 -0.49014003849317567 
225 1 -0.011624541439338451 0.3988253357211863 0.7638005505802965 -1.5431309927765553 -0.7140880462194779 1.313324543636892 0.12609797450488155 
226 1 -0.011624541439338451 0.13428656535120856 0.4535488225127248 -0.40054873987600814 1.1847715243081034 1.6783357247021868 1.1689623041939015 
227 1 1.2689349435182178 1.545160007324423 1.38430400671544 1.8846157659250862 1.7273028301731266 1.8608413152348342 0.8845447597332596 
228 -1 0.2018020393869209 0.13428656535120856 0.14329709444515315 -1.0237754232763066 0.2934700932441367 0.21829100044100813 0.41051551896552335 
229 -1 -0.6519042839181165 -0.9238685161287022 -1.0460011964805382 0.11880682962424059 -0.7528402823526938 -0.6942369522222286 -0.6323488107234966 
230 1 -2.0391770592888023 -2.158382777855265 -2.1835908660616346 0.742033513024539 -1.7991506579495244 -1.9717760859507598 -2.2440482293338 
231 1 -0.33176441267872747 0.04610697522788266 0.09158847310055787 1.6768735381249866 1.5722938856402628 0.5833021815063028 0.837141835656486 
232 -1 0.5219419106263099 0.7515436962144899 0.4535488225127248 -0.29667762597595837 -0.40407015715375033 -0.5117313616895812 -0.11091664587898661 
233 1 -1.7190371880494133 -1.8056644173619614 -2.1835908660616346 0.4304201713243898 -1.2566193520845013 -1.7892704954181124 -1.9596306848731582 
234 -1 -0.5451909935049868 -0.8356889260053764 -1.4079615458927053 -0.9199043093762568 -1.6441417134166607 -1.0592481332875232 -1.343392671875101 
235 -1 0.2018020393869209 -0.04207261489544324 0.09158847310055787 -0.40054873987600814 -0.3653179210205344 -0.8767425427548758 0.07869505042810791 
236 -1 0.5219419106263099 0.13428656535120856 -0.06353739093322797 0.014935715724190843 0.06095667644484101 -0.32922577115693386 -0.15831956995576024 
237 1 -1.0787574455706352 -1.1002276963753541 -0.6840408470683713 0.4304201713243898 -0.636583573953046 -0.5117313616895812 -1.0589751274144592 
238 1 0.5219419106263099 0.48700492584451216 0.6086746865465107 0.3265490574243401 1.7660550663063426 1.313324543636892 1.5955886208848642 
239 1 -1.0787574455706352 -1.2765868766220059 -1.3562529245481099 -1.4392598788765056 -0.8690969907523417 0.0357854099083608 -0.7745575829538175 
240 1 -0.4384777030918572 -0.48297056551207274 -0.4772063616899902 0.22267794352429032 0.6034879823098642 1.1308189531042447 0.6001272152726179 
241 1 -1.825750478462543 -1.8056644173619614 -1.9767563806832533 2.819455791025534 -0.5203268655533981 -1.2417537238201706 -1.72261606448929 
242 -1 -0.33176441267872747 -0.306611385265421 -0.2186632549670138 0.5342912852244396 0.1384611487112729 0.0357854099083608 -0.2531254181093075 
243 -1 -0.7586175743312462 -0.6593297457587246 -0.7874580897575618 0.4304201713243898 -0.09405226808802278 0.40079659097365544 -0.584945886646723 
244 -1 -0.5451909935049868 -0.39479097538874686 -0.16695463362241852 -0.29667762597595837 0.5647357461766483 -0.6942369522222286 0.17350089858165518 
245 -1 0.6286552010394396 0.8397232863378158 0.660383307891106 -0.29667762597595837 0.2934700932441367 1.1308189531042447 1.0741564560403543 
246 -1 -0.11833783185246813 -0.39479097538874686 -0.4772063616899902 -1.5431309927765553 -0.9466014630187736 -0.5117313616895812 -0.7271546588770438 
247 -1 1.162221653105088 1.2806212369544454 1.022343657303273 1.573002424224937 1.2235237604413194 0.0357854099083608 1.5955886208848642 
248 1 -0.33176441267872747 -0.306611385265421 0.09158847310055787 -0.9199043093762568 -0.32656568488731846 2.0433469057674816 -0.34793126626285475 
249 -1 -0.11833783185246813 -0.306611385265421 -0.37378911900079964 0.5342912852244396 -0.675335810086262 -0.6942369522222286 -1.0115722033376857 
250 1 -1.0787574455706352 -0.8356889260053764 -0.6840408470683713 -0.5044198537760579 -0.40407015715375033 0.7658077720389501 -0.30052834218608115 
251 1 0.5219419106263099 0.7515436962144899 0.9189264146140823 -0.19280651207590863 1.0297625797752397 1.6783357247021868 1.358574000500996 
252 1 -0.011624541439338451 0.31064574559786035 0.5569660652019154 0.014935715724190843 0.4872312739102164 -0.8767425427548758 0.41051551896552335 
253 1 -0.011624541439338451 -0.04207261489544324 0.09158847310055787 0.22267794352429032 1.3785327049741831 0.5833021815063028 0.7897389115797124 
254 1 -0.9720441551575055 -1.1884072864986799 -1.2528356818589195 0.22267794352429032 0.7584969268427281 -0.5117313616895812 -0.06351372180221297 
255 1 0.3085153298000506 0.31064574559786035 0.9189264146140823 0.6381623991244892 1.6885505940399108 1.313324543636892 1.2637681523474487 
256 -1 -0.011624541439338451 -0.13025220501876913 0.0398798517559626 0.014935715724190843 0.2934700932441367 -0.32922577115693386 0.45791844304229695 
257 -1 -0.6519042839181165 -0.306611385265421 -0.2703718763116091 -0.19280651207590863 0.2159656209777048 -1.0592481332875232 0.6475301393493915 
258 1 -1.825750478462543 -2.070203187731939 -2.0801736233724437 0.742033513024539 -1.0241059352852055 -0.8767425427548758 -1.7700189885660638 
259 -1 -0.11833783185246813 -0.04207261489544324 -0.011828769588632682 -1.231517651076406 -1.1016104075516373 -0.32922577115693386 -0.584945886646723 
260 -1 0.7353684914525693 0.9279028764611417 0.5569660652019154 0.8459046269245888 -0.24906121262088657 -0.32922577115693386 -0.06351372180221297 
261 -1 0.3085153298000506 -0.04207261489544324 -0.2703718763116091 -0.5044198537760579 -0.636583573953046 -0.14672018062428654 -0.442737114416402 
262 1 -1.9324637688756727 -2.070203187731939 -2.0801736233724437 0.3265490574243401 -1.450380532750581 -1.6067649048854653 -1.7700189885660638 
263 1 -0.8653308647443759 -0.7475093358820505 -0.9942925751359429 1.3652601964248374 0.17721338484448884 -0.14672018062428654 -1.0115722033376857 
264 1 -0.33176441267872747 0.13428656535120856 0.35013157982353427 -0.40054873987600814 -0.44282239328696626 0.21829100044100813 -0.442737114416402 
265 1 -0.4384777030918572 -0.04207261489544324 0.09158847310055787 0.9497757408246386 0.6422402184430802 -0.14672018062428654 0.031292126351334285 
266 -1 -0.2250511222655978 -0.306611385265421 -0.632332225723776 0.9497757408246386 -0.01654779582159088 -1.2417537238201706 -0.584945886646723 
267 1 1.5890748147576068 2.2505967283110304 2.677019540330322 1.4691313103248873 2.0760729553720703 1.8608413152348342 1.9274090894222795 
268 -1 -0.4384777030918572 -0.39479097538874686 -0.32208049765620433 -0.5044198537760579 -0.636583573953046 1.1308189531042447 -0.9167663551841384 
269 -1 -0.2250511222655978 0.04610697522788266 0.09158847310055787 -0.0889353981758589 0.5259835100434324 0.21829100044100813 0.2209038226584288 
270 -1 0.09508874897379123 0.48700492584451216 0.09158847310055787 -0.8160331954762071 -0.9078492268855577 -0.6942369522222286 -0.34793126626285475 
271 1 -1.0787574455706352 -1.0120481062520281 -1.0460011964805382 0.6381623991244892 -0.48157462942018225 0.5833021815063028 -0.6323488107234966 
272 -1 -0.11833783185246813 0.04610697522788266 -0.11524601227782325 -0.5044198537760579 -0.3653179210205344 -0.32922577115693386 -0.3953341903396284 
273 -1 0.3085153298000506 0.3988253357211863 0.5052574438573201 -0.5044198537760579 -0.28781344875410253 -0.5117313616895812 0.2209038226584288 
274 1 1.2689349435182178 1.8096987776944007 1.953098841505988 0.22267794352429032 1.0685148159084557 1.8608413152348342 0.9319476838100332 
275 1 -0.2250511222655978 -0.48297056551207274 -0.11524601227782325 -0.6082909676761076 1.1072670520416716 0.7658077720389501 0.3157096708119761 
276 1 -0.2250511222655978 -0.39479097538874686 -0.4772063616899902 1.8846157659250862 0.5647357461766483 -0.6942369522222286 -0.06351372180221297 
277 1 -0.011624541439338451 0.3988253357211863 0.660383307891106 0.742033513024539 -1.5278850050170127 0.5833021815063028 -1.9596306848731582 
278 -1 1.2689349435182178 0.9279028764611417 0.7638005505802965 -0.29667762597595837 0.33222232937735263 -0.14672018062428654 0.7423359875029387 
279 -1 0.3085153298000506 -0.04207261489544324 -0.16695463362241852 -0.5044198537760579 -0.7915925184859098 0.40079659097365544 -0.34793126626285475 
280 1 -2.0391770592888023 -2.070203187731939 -2.1835908660616346 -0.6082909676761076 -1.6053894772834447 -0.8767425427548758 -2.0544365330267054 
281 -1 0.5219419106263099 -0.04207261489544324 -0.2703718763116091 -1.8547443344767045 -1.372876060484149 0.0357854099083608 -0.9167663551841384 
282 1 -0.11833783185246813 0.13428656535120856 0.660383307891106 -0.5044198537760579 0.17721338484448884 2.2258524963001287 0.07869505042810791 
283 -1 -0.5451909935049868 -0.48297056551207274 -0.2703718763116091 0.5342912852244396 -0.05530003195480682 0.0357854099083608 -0.34793126626285475 
284 -1 0.2018020393869209 0.31064574559786035 0.0398798517559626 -0.29667762597595837 -0.40407015715375033 -0.32922577115693386 0.2209038226584288 
285 1 -1.3988973168100243 -1.2765868766220059 -1.1494184391697289 2.0923579937251855 -0.5203268655533981 -0.8767425427548758 -1.343392671875101 
286 -1 0.9487950722788286 0.9279028764611417 1.0740522786478681 0.014935715724190843 0.4097268016437845 -0.6942369522222286 1.1689623041939015 
287 1 0.8420817818656989 1.1042620567077934 0.9189264146140823 0.014935715724190843 1.456037177240615 0.5833021815063028 1.5007827727313168 
288 1 1.802501395583866 2.603315088804334 2.4184764336073457 0.9497757408246386 1.417284941107399 0.40079659097365544 1.5007827727313168 
289 1 0.3085153298000506 0.48700492584451216 0.660383307891106 0.11880682962424059 1.8048073024395586 1.313324543636892 1.4533798486545433 
290 -1 1.9092146859969958 1.545160007324423 0.9189264146140823 0.3265490574243401 -0.28781344875410253 -0.32922577115693386 0.26830674673520244 
291 -1 1.802501395583866 1.633339597447749 1.1774695213370587 -0.29667762597595837 -0.05530003195480682 -0.5117313616895812 0.45791844304229695 
292 1 0.2018020393869209 0.31064574559786035 0.6086746865465107 0.4304201713243898 2.1535774276385022 1.4958301341695395 1.6903944690384114 
293 1 -0.9720441551575055 -0.8356889260053764 -1.0977098178251337 -0.40054873987600814 -0.8303447546191257 -0.5117313616895812 -1.2011838996447801 
294 -1 -0.4384777030918572 -0.5711501556353986 -0.4254977403453949 -0.7121620815761573 -0.05530003195480682 -0.6942369522222286 0.7897389115797124 
295 1 1.482361524344477 -0.8356889260053764 -0.7874580897575618 0.5342912852244396 0.25471785711092076 -0.32922577115693386 -0.15831956995576024 
296 1 0.9487950722788286 1.1042620567077934 1.6428471134384162 0.742033513024539 1.8435595385727745 1.313324543636892 1.0267535319635805 
297 -1 -0.33176441267872747 -0.48297056551207274 -0.8391667111021571 -0.8160331954762071 -1.1016104075516373 -0.6942369522222286 -0.9167663551841384 
298 -1 -1.5056106072231539 -1.1884072864986799 -1.6665046526156817 0.6381623991244892 -1.2566193520845013 -1.424259314352818 -1.6278102163357429 
299 1 0.2018020393869209 0.22246615547453447 0.14329709444515315 0.11880682962424059 1.2622759965745354 0.0357854099083608 0.7897389115797124 
300 1 0.5219419106263099 0.48700492584451216 0.7638005505802965 0.014935715724190843 1.0685148159084557 1.313324543636892 1.0267535319635805 
301 -1 0.41522862021318024 0.663364106091164 0.6086746865465107 0.5342912852244396 0.4484790377770005 -0.14672018062428654 0.12609797450488155 
302 1 2.6562077188889033 3.1323926295442894 3.038979889742489 0.6381623991244892 1.0685148159084557 0.7658077720389501 1.7852003171919586 
303 1 0.7353684914525693 0.48700492584451216 1.1774695213370587 0.3265490574243401 2.037320719238854 0.21829100044100813 1.2637681523474487 
304 1 -0.4384777030918572 -0.5711501556353986 -0.37378911900079964 0.742033513024539 -0.7140880462194779 -1.424259314352818 -0.11091664587898661 
305 1 0.6286552010394396 0.8397232863378158 1.229178142681654 0.742033513024539 3.122383330968901 1.6783357247021868 2.401438330190016 
306 1 0.3085153298000506 0.7515436962144899 0.5052574438573201 -0.9199043093762568 -0.9853536991519896 0.21829100044100813 -0.49014003849317567 
307 1 -0.8653308647443759 -1.0120481062520281 -1.0460011964805382 0.6381623991244892 0.2934700932441367 0.7658077720389501 -0.11091664587898661 
308 -1 -0.11833783185246813 -0.13025220501876913 -0.06353739093322797 -0.40054873987600814 -0.32656568488731846 0.21829100044100813 -0.584945886646723 
309 -1 0.09508874897379123 0.575184515967838 0.8155091719248918 0.9497757408246386 1.3010282327077514 -0.5117313616895812 2.0222149375758267 
310 -1 -1.2921840263968947 -1.1002276963753541 -1.4079615458927053 1.4691313103248873 -0.01654779582159088 -0.6942369522222286 -0.584945886646723 
311 -1 0.9487950722788286 0.31064574559786035 0.35013157982353427 -2.062486562276804 -1.1016104075516373 0.21829100044100813 -0.3953341903396284 
312 -1 -0.33176441267872747 -0.306611385265421 -0.16695463362241852 -1.0237754232763066 -1.1403626436848533 0.0357854099083608 -0.8219605070305911 
313 1 -1.0787574455706352 -1.0120481062520281 -1.0977098178251337 0.3265490574243401 -0.48157462942018225 0.40079659097365544 -0.442737114416402 
314 1 -1.1854707359837648 -1.1002276963753541 -1.0977098178251337 -0.6082909676761076 -0.636583573953046 -1.0592481332875232 -0.9167663551841384 
315 1 -1.5056106072231539 -1.2765868766220059 -1.0460011964805382 0.3265490574243401 -1.2566193520845013 -0.5117313616895812 -1.2959897477983273 
316 -1 1.0555083626919584 0.48700492584451216 0.2467143371343437 -1.1276465371763562 -0.28781344875410253 0.21829100044100813 -0.34793126626285475 
317 -1 -0.4384777030918572 -0.21843179514209504 0.0398798517559626 0.11880682962424059 0.6034879823098642 1.1308189531042447 0.3157096708119761 
318 -1 -0.11833783185246813 -0.306611385265421 -0.16695463362241852 -0.40054873987600814 0.09970891257805696 -0.32922577115693386 0.2209038226584288 
319 -1 0.3085153298000506 1.3688008270777712 2.5736022976411315 1.4691313103248873 2.851117678036389 0.21829100044100813 4.1079435969538665 
320 -1 -0.5451909935049868 -0.7475093358820505 -0.7357494684129666 -0.29667762597595837 -0.5590791016866141 -1.6067649048854653 -0.15831956995576024 
321 -1 -0.011624541439338451 0.13428656535120856 0.14329709444515315 -0.8160331954762071 0.09970891257805696 0.0357854099083608 0.41051551896552335 
322 1 -0.2250511222655978 -0.21843179514209504 -0.011828769588632682 -0.40054873987600814 -0.09405226808802278 0.0357854099083608 -0.30052834218608115 
323 -1 0.09508874897379123 -0.39479097538874686 -0.06353739093322797 -1.5431309927765553 -1.1403626436848533 0.0357854099083608 -0.6797517348002702 
324 -1 -0.011624541439338451 0.04610697522788266 0.09158847310055787 -0.8160331954762071 -0.32656568488731846 -0.8767425427548758 0.2209038226584288 
325 -1 0.5219419106263099 -0.21843179514209504 -0.11524601227782325 -2.477971017877003 -1.4891327688837968 -0.32922577115693386 -0.8693634311073647 
326 -1 0.3085153298000506 -0.13025220501876913 -0.011828769588632682 -0.5044198537760579 -0.3653179210205344 -1.424259314352818 -0.20572249403253387 
327 1 0.7353684914525693 0.3988253357211863 0.09158847310055787 0.4304201713243898 -0.7140880462194779 0.7658077720389501 -0.584945886646723 
328 1 0.9487950722788286 1.633339597447749 1.7462643561276068 0.11880682962424059 1.1847715243081034 1.6783357247021868 0.979350607886807 
329 -1 0.6286552010394396 0.8397232863378158 0.4018402011681296 1.157517968624738 -0.3653179210205344 -1.0592481332875232 -1.0589751274144592 
330 1 -0.33176441267872747 -0.21843179514209504 -0.06353739093322797 -0.8160331954762071 -0.8303447546191257 0.40079659097365544 -0.6797517348002702 
331 -1 -0.11833783185246813 -0.04207261489544324 -0.011828769588632682 0.014935715724190843 0.022204440311625065 -0.5117313616895812 0.3157096708119761 
332 -1 -0.011624541439338451 -0.04207261489544324 0.0398798517559626 -0.29667762597595837 0.2159656209777048 -0.14672018062428654 0.2209038226584288 
333 -1 0.2018020393869209 0.04610697522788266 -0.011828769588632682 -0.9199043093762568 -0.09405226808802278 -0.32922577115693386 -0.11091664587898661 
334 1 -0.4384777030918572 -0.04207261489544324 0.35013157982353427 -1.7508732205766548 -1.1403626436848533 1.1308189531042447 -0.442737114416402 
335 1 -1.5056106072231539 -1.3647664667453319 -1.511378788581896 0.4304201713243898 -1.1403626436848533 -0.14672018062428654 -1.5804072922589691 
336 1 -1.3988973168100243 -1.5411256469919836 -1.6147960312710863 -0.5044198537760579 -0.1328045042212387 0.7658077720389501 -0.49014003849317567 
337 -1 -0.2250511222655978 -0.306611385265421 -0.16695463362241852 0.6381623991244892 -0.1328045042212387 -0.6942369522222286 0.17350089858165518 
338 1 -0.4384777030918572 -0.48297056551207274 -0.4772063616899902 0.3265490574243401 -0.44282239328696626 1.1308189531042447 -0.6797517348002702 
339 -1 0.7353684914525693 0.7515436962144899 0.4018402011681296 0.11880682962424059 0.09970891257805696 -0.6942369522222286 0.5527242911958442 
340 -1 -1.2921840263968947 -1.2765868766220059 -1.4079615458927053 -0.6082909676761076 -1.411628296617365 -0.8767425427548758 -1.485601444105422 
341 -1 -0.11833783185246813 -0.39479097538874686 -0.4254977403453949 -0.9199043093762568 -1.411628296617365 -0.14672018062428654 -0.964169279260912 
342 -1 0.41522862021318024 0.04610697522788266 -0.37378911900079964 2.1962291076252356 0.6809924545762961 -1.424259314352818 0.7423359875029387 
343 -1 -0.2250511222655978 -0.13025220501876913 0.8155091719248918 0.11880682962424059 1.0685148159084557 -0.32922577115693386 1.8326032412687323 
344 1 0.09508874897379123 0.04610697522788266 0.4535488225127248 -2.062486562276804 -0.8690969907523417 1.313324543636892 -0.06351372180221297 
345 -1 -0.6519042839181165 -0.9238685161287022 -0.9425839537913477 -1.1276465371763562 -0.636583573953046 -1.2417537238201706 -0.6323488107234966 
346 1 -1.1854707359837648 -0.8356889260053764 -0.7874580897575618 0.22267794352429032 -0.5203268655533981 0.5833021815063028 -0.9167663551841384 
347 -1 -0.33176441267872747 -0.21843179514209504 0.09158847310055787 -1.0237754232763066 -0.44282239328696626 -1.0592481332875232 0.3631125948887497 
348 -1 0.3085153298000506 0.3988253357211863 0.35013157982353427 -0.8160331954762071 -0.9853536991519896 -1.0592481332875232 -0.34793126626285475 
349 1 -1.2921840263968947 -1.4529460568686576 -1.8216305166494675 1.4691313103248873 -0.7528402823526938 -0.8767425427548758 -1.2959897477983273 
350 -1 0.3085153298000506 0.22246615547453447 0.2467143371343437 0.3265490574243401 0.4097268016437845 -0.6942369522222286 0.41051551896552335 
351 1 0.9487950722788286 1.633339597447749 1.8496815988167974 -0.40054873987600814 0.33222232937735263 1.1308189531042447 1.1215593801171277 
352 1 -0.8653308647443759 -1.2765868766220059 -1.0977098178251337 0.22267794352429032 0.25471785711092076 -0.5117313616895812 0.26830674673520244 
353 -1 0.2018020393869209 -0.04207261489544324 -0.16695463362241852 -0.9199043093762568 -0.8303447546191257 0.21829100044100813 -0.584945886646723 
354 1 1.3756482339313474 0.9279028764611417 0.5569660652019154 -1.5431309927765553 -1.2566193520845013 1.1308189531042447 -0.6323488107234966 
355 -1 1.5890748147576068 1.3688008270777712 0.8672177932694871 -1.4392598788765056 -0.5978313378198301 -0.32922577115693386 -0.06351372180221297 
356 -1 0.41522862021318024 0.575184515967838 0.4018402011681296 -0.29667762597595837 -0.05530003195480682 1.313324543636892 0.26830674673520244 
357 1 -0.9720441551575055 -0.21843179514209504 -0.6840408470683713 1.4691313103248873 1.1072670520416716 0.0357854099083608 1.1689623041939015 
358 -1 -0.33176441267872747 -0.5711501556353986 -0.4254977403453949 -1.0237754232763066 -0.7915925184859098 -1.2417537238201706 -0.584945886646723 
359 -1 0.6286552010394396 0.3988253357211863 0.298422958478939 0.5342912852244396 -0.48157462942018225 -0.5117313616895812 -0.15831956995576024 
360 -1 -0.6519042839181165 -0.48297056551207274 -0.11524601227782325 -1.647002106676605 -1.6441417134166607 0.21829100044100813 -1.1537809755680064 
361 1 -0.2250511222655978 -0.48297056551207274 -0.37378911900079964 -0.0889353981758589 -0.05530003195480682 -0.6942369522222286 -0.3953341903396284 
362 -1 0.3085153298000506 0.575184515967838 0.14329709444515315 -0.5044198537760579 -0.32656568488731846 0.5833021815063028 0.3157096708119761 
363 -1 -0.5451909935049868 -0.48297056551207274 -0.37378911900079964 0.3265490574243401 -0.28781344875410253 -1.2417537238201706 -0.584945886646723 
364 1 -0.011624541439338451 0.13428656535120856 0.19500571578974843 -0.6082909676761076 -0.1328045042212387 0.40079659097365544 0.5527242911958442 
365 1 -2.145890349701932 -1.9820235976086131 -2.0801736233724437 -0.6082909676761076 -1.411628296617365 -1.7892704954181124 -1.6752131404125166 
366 1 -1.825750478462543 -1.8056644173619614 -1.8733391379940627 0.4304201713243898 -0.7915925184859098 1.1308189531042447 -1.8174219126428373 
367 1 -1.9324637688756727 -1.8056644173619614 -2.0801736233724437 2.6117135632254342 -0.9078492268855577 -2.154281676483407 -1.8174219126428373 
368 -1 0.6286552010394396 0.3988253357211863 0.4018402011681296 -0.6082909676761076 0.06095667644484101 -0.14672018062428654 0.3157096708119761 
369 -1 -0.011624541439338451 -0.21843179514209504 -0.16695463362241852 -0.6082909676761076 0.2159656209777048 0.21829100044100813 0.5053213671190706 
370 1 -0.11833783185246813 0.04610697522788266 -0.11524601227782325 1.573002424224937 0.6422402184430802 -0.8767425427548758 -0.15831956995576024 
371 -1 1.6957881051707364 1.3688008270777712 0.7638005505802965 -0.7121620815761573 0.06095667644484101 0.5833021815063028 0.6001272152726179 
372 1 -0.4384777030918572 -0.39479097538874686 -0.5289149830345855 1.157517968624738 1.1460192881748874 0.5833021815063028 0.41051551896552335 
373 -1 0.6286552010394396 0.13428656535120856 0.19500571578974843 -0.9199043093762568 -0.9853536991519896 0.21829100044100813 -0.49014003849317567 
374 -1 0.3085153298000506 0.31064574559786035 0.09158847310055787 -0.0889353981758589 -0.05530003195480682 0.0357854099083608 0.2209038226584288 
375 -1 -0.11833783185246813 -0.39479097538874686 -0.06353739093322797 0.22267794352429032 -0.44282239328696626 0.0357854099083608 -0.442737114416402 
376 -1 1.9092146859969958 1.9860579579410524 1.9013902201613926 1.8846157659250862 0.5259835100434324 1.1308189531042447 0.2209038226584288 
377 1 -1.6123238976362837 -1.8056644173619614 -1.769921895304872 -1.1276465371763562 -1.5666372411502287 -1.424259314352818 -1.7700189885660638 
378 1 -0.4384777030918572 -0.39479097538874686 -0.32208049765620433 0.11880682962424059 0.1384611487112729 1.313324543636892 -0.11091664587898661 
379 -1 -1.3988973168100243 -1.4529460568686576 -1.4596701672373005 0.014935715724190843 -0.8690969907523417 -1.6067649048854653 -0.6797517348002702 
380 -1 -0.5451909935049868 -0.5711501556353986 -0.7357494684129666 -0.6082909676761076 -0.7915925184859098 -1.6067649048854653 -0.30052834218608115 
381 -1 0.3085153298000506 0.663364106091164 0.660383307891106 0.11880682962424059 -0.5590791016866141 0.7658077720389501 -0.34793126626285475 
382 -1 0.7353684914525693 0.7515436962144899 1.022343657303273 -0.29667762597595837 -0.17155674035445467 -0.5117313616895812 0.6001272152726179 
383 1 -0.5451909935049868 -0.306611385265421 0.0398798517559626 -0.8160331954762071 -0.636583573953046 1.1308189531042447 -0.584945886646723 
384 1 -1.0787574455706352 -1.0120481062520281 -1.0460011964805382 -0.0889353981758589 -0.5590791016866141 -0.6942369522222286 -0.6797517348002702 
385 1 0.41522862021318024 0.3988253357211863 0.8672177932694871 0.4304201713243898 1.6497983579066948 1.6783357247021868 1.1689623041939015 
386 -1 0.5219419106263099 0.7515436962144899 0.8672177932694871 0.3265490574243401 1.0297625797752397 0.9483133625715975 1.0267535319635805 
387 -1 1.482361524344477 1.633339597447749 1.3325953853708445 0.8459046269245888 0.7197446907095121 -0.32922577115693386 0.979350607886807 
388 -1 -1.3988973168100243 -1.1884072864986799 -1.0977098178251337 0.3265490574243401 -0.44282239328696626 -1.7892704954181124 0.031292126351334285 
389 1 0.09508874897379123 -0.04207261489544324 0.09158847310055787 -2.062486562276804 -1.1403626436848533 0.5833021815063028 -0.584945886646723 
390 -1 -0.4384777030918572 -0.39479097538874686 0.09158847310055787 0.014935715724190843 0.797249162975944 -0.5117313616895812 0.41051551896552335 
391 -1 2.1226412668232553 1.8978783678177267 1.5394298707492258 0.8459046269245888 0.33222232937735263 -0.32922577115693386 0.6475301393493915 
392 -1 3.296487461367682 1.2806212369544454 -0.7357494684129666 -1.231517651076406 -1.4891327688837968 -1.0592481332875232 -1.3907955959518747 
393 -1 -0.33176441267872747 -0.306611385265421 -0.2703718763116091 -0.5044198537760579 -0.40407015715375033 0.21829100044100813 -0.3953341903396284 
394 -1 1.6957881051707364 1.0160824665844677 0.4018402011681296 -1.647002106676605 -0.44282239328696626 0.5833021815063028 0.45791844304229695 
395 -1 2.6562077188889033 2.515135498681008 1.9013902201613926 0.5342912852244396 0.6422402184430802 -0.32922577115693386 0.9319476838100332 
396 1 -0.6519042839181165 -0.39479097538874686 -0.4254977403453949 0.4304201713243898 1.0685148159084557 -1.0592481332875232 0.45791844304229695 
397 1 -1.6123238976362837 -1.6293052371153096 -2.0284650020278487 0.22267794352429032 -1.2178671159512853 -1.6067649048854653 -1.7700189885660638 
398 -1 -0.9720441551575055 -0.7475093358820505 -0.9942925751359429 -1.647002106676605 -1.8379028940827404 -1.2417537238201706 -1.4381985200286482 
399 1 -0.011624541439338451 -0.21843179514209504 0.298422958478939 0.5342912852244396 1.417284941107399 1.313324543636892 0.979350607886807 
400 -1 -0.33176441267872747 -0.48297056551207274 -0.8391667111021571 -1.231517651076406 -1.0628581714184213 1.313324543636892 -0.7271546588770438 
401 1 0.41522862021318024 0.3988253357211863 0.298422958478939 -0.0889353981758589 0.06095667644484101 0.0357854099083608 0.26830674673520244 
402 -1 0.7353684914525693 0.575184515967838 0.298422958478939 -0.8160331954762071 -0.28781344875410253 -0.6942369522222286 0.031292126351334285 
403 1 -0.5451909935049868 -1.2765868766220059 -1.1494184391697289 0.5342912852244396 0.6809924545762961 -0.14672018062428654 0.031292126351334285 
404 -1 0.6286552010394396 0.48700492584451216 0.660383307891106 0.11880682962424059 2.2310818999049338 0.21829100044100813 1.737797393115185 
405 -1 -0.11833783185246813 0.13428656535120856 0.0398798517559626 0.5342912852244396 0.1384611487112729 -0.14672018062428654 0.17350089858165518 
406 -1 -0.33176441267872747 -0.5711501556353986 -0.7874580897575618 1.9884868798251358 -0.675335810086262 -0.6942369522222286 -0.9167663551841384 
407 1 -0.5451909935049868 -0.04207261489544324 0.0398798517559626 -1.3353887649764558 -0.7528402823526938 0.40079659097365544 -0.30052834218608115 
408 1 -1.7190371880494133 -1.5411256469919836 -1.6665046526156817 2.403971335425335 -1.2178671159512853 0.21829100044100813 -1.5804072922589691 
409 -1 1.0555083626919584 1.1924416468311194 0.9189264146140823 1.4691313103248873 1.1460192881748874 0.0357854099083608 0.837141835656486 
410 1 0.2018020393869209 0.3988253357211863 0.4018402011681296 -0.7121620815761573 -0.8303447546191257 0.0357854099083608 -0.8693634311073647 
411 -1 1.482361524344477 1.3688008270777712 1.591138492093821 0.3265490574243401 1.494789413373831 0.9483133625715975 1.6903944690384114 
412 1 0.09508874897379123 0.663364106091164 1.022343657303273 -1.231517651076406 -0.675335810086262 1.313324543636892 0.031292126351334285 
413 1 -0.4384777030918572 -0.7475093358820505 -0.632332225723776 0.014935715724190843 -1.7216461856830925 -0.6942369522222286 -1.9122277607963847 
414 -1 -0.11833783185246813 -0.21843179514209504 -0.32208049765620433 -0.29667762597595837 0.17721338484448884 -1.0592481332875232 0.6949330634261651 
415 -1 -0.2250511222655978 -0.8356889260053764 -0.632332225723776 -0.0889353981758589 -0.5590791016866141 -1.0592481332875232 -0.49014003849317567 
416 -1 -0.6519042839181165 -0.7475093358820505 -0.4772063616899902 -0.0889353981758589 -0.675335810086262 -1.2417537238201706 -0.5375429625699493 
417 -1 -0.011624541439338451 0.04610697522788266 -0.2186632549670138 -0.40054873987600814 -1.0628581714184213 0.7658077720389501 -1.2011838996447801 
418 1 0.3085153298000506 0.575184515967838 0.4535488225127248 0.5342912852244396 0.37097456551056857 1.4958301341695395 0.3631125948887497 
419 1 -1.9324637688756727 -1.9820235976086131 -2.2352994874062295 1.7807446520250365 -1.372876060484149 -1.9717760859507598 -2.101839457103479 
420 1 0.41522862021318024 0.7515436962144899 1.1257608999924635 0.4304201713243898 1.9598162469724223 1.313324543636892 3.017676343188073 
421 -1 1.162221653105088 0.575184515967838 0.4018402011681296 -0.8160331954762071 -1.1016104075516373 -0.8767425427548758 -0.8693634311073647 
422 1 0.09508874897379123 0.3988253357211863 -0.011828769588632682 2.3001002215252853 0.2934700932441367 -0.8767425427548758 0.2209038226584288 
423 -1 0.41522862021318024 0.31064574559786035 -0.06353739093322797 0.014935715724190843 -0.3653179210205344 0.5833021815063028 -0.34793126626285475 
424 -1 -0.4384777030918572 -0.04207261489544324 -0.37378911900079964 1.157517968624738 -1.0628581714184213 -1.2417537238201706 -1.2011838996447801 
425 -1 -0.2250511222655978 0.13428656535120856 0.298422958478939 -0.0889353981758589 0.25471785711092076 0.21829100044100813 0.6475301393493915 
426 1 0.41522862021318024 0.575184515967838 0.7120919292357012 -0.5044198537760579 2.26983413603815 1.6783357247021868 1.7852003171919586 
427 1 0.09508874897379123 0.13428656535120856 0.4018402011681296 -0.8160331954762071 0.1384611487112729 0.7658077720389501 0.17350089858165518 
428 1 -0.33176441267872747 -0.7475093358820505 -0.4254977403453949 -1.0237754232763066 0.797249162975944 0.40079659097365544 0.6001272152726179 
429 1 0.6286552010394396 1.4569804172010972 1.4360126280600352 2.0923579937251855 -0.675335810086262 -0.8767425427548758 -1.5330043681821957 
430 1 -0.011624541439338451 0.22246615547453447 0.5569660652019154 -0.6082909676761076 0.17721338484448884 1.1308189531042447 0.17350089858165518 
431 -1 1.2689349435182178 0.8397232863378158 0.5052574438573201 -0.9199043093762568 0.17721338484448884 -0.6942369522222286 0.9319476838100332 
432 1 -0.9720441551575055 -1.2765868766220059 -1.201127060514324 -0.29667762597595837 -1.1791148798180693 -0.8767425427548758 -1.0589751274144592 
433 -1 6.284459592935312 5.777780333244066 3.24581437512087 0.9497757408246386 0.7584969268427281 0.7658077720389501 1.6429915449616377 
434 1 -0.4384777030918572 0.13428656535120856 0.0398798517559626 -0.40054873987600814 -0.48157462942018225 1.4958301341695395 -0.49014003849317567 
435 1 0.8420817818656989 1.1042620567077934 1.4360126280600352 0.6381623991244892 1.3785327049741831 1.1308189531042447 0.837141835656486 
436 1 -0.7586175743312462 -0.6593297457587246 -0.7357494684129666 1.0536468547246882 0.06095667644484101 0.0357854099083608 -0.6323488107234966 
437 1 0.5219419106263099 -0.48297056551207274 -0.2186632549670138 -0.19280651207590863 -1.2178671159512853 0.21829100044100813 -1.5330043681821957 
438 -1 0.41522862021318024 -0.04207261489544324 -0.16695463362241852 -0.8160331954762071 -1.2178671159512853 -0.32922577115693386 -0.7271546588770438 
439 -1 -0.9720441551575055 -1.0120481062520281 -0.9942925751359429 1.157517968624738 -0.17155674035445467 0.21829100044100813 -0.6323488107234966 
440 -1 0.41522862021318024 0.575184515967838 0.6086746865465107 0.22267794352429032 -0.3653179210205344 -0.6942369522222286 0.07869505042810791 
441 -1 -0.011624541439338451 -0.04207261489544324 -0.4254977403453949 -1.1276465371763562 -0.3653179210205344 0.40079659097365544 -0.06351372180221297 
442 1 -0.6519042839181165 -0.6593297457587246 -0.32208049765620433 -0.19280651207590863 -0.01654779582159088 -0.8767425427548758 -0.34793126626285475 
443 1 0.7353684914525693 0.8397232863378158 1.229178142681654 -0.5044198537760579 0.9522581075088078 1.313324543636892 1.1215593801171277 
444 1 0.3085153298000506 0.48700492584451216 0.9189264146140823 -0.0889353981758589 0.6034879823098642 0.0357854099083608 0.6475301393493915 
445 -1 -1.5056106072231539 -1.8056644173619614 -1.718213273960277 -0.8160331954762071 -1.8766551302159562 -1.2417537238201706 -1.6752131404125166 
446 1 -0.7586175743312462 -0.6593297457587246 -0.4772063616899902 -1.5431309927765553 -0.9853536991519896 1.313324543636892 -0.6797517348002702 
447 -1 1.0555083626919584 1.0160824665844677 0.6086746865465107 -0.9199043093762568 0.09970891257805696 -0.5117313616895812 0.8845447597332596 
448 -1 0.9487950722788286 0.575184515967838 -0.16695463362241852 0.3265490574243401 -1.1791148798180693 -1.0592481332875232 -1.1537809755680064 
449 -1 -0.5451909935049868 -1.2765868766220059 -0.9425839537913477 -0.8160331954762071 -1.4891327688837968 -0.6942369522222286 -0.964169279260912 
450 -1 0.7353684914525693 0.663364106091164 0.8155091719248918 -1.0237754232763066 -0.28781344875410253 0.5833021815063028 0.031292126351334285 
451 1 0.41522862021318024 0.663364106091164 0.8672177932694871 0.3265490574243401 1.9985684831056383 1.313324543636892 1.6429915449616377 
452 1 -0.2250511222655978 -0.39479097538874686 -0.16695463362241852 0.014935715724190843 0.2934700932441367 0.9483133625715975 -0.016110797725439347 
453 -1 -1.1854707359837648 -1.4529460568686576 -1.4079615458927053 -1.4392598788765056 -1.7991506579495244 -1.424259314352818 -1.5330043681821957 
454 -1 -0.11833783185246813 0.04610697522788266 0.0398798517559626 0.4304201713243898 -0.48157462942018225 -0.6942369522222286 -0.584945886646723 
455 1 -0.6519042839181165 -0.48297056551207274 -0.5806236043791807 0.5342912852244396 -1.1403626436848533 -0.6942369522222286 -1.864824836719611 
456 -1 -0.6519042839181165 -0.9238685161287022 -0.8391667111021571 0.9497757408246386 -0.40407015715375033 -0.6942369522222286 -0.49014003849317567 
457 1 0.7353684914525693 1.0160824665844677 1.1774695213370587 0.11880682962424059 1.9210640108392065 1.4958301341695395 1.5955886208848642 
458 -1 0.41522862021318024 0.48700492584451216 0.2467143371343437 0.5342912852244396 0.06095667644484101 -0.6942369522222286 0.2209038226584288 
