id label data 
0 -1 -0.8643973789120302 -0.6235370188968065 -0.7448996893312825 -0.6947187964548304 -0.48020118400612305 -0.33134752646528476 -0.08001257856864002 
1 1 -1.2890136352196944 -0.9478534869298203 -0.926529802259665 -0.07951600682314271 -0.7309634364000843 -0.33134752646528476 -1.3061512825799633 
2 1 0.8340676463186265 0.5115706192187423 0.7989562705599684 -0.07951600682314271 2.2065372345006056 1.5038080047270697 1.554839026779791 
3 1 -0.1213189303736179 -0.21814143385553905 -0.5632695764029001 0.35991455719949134 0.5228478255697224 1.8096672599257952 0.14705014439641984 
4 -1 1.0463757744724587 1.2412826722930235 0.844363798792064 0.35991455719949134 0.6661405412234146 -0.025488271266559028 0.3741128673614797 
5 1 1.0463757744724587 1.4034409063095303 1.6162917787376894 0.7114590084175986 1.597543192972414 1.3508783771277066 1.3277763038147312 
6 1 -0.439781122604366 0.10617503417747484 0.2994734600069166 -1.8372382629136788 -1.0175488677074689 1.5038080047270697 -0.5341380244987598 
7 1 0.5156054540878784 0.7548079702435027 1.1168089681846376 -0.870491022063884 -0.30108528943900775 1.5038080047270697 0.3741128673614797 
8 -1 -0.439781122604366 -0.055983199839032105 -0.29082440701032636 0.09625621878591091 -0.08614621595846947 -0.7901364092633734 0.14705014439641984 
9 -1 1.0463757744724587 1.6466782573342909 1.5254767222734982 1.2387756852447593 1.096018688184491 0.12744135633280382 1.600251571372803 
10 -1 -0.439781122604366 -0.6235370188968065 -0.6994921610991869 -1.309921586086518 -0.19361575269873862 -0.17841789886592188 0.7374132241055755 
11 -1 1.8956082870877868 1.484520023317784 1.0259939117204464 -1.0462632476729377 -0.6234938996598153 -0.6372067816640105 0.10163759980340788 
12 1 -0.6520892507581981 -1.1100117209463272 -0.6994921610991869 -2.36455493974084 -1.196664762274584 1.1979487495283438 -0.7612007474638196 
13 -1 -1.1828595711427783 -1.1100117209463272 -1.0627523869559519 -0.5189465708457768 -0.5160243629195461 -1.4018549196608248 -0.125425123161652 
14 1 0.7279135822417104 1.0791244382765166 1.2530315528809246 0.975117346831179 1.3826041194918757 1.1979487495283438 0.7828257686985874 
15 1 -0.9705514429889462 -0.7856952529133133 -1.3351975563485254 1.3266617980492863 0.30790875208918406 -1.4018549196608248 -0.35248784612671186 
16 1 -0.33362705852745 -0.055983199839032105 0.254065931774821 -0.34317434523672313 0.7736100779636838 0.2803709839321667 0.3741128673614797 
17 1 0.4094513900109623 0.5115706192187423 0.43569604470320344 0.09625621878591091 1.1676650460113374 1.5038080047270697 0.8282383132915995 
18 -1 0.09098919778021418 -0.21814143385553905 -0.336231935242422 1.6782062492673935 -0.48020118400612305 -1.4018549196608248 -0.7157882028708077 
19 1 0.4094513900109623 0.02509591716922137 0.5265111011673947 -0.7826049092593572 0.9169027936173759 0.7391598667302552 1.0098884916636472 
20 1 -1.3951676992966104 -1.3532490719710877 -1.4714201410448124 1.7660923620719202 -0.9100793309671996 -0.9430660368627362 -1.714864183917071 
21 1 -0.8643973789120302 -0.7856952529133133 -0.7903072175633782 0.7114590084175986 -0.08614621595846947 -0.33134752646528476 -0.4887254799057478 
22 1 -0.1213189303736179 -0.1370623168472856 -0.01837923761775268 0.0083701059813841 1.0601955092710682 0.43330061153152954 0.5557630457335276 
23 1 1.4709920307801228 1.9709947253673048 2.251997173987028 1.0630034596357059 1.7050127297126831 1.5038080047270697 1.645664115965815 
24 1 -1.1828595711427783 -1.0289326039380737 -1.0173448587238563 0.35991455719949134 -0.6593170785732383 0.43330061153152954 -0.8066132920568316 
25 1 -0.33362705852745 -0.4613787848802995 -0.5178620481708045 1.414547910853813 0.30790875208918406 -0.6372067816640105 -0.2616627569406879 
26 -1 1.683300158933955 1.4034409063095303 0.9351788552562552 -0.4310604580412499 -0.26526211052558474 -0.4842771540646476 0.23787523358244378 
27 1 0.6217595181647944 0.3494123852022353 0.9351788552562552 0.09625621878591091 1.66918955079926 0.12744135633280382 1.0098884916636472 
28 -1 0.19714326185713021 0.2683332681939818 0.20865840354272538 -0.870491022063884 -1.1250184044477378 -0.9430660368627362 -0.5341380244987598 
29 1 -1.3951676992966104 -1.4343281889793411 -1.6984577822052904 1.0630034596357059 -0.9100793309671996 -0.7901364092633734 -1.4423889163589991 
30 -1 0.19714326185713021 0.10617503417747484 0.11784334707853417 0.09625621878591091 0.16461603643549189 -0.6372067816640105 0.1924626889894318 
31 -1 -0.439781122604366 -0.6235370188968065 -0.47245451993870885 -1.0462632476729377 -0.9459025098806226 -1.095995664462099 -0.7612007474638196 
32 1 -2.0320920837581067 -1.758644657012355 -1.9254954233657686 2.0297507004855007 -1.0533720466208918 -1.8606438024589134 -1.941926906882131 
33 -1 1.5771460948570388 1.16020355528477 0.5719186293994903 -0.7826049092593572 -0.15779257378531558 0.43330061153152954 0.3741128673614797 
34 -1 1.789454223010871 1.7277573743425443 1.5708842505055938 1.414547910853813 0.27208557317576104 0.8920894943296181 0.010812510617383926 
35 -1 -0.7582433148351142 -0.7856952529133133 -0.5178620481708045 -0.25528823243219634 -0.8384329731403535 -1.095995664462099 -0.7157882028708077 
36 1 0.3032973259340463 0.5926497362269957 0.8897713270241596 0.18414233159043772 1.597543192972414 1.045019121928981 2.6901526416050903 
37 -1 1.0463757744724587 0.43049150221048876 0.254065931774821 -0.870491022063884 -1.232487941188007 -0.7901364092633734 -1.0336760150218915 
38 -1 -1.6074758274504426 -1.758644657012355 -1.6076427257410992 -0.870491022063884 -1.9489515194564682 -1.095995664462099 -1.805689273103095 
39 -1 0.9402217103955426 0.8358870872517561 0.43569604470320344 -0.9583771348684108 -0.12196939487189253 -0.4842771540646476 0.6465881349195516 
40 -1 -0.6520892507581981 -1.2721699549628342 -0.926529802259665 -0.870491022063884 -1.5907197303222376 -0.6372067816640105 -1.1245011042079154 
41 1 -0.33362705852745 -0.4613787848802995 -0.24541687877823076 -0.16740211962766952 0.05714649969522273 0.7391598667302552 -0.21625021234767594 
