id label data 
0 -1 0.3251549929543611 -0.12134890320052218 -0.3136268269135098 -0.7371553615135187 -0.13601020334907288 -0.8554539912411918 0.10558184536365565 
1 -1 0.7515572457048192 0.8459861827555366 0.7679302979535171 0.22350047160653322 0.7083760005605126 0.7800661163173436 1.516763319387617 
2 -1 -0.10124725979609697 -0.20928845646925479 -0.5711404280723257 0.22350047160653322 -0.8652528339982603 -1.0371784476365846 -0.5059301267133943 
3 -1 -0.740850638921784 -0.5610466695441853 -0.7256485887676153 -0.6304158245001795 -0.25115377660947086 -0.3102806220550134 0.15262122783112106 
4 1 -1.1672528916722422 -0.9128048826191157 -0.931659469694668 0.11676093459319413 -0.5198221142170663 -0.3102806220550134 -1.1174420987904443 
5 1 -1.4870545812350857 -1.8801399685751745 -1.5496921124758263 -0.8438948985268577 -1.6328766557342471 -0.673729534845799 -1.8700722182698906 
6 -1 0.005353303391517542 -0.03340934993178957 0.3559085360994116 -0.20345767644682317 1.2457126757757033 0.5983416599219508 1.1404482596478942 
7 -1 -0.31444838617132603 -0.5610466695441853 -0.7256485887676153 -1.8045507316469096 -2.093450948775839 -0.8554539912411918 -1.9171116007373559 
8 1 0.6449566825172046 1.0218652892930018 1.1284493395758592 -0.20345767644682317 1.2840938668625026 1.143515029108129 1.2815664070502903 
9 -1 1.0713589352676627 0.5821675229493387 0.40741125633117475 -0.8438948985268577 -0.942015216171859 -0.3102806220550134 -0.6470482741157905 
10 -1 -0.2078478229837115 -0.20928845646925479 0.2529030956358852 0.8639376936865678 0.47808885403971657 -1.4006273604273702 0.9052513473105672 
11 1 0.9647583720800482 0.6701070762180713 1.025443899112333 0.11676093459319413 2.6274355549004795 1.8704128546897005 1.846038996659875 
12 -1 -0.2078478229837115 -0.6489862228129178 -0.6741458685358521 -1.9112902686602486 -1.287445935953053 -0.673729534845799 -1.070402716322979 
13 -1 0.11195386657913206 -0.38516756300672 -0.622643148304089 -1.3775925835935532 -1.402589509213451 0.2348927471311651 -0.7411270390507212 
14 1 -1.8068562707979292 -2.1439586283813723 -2.013216594561695 0.33024000861987235 -1.0187775983454577 -0.8554539912411918 -1.7289540708674944 
15 -1 1.9241634407685788 1.5495026089053974 0.9224384586488066 -0.5236762874868405 -0.4046785409566682 -0.673729534845799 0.15262122783112106 
16 1 0.3251549929543611 0.23040930987440827 0.20140037540412203 -0.31019721346016227 1.2457126757757033 1.143515029108129 0.7170938174407057 
17 1 0.005353303391517542 -0.12134890320052218 -0.5196377078405625 0.6504586196598896 0.8235195738209106 2.233861767480486 0.38781814016844796 
18 1 -0.8474512021093986 -0.9128048826191157 -0.2621241066817466 -2.7652065647669617 -1.1339211716058557 1.6886883982943077 -0.3648119793109982 
19 -1 1.1779594984552773 1.4615630556366648 1.0769466193440962 0.6504586196598896 0.977044338168108 0.053168290735772276 0.6230150525057749 
20 -1 0.3251549929543611 -0.12134890320052218 -0.3136268269135098 -0.09671813943348406 -0.32791615878306957 -1.0371784476365846 0.19966061029858642 
21 -1 -0.2078478229837115 0.31834886314314087 -0.36512954714527296 0.010021397579855033 -0.13601020334907288 0.053168290735772276 0.011503080428724893 
22 1 -1.1672528916722422 -1.0007444358878483 -1.498189392244063 0.4369795456332114 -1.7864014200814444 -1.2189029040319774 -2.0111903656722867 
23 1 1.1779594984552773 1.63744216217413 1.9524928632840703 1.077416767713246 1.9749553064248908 1.6886883982943077 1.610842084322548 
24 1 1.3911606248305064 2.4288981415927235 3.1370554286146235 2.8919888969400107 3.3182969944628677 1.325239485503522 2.269393438867063 
25 -1 1.4977611880181207 2.077139928517793 2.2615091846746496 1.7178539897932805 1.1305691025153053 0.4166172035265579 1.0934088771804287 
26 -1 0.43175555614197564 -0.20928845646925479 -0.15911866621822027 0.010021397579855033 0.86190076490771 0.4166172035265579 1.0934088771804287 
27 -1 0.8581578088924336 1.1098048425617344 0.6649248574899906 0.010021397579855033 0.13265813425852252 0.053168290735772276 0.8111725823756364 
28 -1 0.7515572457048192 0.4062884164118735 0.20140037540412203 -0.5236762874868405 0.5548512362133152 -0.8554539912411918 1.2345270245828248 
29 1 -0.2078478229837115 0.05453020333694304 0.5104166967947011 -0.8438948985268577 0.20942051643212117 0.9617905727127364 -0.12961506697367126 
30 1 0.6449566825172046 1.3736235023679322 1.3344602205029121 1.077416767713246 0.3245640896925192 2.0521373110850933 0.2937393752335172 
31 -1 0.3251549929543611 -0.03340934993178957 -0.36512954714527296 -2.0180298056735877 -1.2490647448662537 -0.12855616565962055 -0.7411270390507212 
32 -1 1.8175628775809645 1.4615630556366648 0.9224384586488066 -0.31019721346016227 0.20942051643212117 -0.673729534845799 0.6700544349732402 
33 -1 0.7515572457048192 0.6701070762180713 0.5619194170264643 0.5437190826465506 0.86190076490771 -0.673729534845799 0.8582119648431018 
34 1 -0.8474512021093986 -0.9128048826191157 -0.931659469694668 -0.9506344355401969 -0.711728069651063 -0.12855616565962055 -0.6940876565832559 
35 1 2.0307640039561936 1.4615630556366648 0.4589139765629379 0.8639376936865678 -0.5582033053038656 -1.2189029040319774 -0.12961506697367126 
36 1 1.1779594984552773 1.3736235023679322 1.6434765418934911 0.7571981566732288 2.1284800707720883 1.6886883982943077 1.6578814667900132 
37 1 -0.2078478229837115 -0.20928845646925479 -0.15911866621822027 0.7571981566732288 1.7062869688172955 1.143515029108129 0.4348575226359134 
38 -1 0.21855442976674658 0.31834886314314087 0.4589139765629379 0.5437190826465506 -0.5965844963906649 -0.8554539912411918 -0.5529695091808597 
39 1 -0.6342500757341696 -0.7369257760816504 -0.6741458685358521 -0.20345767644682317 0.7851383827341113 0.5983416599219508 0.19966061029858642 
40 -1 0.11195386657913206 -0.03340934993178957 -0.3136268269135098 -0.09671813943348406 -0.4046785409566682 -0.8554539912411918 -0.2707332143760674 
41 1 -1.1672528916722422 -0.9128048826191157 -1.0861676303899575 1.184156304726585 -0.5965844963906649 -0.12855616565962055 -1.070402716322979 
42 1 0.005353303391517542 0.4062884164118735 0.5619194170264643 1.3976353787532634 2.1668612618588874 1.325239485503522 1.5638027018550826 
43 -1 0.5383561193295902 0.14246975660567565 0.3044058158676484 -0.5236762874868405 -0.711728069651063 -0.673729534845799 -0.12961506697367126 
44 -1 1.1779594984552773 0.4942279696806061 0.3044058158676484 -1.164113509566875 -0.5965844963906649 -1.582351816822763 -0.08257568450620588 
45 1 -1.3804540180474711 -1.4404422022315113 -1.6011948327075893 0.8639376936865678 1.5143810133832987 -0.3102806220550134 -1.3996783935952366 
46 1 -0.31444838617132603 0.31834886314314087 -0.3136268269135098 -0.5236762874868405 -0.711728069651063 0.9617905727127364 -0.7411270390507212 
47 1 -1.8068562707979292 -1.792200415306442 -1.4466866720122997 0.22350047160653322 -0.6349656874774643 -1.582351816822763 -1.587835923465098 
48 -1 0.6449566825172046 0.6701070762180713 0.40741125633117475 -0.20345767644682317 -0.09762901226227352 -0.4920050784504062 0.10558184536365565 
49 1 -0.31444838617132603 0.23040930987440827 0.4589139765629379 -2.0180298056735877 -0.826871642911461 1.8704128546897005 -0.3177725968435328 
50 -1 -0.42104894935894055 -0.47310711627545265 -0.5196377078405625 0.4369795456332114 0.2861828986057199 -1.0371784476365846 0.3407787577009826 
51 -1 0.6449566825172046 0.31834886314314087 0.3044058158676484 -0.8438948985268577 -0.5198221142170663 -0.8554539912411918 -0.08257568450620588 
52 1 0.6449566825172046 0.9339257360242692 1.3859629407346752 -0.8438948985268577 -0.05924782117547418 1.8704128546897005 0.6230150525057749 
53 -1 1.2845600616428918 0.5821675229493387 0.2529030956358852 -2.338248416713605 -1.057158789432257 1.143515029108129 -0.45889074424592896 
54 -1 -1.2738534548598568 -1.528381755500244 -1.498189392244063 -2.6584670277536224 -1.8247826111682437 -1.2189029040319774 -1.446717776062702 
55 -1 -0.6342500757341696 -0.38516756300672 -0.10761594598645707 -1.0573739725535358 0.7851383827341113 -0.673729534845799 1.5638027018550826 
56 -1 -0.31444838617132603 0.05453020333694304 -0.21062138644998343 0.33024000861987235 0.17103932534532185 -0.8554539912411918 0.38781814016844796 
57 1 -0.10124725979609697 -0.38516756300672 -0.056113225754693886 0.6504586196598896 2.243623644032486 0.2348927471311651 1.7049208492574788 
58 1 -1.7002557076103149 -1.1766235424253135 -1.4466866720122997 0.9706772306999069 -0.13601020334907288 -1.0371784476365846 -1.070402716322979 
59 1 0.11195386657913206 0.4062884164118735 0.7164275777217538 0.11676093459319413 1.0154255292549073 0.4166172035265579 0.7170938174407057 
60 1 -1.2738534548598568 -1.1766235424253135 -1.0346649101581944 -0.41693675047350137 0.40132647186611786 -1.582351816822763 -0.3648119793109982 
61 -1 1.1779594984552773 1.901260821980328 1.8494874228205438 1.7178539897932805 1.4376186312097001 0.2348927471311651 1.8930783791273402 
62 -1 -0.42104894935894055 -0.47310711627545265 -0.15911866621822027 -0.31019721346016227 0.5932324273001146 -1.4006273604273702 1.516763319387617 
63 -1 0.11195386657913206 0.14246975660567565 0.3559085360994116 -0.20345767644682317 -0.13601020334907288 0.053168290735772276 0.4348575226359134 
64 -1 -0.31444838617132603 -0.5610466695441853 -0.6741458685358521 -1.3775925835935532 0.05589575208492383 -0.12855616565962055 0.999330112245498 
65 1 -0.6342500757341696 -0.5610466695441853 -0.622643148304089 0.7571981566732288 0.7467571916473119 0.4166172035265579 0.011503080428724893 
66 1 -1.7002557076103149 -1.4404422022315113 -1.8072057136346422 1.8245935268066196 -0.6349656874774643 -0.673729534845799 -1.446717776062702 
67 1 -0.2078478229837115 0.05453020333694304 0.2529030956358852 0.4369795456332114 0.7467571916473119 -1.2189029040319774 0.4348575226359134 
68 -1 -0.9540517652970132 -1.0007444358878483 -0.8286540292311416 -0.31019721346016227 -0.8652528339982603 -1.2189029040319774 -0.6470482741157905 
69 1 1.71096231439335 1.8133212687115954 2.2615091846746496 0.9706772306999069 1.5143810133832987 0.053168290735772276 1.375645171985221 
70 -1 2.0307640039561936 1.7253817154428628 1.2829575002711489 -1.0573739725535358 -0.4046785409566682 -0.673729534845799 0.3407787577009826 
71 1 0.005353303391517542 0.05453020333694304 -0.15911866621822027 0.6504586196598896 1.0538067203417067 0.5983416599219508 0.48189690510337874 
72 -1 0.7515572457048192 0.5821675229493387 0.20140037540412203 -1.5910716576202315 -0.4430597320434676 0.053168290735772276 0.05854246289619028 
73 -1 -0.740850638921784 -0.2972280097379874 -0.3136268269135098 -0.31019721346016227 -0.25115377660947086 -1.582351816822763 0.5759756700383095 
74 1 -0.527649512546555 -1.088683989156581 -0.6741458685358521 -2.6584670277536224 -1.0187775983454577 1.506963941898915 -0.5529695091808597 
75 1 0.43175555614197564 0.7580466294868039 0.9224384586488066 0.5437190826465506 1.5143810133832987 1.143515029108129 1.0463694947129634 
76 -1 0.21855442976674658 0.4062884164118735 1.4889683811982015 -0.20345767644682317 1.1689502936021046 0.5983416599219508 2.1753146739321325 
77 -1 0.21855442976674658 0.05453020333694304 0.14989765517235884 0.010021397579855033 -1.0187775983454577 -0.673729534845799 -0.9292845689205828 
78 -1 2.1373645671438077 1.63744216217413 1.3344602205029121 -1.2708530465802141 -0.21277258552267153 -0.3102806220550134 0.4348575226359134 
79 -1 -0.2078478229837115 0.23040930987440827 0.3559085360994116 0.11676093459319413 -0.4046785409566682 0.4166172035265579 -0.03553630203874049 
80 -1 -0.8474512021093986 -0.9128048826191157 -0.8801567494629048 -0.7371553615135187 -0.13601020334907288 -1.4006273604273702 0.5289362875708441 
81 -1 0.11195386657913206 -0.12134890320052218 -0.004610505522930705 0.33024000861987235 -0.09762901226227352 -0.12855616565962055 0.15262122783112106 
82 1 -0.527649512546555 -0.20928845646925479 -0.004610505522930705 0.8639376936865678 -0.25115377660947086 0.9617905727127364 -0.600008891648325 
83 1 0.3251549929543611 0.4062884164118735 1.0769466193440962 -0.7371553615135187 0.17103932534532185 2.5973106802712715 0.2937393752335172 
84 1 -0.2078478229837115 0.14246975660567565 -0.004610505522930705 2.038072600833298 0.8235195738209106 1.8704128546897005 0.10558184536365565 
85 -1 0.005353303391517542 0.23040930987440827 0.09839493494059566 -0.20345767644682317 -0.25115377660947086 0.053168290735772276 -0.03553630203874049 
86 1 0.21855442976674658 0.31834886314314087 0.4589139765629379 0.7571981566732288 1.322475057949302 1.506963941898915 0.6230150525057749 
87 -1 0.11195386657913206 0.31834886314314087 0.14989765517235884 0.8639376936865678 0.8235195738209106 -0.4920050784504062 0.48189690510337874 
88 1 0.21855442976674658 -0.20928845646925479 0.20140037540412203 -0.31019721346016227 1.6295245866436967 0.5983416599219508 1.0934088771804287 
89 1 -1.2738534548598568 -0.47310711627545265 -0.622643148304089 0.6504586196598896 0.7083760005605126 -0.12855616565962055 -0.17665444944113665 
90 1 -0.9540517652970132 -0.7369257760816504 -0.46813498760879935 -1.164113509566875 -0.5965844963906649 0.9617905727127364 -0.5529695091808597 
91 1 -0.10124725979609697 0.05453020333694304 0.3559085360994116 -2.0180298056735877 -0.8652528339982603 1.6886883982943077 -0.3648119793109982 
92 -1 -0.740850638921784 -0.2972280097379874 0.09839493494059566 0.22350047160653322 -0.5965844963906649 -1.0371784476365846 -0.2707332143760674 
93 -1 0.5383561193295902 0.6701070762180713 0.2529030956358852 0.5437190826465506 -0.48144092313026693 0.2348927471311651 -0.600008891648325 
94 -1 0.7515572457048192 0.5821675229493387 0.3044058158676484 0.010021397579855033 -0.21277258552267153 -0.8554539912411918 -0.12961506697367126 
95 -1 1.8175628775809645 1.2856839490991996 1.0769466193440962 0.33024000861987235 -0.09762901226227352 -0.673729534845799 0.3407787577009826 
96 -1 0.21855442976674658 -0.20928845646925479 -0.21062138644998343 -1.164113509566875 -0.1743913944358722 -0.673729534845799 0.2466999927660518 
97 1 0.7515572457048192 0.7580466294868039 1.0769466193440962 0.6504586196598896 1.8214305420776935 1.6886883982943077 1.516763319387617 
98 1 0.6449566825172046 0.6701070762180713 1.1799520598076225 -0.5236762874868405 1.2457126757757033 1.6886883982943077 1.516763319387617 
99 -1 1.2845600616428918 0.8459861827555366 1.025443899112333 -0.5236762874868405 -0.25115377660947086 -0.12855616565962055 0.3407787577009826 
100 -1 0.43175555614197564 0.4942279696806061 0.20140037540412203 0.6504586196598896 0.13265813425852252 -0.4920050784504062 -0.5529695091808597 
101 -1 -0.10124725979609697 -0.03340934993178957 0.04689221470883248 -0.20345767644682317 0.7851383827341113 0.5983416599219508 0.7170938174407057 
102 1 -0.8474512021093986 -1.1766235424253135 -1.1376703506217207 -0.41693675047350137 0.3245640896925192 -0.12855616565962055 -0.17665444944113665 
103 -1 -0.10124725979609697 0.05453020333694304 0.09839493494059566 0.11676093459319413 -0.21277258552267153 1.506963941898915 0.011503080428724893 
104 -1 -1.1672528916722422 -1.0007444358878483 -0.931659469694668 0.6504586196598896 -0.48144092313026693 -0.673729534845799 -0.6940876565832559 
105 -1 1.0713589352676627 0.6701070762180713 0.3044058158676484 -1.164113509566875 -0.4046785409566682 0.053168290735772276 -0.12961506697367126 
106 -1 -0.10124725979609697 -0.03340934993178957 -0.004610505522930705 0.010021397579855033 0.05589575208492383 -0.4920050784504062 0.3407787577009826 
107 1 -0.8474512021093986 -0.38516756300672 -0.5196377078405625 2.5717702858999933 0.47808885403971657 0.7800661163173436 -0.2707332143760674 
108 1 -1.3804540180474711 -1.2645630956940461 -1.3951839517805367 1.077416767713246 -0.7501092607378623 -0.4920050784504062 -0.9292845689205828 
109 -1 0.5383561193295902 0.5821675229493387 0.8194330181852802 0.11676093459319413 1.0154255292549073 1.325239485503522 1.516763319387617 
110 -1 1.8175628775809645 1.63744216217413 1.3344602205029121 -0.31019721346016227 0.2861828986057199 -0.673729534845799 0.7170938174407057 
111 -1 -0.42104894935894055 -0.20928845646925479 0.20140037540412203 -0.20345767644682317 0.6699948094737133 0.2348927471311651 0.6700544349732402 
112 1 0.21855442976674658 0.9339257360242692 1.2829575002711489 1.3976353787532634 2.205242452945687 0.5983416599219508 1.2815664070502903 
113 -1 -1.0606523284846276 -1.088683989156581 -1.0861676303899575 -0.41693675047350137 -0.28953496769627024 -1.582351816822763 0.10558184536365565 
114 1 -1.7002557076103149 -1.792200415306442 -2.013216594561695 0.33024000861987235 -1.4793518913870498 -1.582351816822763 -2.0111903656722867 
115 1 0.3251549929543611 0.4062884164118735 0.40741125633117475 0.5437190826465506 1.1689502936021046 0.7800661163173436 0.9052513473105672 
116 1 -0.9540517652970132 -0.9128048826191157 -1.189173070853484 0.22350047160653322 -0.13601020334907288 -0.8554539912411918 -0.2707332143760674 
117 1 0.5383561193295902 1.1098048425617344 1.0769466193440962 0.9706772306999069 0.20942051643212117 1.506963941898915 0.011503080428724893 
118 1 0.43175555614197564 0.4062884164118735 0.5104166967947011 0.33024000861987235 0.40132647186611786 1.143515029108129 0.3407787577009826 
119 1 0.43175555614197564 0.4062884164118735 0.7164275777217538 0.5437190826465506 2.1284800707720883 1.325239485503522 1.4697239369201518 
120 -1 0.005353303391517542 -0.12134890320052218 0.14989765517235884 -0.41693675047350137 0.977044338168108 0.053168290735772276 0.9522907297780325 
121 -1 1.6043617512057353 0.5821675229493387 0.2529030956358852 -1.5910716576202315 -0.942015216171859 1.8704128546897005 -0.5059301267133943 
122 -1 1.4977611880181207 1.63744216217413 1.1799520598076225 -1.3775925835935532 -0.4046785409566682 0.053168290735772276 0.2937393752335172 
123 1 0.6449566825172046 1.2856839490991996 1.5404711014299648 -0.09671813943348406 1.8214305420776935 2.0521373110850933 1.1874876421153595 
124 -1 -0.42104894935894055 -0.38516756300672 -0.2621241066817466 -0.7371553615135187 0.01751456099812449 -0.12855616565962055 -0.17665444944113665 
125 1 0.8581578088924336 1.2856839490991996 1.5404711014299648 1.3976353787532634 1.7446681599040947 1.506963941898915 1.0463694947129634 
126 -1 0.8581578088924336 0.4942279696806061 0.3559085360994116 -0.6304158245001795 -0.4430597320434676 -0.673729534845799 -0.03553630203874049 
127 1 -0.8474512021093986 -0.47310711627545265 -0.056113225754693886 -2.338248416713605 -1.2490647448662537 1.143515029108129 -0.6470482741157905 
128 1 0.3251549929543611 0.23040930987440827 0.40741125633117475 0.4369795456332114 0.36294528077931854 1.325239485503522 -0.22369383190860204 
129 1 -0.6342500757341696 -0.47310711627545265 -0.3136268269135098 0.6504586196598896 0.9386631470813086 0.4166172035265579 0.38781814016844796 
130 1 -1.0606523284846276 -1.528381755500244 -1.3951839517805367 0.22350047160653322 -0.4430597320434676 -1.2189029040319774 -1.1644814812579096 
131 1 -0.8474512021093986 -0.7369257760816504 -1.3951839517805367 1.8245935268066196 0.5932324273001146 -1.582351816822763 -0.12961506697367126 
132 -1 1.0713589352676627 0.6701070762180713 0.8709357384170434 -0.6304158245001795 0.13265813425852252 -1.0371784476365846 0.48189690510337874 
133 1 -1.5936551444227003 -1.3525026489627787 -1.5496921124758263 1.3976353787532634 -0.9803964072586583 -1.582351816822763 -1.7759934533349597 
134 1 -1.8068562707979292 -1.704260862037709 -1.8072057136346422 0.7571981566732288 -0.8652528339982603 -0.3102806220550134 -1.587835923465098 
135 -1 1.8175628775809645 1.901260821980328 1.9524928632840703 0.6504586196598896 1.8598117331644928 -0.673729534845799 1.9401177615948055 
136 1 0.005353303391517542 0.4062884164118735 0.4589139765629379 0.4369795456332114 0.36294528077931854 0.2348927471311651 0.5289362875708441 
137 -1 -0.2078478229837115 0.05453020333694304 -0.10761594598645707 -0.09671813943348406 -0.13601020334907288 -0.3102806220550134 -0.2707332143760674 
138 1 -1.0606523284846276 -1.792200415306442 -1.755702993402879 -0.20345767644682317 -1.287445935953053 -1.7640762732181559 -1.3055996286603058 
139 1 0.21855442976674658 0.14246975660567565 0.20140037540412203 0.22350047160653322 1.5143810133832987 0.2348927471311651 1.0463694947129634 
140 1 0.9647583720800482 1.0218652892930018 1.5404711014299648 1.077416767713246 1.6295245866436967 1.506963941898915 1.0934088771804287 
141 1 -2.126657960360773 -2.1439586283813723 -2.2192274754887475 -0.31019721346016227 -1.057158789432257 -2.3092496424043345 -1.681914688400029 
142 -1 0.3251549929543611 0.14246975660567565 0.6649248574899906 -0.6304158245001795 0.5932324273001146 -1.0371784476365846 1.610842084322548 
143 1 -0.2078478229837115 -0.03340934993178957 0.5104166967947011 -2.0180298056735877 -0.6349656874774643 1.325239485503522 0.2466999927660518 
144 -1 0.11195386657913206 -0.03340934993178957 0.3044058158676484 -0.6304158245001795 0.01751456099812449 -0.12855616565962055 0.011503080428724893 
145 1 -1.2738534548598568 -1.0007444358878483 -1.240675791085247 2.251551674859976 -0.1743913944358722 -1.0371784476365846 -0.600008891648325 
146 1 -0.2078478229837115 -0.47310711627545265 -0.6741458685358521 -0.20345767644682317 -0.9036340250850596 -0.8554539912411918 -0.5059301267133943 
147 1 -1.2738534548598568 -1.0007444358878483 -0.9831621899264312 1.6111144527799415 -0.5198221142170663 0.2348927471311651 -1.2115208637253752 
148 -1 4.05617470452087 4.539447420042306 4.064104392786361 2.5717702858999933 3.16477223011567 0.2348927471311651 3.8687324427608862 
149 1 1.2845600616428918 1.4615630556366648 1.7979847025887807 -0.20345767644682317 1.092187911428506 0.4166172035265579 2.269393438867063 
150 1 0.21855442976674658 0.5821675229493387 1.2314547800393858 1.8245935268066196 1.092187911428506 0.4166172035265579 0.15262122783112106 
151 -1 0.11195386657913206 0.14246975660567565 0.20140037540412203 -0.5236762874868405 0.977044338168108 0.7800661163173436 0.8582119648431018 
152 1 -0.31444838617132603 0.05453020333694304 0.3559085360994116 -1.164113509566875 -0.826871642911461 0.9617905727127364 -0.3177725968435328 
153 1 1.1779594984552773 1.63744216217413 2.0554983037475965 1.6111144527799415 2.090098879685289 1.506963941898915 1.375645171985221 
154 1 -1.1672528916722422 -1.088683989156581 -1.1376703506217207 0.5437190826465506 0.17103932534532185 -0.3102806220550134 -0.5529695091808597 
155 1 0.7515572457048192 1.2856839490991996 1.3859629407346752 0.8639376936865678 1.7446681599040947 1.506963941898915 1.2345270245828248 
156 1 -0.8474512021093986 -0.824865329350383 -0.7256485887676153 -0.5236762874868405 -0.9803964072586583 1.325239485503522 -0.835205803985652 
157 -1 -0.10124725979609697 0.23040930987440827 -0.004610505522930705 1.077416767713246 0.5548512362133152 -1.0371784476365846 0.48189690510337874 
158 -1 -0.527649512546555 -0.6489862228129178 -0.5711404280723257 -2.0180298056735877 -0.9803964072586583 -0.4920050784504062 -0.3177725968435328 
159 -1 0.21855442976674658 0.23040930987440827 -0.36512954714527296 0.33024000861987235 -0.7501092607378623 -0.4920050784504062 -0.600008891648325 
160 1 0.005353303391517542 0.5821675229493387 1.0769466193440962 1.077416767713246 2.1668612618588874 1.143515029108129 1.751960231724944 
161 1 -0.42104894935894055 -0.20928845646925479 -0.056113225754693886 -1.5910716576202315 0.7851383827341113 1.143515029108129 1.2815664070502903 
162 1 -1.8068562707979292 -1.8801399685751745 -1.8587084338664053 0.5437190826465506 -1.9783073755154412 -1.2189029040319774 -2.199347895542148 
163 -1 -0.2078478229837115 -0.38516756300672 -0.622643148304089 -0.41693675047350137 -0.7501092607378623 -0.4920050784504062 -0.9292845689205828 
164 1 -0.31444838617132603 -0.47310711627545265 -0.622643148304089 1.5043749157666024 0.01751456099812449 -1.582351816822763 -0.17665444944113665 
165 -1 0.8581578088924336 0.4942279696806061 0.2529030956358852 -1.4843321206068922 -0.6733468785642636 -1.0371784476365846 0.05854246289619028 
166 1 -1.0606523284846276 -0.6489862228129178 -0.5196377078405625 0.010021397579855033 -1.172302362692655 -0.8554539912411918 -1.3996783935952366 
167 -1 2.0307640039561936 1.901260821980328 1.6434765418934911 0.010021397579855033 0.6316136183869139 0.4166172035265579 0.9522907297780325 
168 1 -0.42104894935894055 -0.7369257760816504 -0.6741458685358521 -0.5236762874868405 -0.6733468785642636 0.7800661163173436 -0.9292845689205828 
169 1 0.5383561193295902 0.7580466294868039 1.1799520598076225 0.4369795456332114 1.7446681599040947 0.4166172035265579 0.999330112245498 
170 1 -1.8068562707979292 -2.0560190751126397 -1.9617138743299316 0.5437190826465506 -1.0955399805190564 -1.0371784476365846 -1.5407965409976327 
171 1 -0.2078478229837115 0.05453020333694304 0.40741125633117475 -0.20345767644682317 1.092187911428506 0.4166172035265579 0.6230150525057749 
172 -1 -0.42104894935894055 -0.5610466695441853 -0.4166322673770362 0.11676093459319413 0.36294528077931854 -1.4006273604273702 0.5289362875708441 
173 1 0.3251549929543611 0.9339257360242692 1.1284493395758592 0.5437190826465506 1.1689502936021046 0.7800661163173436 1.375645171985221 
174 -1 0.6449566825172046 0.4062884164118735 0.14989765517235884 -0.9506344355401969 -0.4430597320434676 -0.3102806220550134 -0.22369383190860204 
175 1 -0.42104894935894055 -0.6489862228129178 -0.6741458685358521 1.077416767713246 -0.4046785409566682 -0.673729534845799 0.19966061029858642 
176 1 0.21855442976674658 0.4942279696806061 0.6134221372582275 -0.20345767644682317 0.5548512362133152 2.0521373110850933 0.9522907297780325 
177 -1 0.6449566825172046 0.4942279696806061 0.20140037540412203 0.010021397579855033 -0.7501092607378623 -0.4920050784504062 -0.41185136177846354 
178 1 1.1779594984552773 1.2856839490991996 0.9224384586488066 -0.09671813943348406 0.36294528077931854 1.143515029108129 0.38781814016844796 
179 1 0.5383561193295902 0.6701070762180713 0.6134221372582275 0.33024000861987235 1.5143810133832987 1.8704128546897005 1.0934088771804287 
180 -1 0.11195386657913206 0.31834886314314087 0.4589139765629379 -0.41693675047350137 -0.09762901226227352 0.4166172035265579 0.19966061029858642 
181 -1 -0.9540517652970132 -0.9128048826191157 -0.8801567494629048 -0.20345767644682317 -1.057158789432257 -0.673729534845799 -0.9292845689205828 
182 -1 -1.2738534548598568 -1.4404422022315113 -1.240675791085247 -0.7371553615135187 -1.3642083181266518 -0.8554539912411918 -1.3055996286603058 
183 -1 0.3251549929543611 0.31834886314314087 0.6649248574899906 0.11676093459319413 0.5932324273001146 -0.4920050784504062 1.375645171985221 
184 1 -1.8068562707979292 -1.968079521843907 -2.013216594561695 2.144812137846637 -1.0187775983454577 -1.582351816822763 -1.8700722182698906 
185 1 -2.126657960360773 -1.8801399685751745 -2.013216594561695 1.7178539897932805 -1.287445935953053 -0.4920050784504062 -1.9171116007373559 
186 1 -0.2078478229837115 -0.03340934993178957 0.5104166967947011 -1.6978111946335706 -0.7884904518246616 0.5983416599219508 -0.2707332143760674 
187 -1 -0.42104894935894055 -0.12134890320052218 0.14989765517235884 0.22350047160653322 1.1689502936021046 0.053168290735772276 0.7170938174407057 
188 -1 -0.10124725979609697 -0.12134890320052218 0.04689221470883248 -0.09671813943348406 0.5164700451265158 0.4166172035265579 0.2937393752335172 
189 -1 0.8581578088924336 0.6701070762180713 0.6134221372582275 -0.09671813943348406 -0.25115377660947086 -0.673729534845799 0.2937393752335172 
190 -1 0.6449566825172046 0.7580466294868039 0.20140037540412203 -1.2708530465802141 -0.5582033053038656 1.143515029108129 -0.03553630203874049 
191 -1 2.6703673830818806 2.2530190350552584 1.6949792621252544 -0.09671813943348406 -0.5582033053038656 -0.8554539912411918 -0.2707332143760674 
192 -1 0.005353303391517542 0.05453020333694304 -0.004610505522930705 0.11676093459319413 -0.711728069651063 -0.673729534845799 -0.7411270390507212 
193 1 -0.8474512021093986 -0.47310711627545265 -0.622643148304089 1.290895841739924 0.6699948094737133 -0.3102806220550134 -0.08257568450620588 
194 1 -0.9540517652970132 -0.5610466695441853 -0.6741458685358521 0.8639376936865678 0.3245640896925192 -1.2189029040319774 -0.45889074424592896 
195 -1 0.5383561193295902 0.4942279696806061 0.3044058158676484 -0.5236762874868405 -0.7501092607378623 -0.673729534845799 -0.22369383190860204 
196 -1 0.5383561193295902 0.4062884164118735 0.3559085360994116 0.11676093459319413 0.2861828986057199 -0.4920050784504062 0.5289362875708441 
197 1 -1.1672528916722422 -0.5610466695441853 -0.21062138644998343 -1.0573739725535358 -1.057158789432257 1.8704128546897005 -0.3648119793109982 
198 1 1.3911606248305064 1.63744216217413 2.1070010239793597 0.9706772306999069 1.8598117331644928 0.7800661163173436 1.375645171985221 
199 -1 -0.10124725979609697 0.05453020333694304 0.2529030956358852 -0.6304158245001795 -0.5965844963906649 0.5983416599219508 -0.3177725968435328 
200 -1 0.11195386657913206 -0.03340934993178957 0.5619194170264643 -0.8438948985268577 0.01751456099812449 0.053168290735772276 0.15262122783112106 
201 -1 0.7515572457048192 0.4942279696806061 0.14989765517235884 -0.09671813943348406 -0.21277258552267153 0.053168290735772276 -0.17665444944113665 
202 1 -0.740850638921784 -1.0007444358878483 -1.0861676303899575 0.4369795456332114 -0.8652528339982603 -1.0371784476365846 -0.9292845689205828 
203 -1 2.8835685094571097 1.9892003752490606 1.3344602205029121 0.5437190826465506 0.5164700451265158 -0.8554539912411918 1.0934088771804287 
204 1 -0.10124725979609697 -0.47310711627545265 -0.2621241066817466 -1.0573739725535358 0.20942051643212117 0.5983416599219508 0.3407787577009826 
205 -1 0.21855442976674658 -0.12134890320052218 -0.2621241066817466 2.251551674859976 -0.25115377660947086 -1.582351816822763 -0.5059301267133943 
206 -1 2.350565693519037 2.516837694861456 1.9524928632840703 0.6504586196598896 0.7467571916473119 -0.12855616565962055 1.4226845544526865 
207 -1 0.6449566825172046 0.31834886314314087 0.3044058158676484 -0.8438948985268577 -0.5198221142170663 -0.8554539912411918 -0.08257568450620588 
208 1 -1.3804540180474711 -1.088683989156581 -1.0346649101581944 -0.5236762874868405 -1.2490647448662537 -0.12855616565962055 -1.2115208637253752 
209 1 0.5383561193295902 0.14246975660567565 0.7164275777217538 -0.7371553615135187 1.2457126757757033 0.9617905727127364 1.2815664070502903 
210 -1 -1.0606523284846276 -0.824865329350383 -0.8286540292311416 0.8639376936865678 -0.4430597320434676 -0.673729534845799 -0.3648119793109982 
211 1 -1.2738534548598568 -1.3525026489627787 -1.5496921124758263 2.3582912118733153 -0.711728069651063 -1.0371784476365846 -1.5407965409976327 
212 1 -0.740850638921784 -0.47310711627545265 -0.10761594598645707 -2.4449879537269443 -1.517733082473849 2.233861767480486 -0.8822451864531174 
213 1 0.3251549929543611 0.4942279696806061 0.8194330181852802 0.22350047160653322 1.5911433955568974 1.8704128546897005 1.1404482596478942 
214 1 0.7515572457048192 0.6701070762180713 0.9224384586488066 0.11676093459319413 0.5548512362133152 1.143515029108129 0.19966061029858642 
215 -1 -0.31444838617132603 -1.088683989156581 -1.0861676303899575 -1.5910716576202315 -1.0955399805190564 -0.8554539912411918 -0.6940876565832559 
216 -1 1.2845600616428918 1.0218652892930018 0.9224384586488066 -0.5236762874868405 0.3245640896925192 0.4166172035265579 0.6230150525057749 
217 1 -1.1672528916722422 -1.088683989156581 -1.498189392244063 3.532426119020045 -0.4046785409566682 -1.4006273604273702 -1.3526390111277713 
218 -1 -0.527649512546555 -0.824865329350383 -0.6741458685358521 0.5437190826465506 -0.3662973498698689 0.053168290735772276 -0.835205803985652 
219 1 0.43175555614197564 0.4062884164118735 0.7679302979535171 0.8639376936865678 2.358767217292884 2.0521373110850933 1.8930783791273402 
220 -1 0.21855442976674658 -0.03340934993178957 -0.004610505522930705 -0.31019721346016227 -0.6733468785642636 0.7800661163173436 -0.17665444944113665 
221 1 0.21855442976674658 0.4942279696806061 0.3559085360994116 0.11676093459319413 -0.5965844963906649 0.7800661163173436 -0.9292845689205828 
222 1 -0.6342500757341696 -0.12134890320052218 0.5104166967947011 -1.8045507316469096 -0.8652528339982603 2.233861767480486 -0.03553630203874049 
223 1 0.21855442976674658 0.14246975660567565 -0.8801567494629048 1.3976353787532634 -0.13601020334907288 -1.582351816822763 -0.08257568450620588 
224 1 -0.740850638921784 -0.7369257760816504 -0.7771513089993785 1.077416767713246 0.17103932534532185 -0.3102806220550134 -0.2707332143760674 
225 -1 0.5383561193295902 0.4062884164118735 0.20140037540412203 -0.09671813943348406 -0.21277258552267153 -1.0371784476365846 -0.45889074424592896 
226 1 0.005353303391517542 0.4062884164118735 0.7679302979535171 -1.5910716576202315 -0.6733468785642636 1.325239485503522 0.15262122783112106 
227 1 0.005353303391517542 0.14246975660567565 0.4589139765629379 -0.41693675047350137 1.207331484688904 1.6886883982943077 1.1874876421153595 
228 1 1.2845600616428918 1.5495026089053974 1.3859629407346752 1.9313330638199588 1.7446681599040947 1.8704128546897005 0.9052513473105672 
229 -1 0.21855442976674658 0.14246975660567565 0.14989765517235884 -1.0573739725535358 0.3245640896925192 0.2348927471311651 0.4348575226359134 
230 -1 0.5383561193295902 -0.03340934993178957 -0.2621241066817466 -1.9112902686602486 -1.2106835537794542 -0.673729534845799 -0.5059301267133943 
231 -1 -0.6342500757341696 -0.9128048826191157 -1.0346649101581944 0.11676093459319413 -0.711728069651063 -0.673729534845799 -0.600008891648325 
232 1 -2.0200573971731584 -2.1439586283813723 -2.1677247552569843 0.7571981566732288 -1.7480202289946452 -1.9458007296135487 -2.199347895542148 
233 1 -0.31444838617132603 0.05453020333694304 0.09839493494059566 1.7178539897932805 1.5911433955568974 0.5983416599219508 0.8582119648431018 
234 -1 0.5383561193295902 0.7580466294868039 0.4589139765629379 -0.31019721346016227 -0.3662973498698689 -0.4920050784504062 -0.08257568450620588 
235 1 -1.7002557076103149 -1.792200415306442 -2.1677247552569843 0.4369795456332114 -1.2106835537794542 -1.7640762732181559 -1.9171116007373559 
236 -1 -0.527649512546555 -0.824865329350383 -1.3951839517805367 -0.9506344355401969 -1.5944954646474478 -1.0371784476365846 -1.3055996286603058 
237 -1 0.21855442976674658 -0.03340934993178957 0.09839493494059566 -0.41693675047350137 -0.32791615878306957 -0.8554539912411918 0.10558184536365565 
238 -1 0.5383561193295902 0.14246975660567565 -0.056113225754693886 0.010021397579855033 0.09427694317172317 -0.3102806220550134 -0.12961506697367126 
239 1 -1.0606523284846276 -1.088683989156581 -0.6741458685358521 0.4369795456332114 -0.5965844963906649 -0.4920050784504062 -1.0233633338555135 
240 1 0.5383561193295902 0.4942279696806061 0.6134221372582275 0.33024000861987235 1.783049350990894 1.325239485503522 1.610842084322548 
241 1 -1.0606523284846276 -1.2645630956940461 -1.3436812315487734 -1.4843321206068922 -0.826871642911461 0.053168290735772276 -0.7411270390507212 
242 1 -0.42104894935894055 -0.47310711627545265 -0.46813498760879935 0.22350047160653322 0.6316136183869139 1.143515029108129 0.6230150525057749 
243 1 -1.5936551444227003 -1.528381755500244 -1.5496921124758263 1.7178539897932805 -0.6733468785642636 -1.0371784476365846 -1.9171116007373559 
244 -1 -0.31444838617132603 -0.2972280097379874 -0.21062138644998343 0.5437190826465506 0.17103932534532185 0.053168290735772276 -0.22369383190860204 
245 -1 -0.740850638921784 -0.6489862228129178 -0.7771513089993785 0.4369795456332114 -0.05924782117547418 0.4166172035265579 -0.5529695091808597 
246 -1 -0.527649512546555 -0.38516756300672 -0.15911866621822027 -0.31019721346016227 0.5932324273001146 -0.673729534845799 0.19966061029858642 
247 -1 0.6449566825172046 0.8459861827555366 0.6649248574899906 -0.31019721346016227 0.3245640896925192 1.143515029108129 1.0934088771804287 
248 -1 -0.10124725979609697 -0.38516756300672 -0.46813498760879935 -1.5910716576202315 -0.9036340250850596 -0.4920050784504062 -0.6940876565832559 
249 1 -0.31444838617132603 -0.2972280097379874 0.09839493494059566 -0.9506344355401969 -0.28953496769627024 2.0521373110850933 -0.3177725968435328 
250 -1 -0.10124725979609697 -0.2972280097379874 -0.36512954714527296 0.5437190826465506 -0.6349656874774643 -0.673729534845799 -0.9763239513880482 
251 1 -1.0606523284846276 -0.824865329350383 -0.6741458685358521 -0.5236762874868405 -0.3662973498698689 0.7800661163173436 -0.2707332143760674 
252 1 0.5383561193295902 0.7580466294868039 0.9224384586488066 -0.20345767644682317 1.0538067203417067 1.6886883982943077 1.375645171985221 
253 -1 0.8581578088924336 0.7580466294868039 0.6134221372582275 -0.5236762874868405 -0.21277258552267153 -0.4920050784504062 -0.17665444944113665 
254 1 0.005353303391517542 -0.03340934993178957 0.09839493494059566 0.22350047160653322 1.3992374401229006 0.5983416599219508 0.8111725823756364 
255 1 -0.9540517652970132 -1.1766235424253135 -1.240675791085247 0.22350047160653322 0.7851383827341113 -0.4920050784504062 -0.03553630203874049 
256 1 0.3251549929543611 0.31834886314314087 0.9224384586488066 0.6504586196598896 1.7062869688172955 1.325239485503522 1.2815664070502903 
257 -1 0.005353303391517542 -0.12134890320052218 0.04689221470883248 0.010021397579855033 0.3245640896925192 -0.3102806220550134 0.48189690510337874 
258 -1 -0.6342500757341696 -0.2972280097379874 -0.2621241066817466 -0.20345767644682317 0.24780170751892053 -1.0371784476365846 0.6700544349732402 
259 1 -1.8068562707979292 -2.0560190751126397 -2.064719314793458 0.7571981566732288 -0.9803964072586583 -0.8554539912411918 -1.7289540708674944 
260 -1 -0.10124725979609697 -0.03340934993178957 -0.004610505522930705 -1.2708530465802141 -1.057158789432257 -0.3102806220550134 -0.5529695091808597 
261 -1 0.7515572457048192 0.9339257360242692 0.5619194170264643 0.8639376936865678 -0.21277258552267153 -0.3102806220550134 -0.03553630203874049 
262 -1 0.3251549929543611 -0.03340934993178957 -0.2621241066817466 -0.5236762874868405 -0.5965844963906649 -0.12855616565962055 -0.41185136177846354 
263 1 -1.9134568339855438 -2.0560190751126397 -2.064719314793458 0.33024000861987235 -1.402589509213451 -1.582351816822763 -1.7289540708674944 
264 1 -0.8474512021093986 -0.7369257760816504 -0.9831621899264312 1.3976353787532634 0.20942051643212117 -0.12855616565962055 -0.9763239513880482 
265 1 -0.31444838617132603 0.14246975660567565 0.3559085360994116 -0.41693675047350137 -0.4046785409566682 0.2348927471311651 -0.41185136177846354 
266 1 -0.42104894935894055 -0.03340934993178957 0.09839493494059566 0.9706772306999069 0.6699948094737133 -0.12855616565962055 0.05854246289619028 
267 -1 -0.2078478229837115 -0.2972280097379874 -0.622643148304089 0.9706772306999069 0.01751456099812449 -1.2189029040319774 -0.5529695091808597 
268 1 -0.6342500757341696 -0.47310711627545265 0.09839493494059566 -0.41693675047350137 0.2861828986057199 -1.2189029040319774 0.4348575226359134 
269 1 1.6043617512057353 2.2530190350552584 2.673530946528755 1.5043749157666024 2.090098879685289 1.8704128546897005 1.9401177615948055 
270 -1 -0.42104894935894055 -0.38516756300672 -0.3136268269135098 -0.5236762874868405 -0.5965844963906649 1.143515029108129 -0.8822451864531174 
271 -1 0.11195386657913206 0.4942279696806061 0.09839493494059566 -0.8438948985268577 -0.8652528339982603 -0.673729534845799 -0.3177725968435328 
272 1 -1.0606523284846276 -1.0007444358878483 -1.0346649101581944 0.6504586196598896 -0.4430597320434676 0.5983416599219508 -0.600008891648325 
273 -1 -0.10124725979609697 0.05453020333694304 -0.10761594598645707 -0.5236762874868405 -0.32791615878306957 -0.3102806220550134 -0.3648119793109982 
274 -1 0.3251549929543611 0.4062884164118735 0.5104166967947011 -0.5236762874868405 -0.25115377660947086 -0.4920050784504062 0.2466999927660518 
275 1 -0.2078478229837115 -0.38516756300672 -0.46813498760879935 1.9313330638199588 0.5932324273001146 -0.673729534845799 -0.03553630203874049 
276 1 0.005353303391517542 0.4062884164118735 0.6649248574899906 0.7571981566732288 -1.4793518913870498 0.5983416599219508 -1.9171116007373559 
277 -1 1.2845600616428918 0.9339257360242692 0.7679302979535171 -0.31019721346016227 0.36294528077931854 -0.12855616565962055 0.7641331999081711 
278 -1 0.3251549929543611 -0.03340934993178957 -0.15911866621822027 -0.5236762874868405 -0.7501092607378623 0.4166172035265579 -0.3177725968435328 
279 1 -2.0200573971731584 -2.0560190751126397 -2.1677247552569843 -0.6304158245001795 -1.5561142735606484 -0.8554539912411918 -2.0111903656722867 
280 -1 0.5383561193295902 -0.03340934993178957 -0.2621241066817466 -1.9112902686602486 -1.3258271270398523 0.053168290735772276 -0.8822451864531174 
281 1 -0.10124725979609697 0.14246975660567565 0.6649248574899906 -0.5236762874868405 0.20942051643212117 2.233861767480486 0.10558184536365565 
282 -1 -0.527649512546555 -0.47310711627545265 -0.2621241066817466 0.5437190826465506 -0.020866630088674846 0.053168290735772276 -0.3177725968435328 
283 -1 0.21855442976674658 0.31834886314314087 0.04689221470883248 -0.31019721346016227 -0.3662973498698689 -0.3102806220550134 0.2466999927660518 
284 1 -1.3804540180474711 -1.2645630956940461 -1.1376703506217207 2.144812137846637 -0.48144092313026693 -0.8554539912411918 -1.3055996286603058 
285 -1 0.9647583720800482 0.9339257360242692 1.0769466193440962 0.010021397579855033 0.43970766295291724 -0.673729534845799 1.1874876421153595 
286 1 0.8581578088924336 1.1098048425617344 0.9224384586488066 0.010021397579855033 1.4759998222964994 0.5983416599219508 1.516763319387617 
287 1 -2.0200573971731584 -1.968079521843907 -1.9617138743299316 0.8639376936865678 -0.826871642911461 0.4166172035265579 -1.6348753059325636 
288 1 1.8175628775809645 2.6047772481301887 2.416017345369939 0.9706772306999069 1.4376186312097001 0.4166172035265579 1.516763319387617 
289 1 0.3251549929543611 0.4942279696806061 0.6649248574899906 0.11676093459319413 1.8214305420776935 1.325239485503522 1.4697239369201518 
290 -1 1.9241634407685788 1.5495026089053974 0.9224384586488066 0.33024000861987235 -0.25115377660947086 -0.3102806220550134 0.2937393752335172 
291 -1 1.8175628775809645 1.63744216217413 1.1799520598076225 -0.31019721346016227 -0.020866630088674846 -0.4920050784504062 0.48189690510337874 
292 1 0.21855442976674658 0.31834886314314087 0.6134221372582275 0.4369795456332114 2.1668612618588874 1.506963941898915 1.7049208492574788 
293 1 -0.9540517652970132 -0.824865329350383 -1.0861676303899575 -0.41693675047350137 -0.7884904518246616 -0.4920050784504062 -1.1644814812579096 
294 -1 -0.42104894935894055 -0.5610466695441853 -0.4166322673770362 -0.7371553615135187 -0.020866630088674846 -0.673729534845799 0.8111725823756364 
295 1 1.4977611880181207 -0.824865329350383 -0.7771513089993785 0.5437190826465506 0.2861828986057199 -0.3102806220550134 -0.12961506697367126 
296 1 -0.6342500757341696 -0.824865329350383 -1.3951839517805367 0.9706772306999069 -1.2106835537794542 -1.2189029040319774 -1.2585602461928405 
297 1 0.9647583720800482 1.1098048425617344 1.6434765418934911 0.7571981566732288 1.8598117331644928 1.325239485503522 1.0463694947129634 
298 -1 -1.4870545812350857 -1.1766235424253135 -1.6526975529393526 0.6504586196598896 -1.2106835537794542 -1.4006273604273702 -1.587835923465098 
299 1 0.5383561193295902 0.4942279696806061 0.7679302979535171 0.010021397579855033 1.092187911428506 1.325239485503522 1.0463694947129634 
300 -1 0.43175555614197564 0.6701070762180713 0.6134221372582275 0.5437190826465506 0.47808885403971657 -0.12855616565962055 0.15262122783112106 
301 1 2.6703673830818806 3.1324145677425843 3.034049988151097 0.6504586196598896 1.092187911428506 0.7800661163173436 1.7989996141924094 
302 1 0.7515572457048192 0.4942279696806061 1.1799520598076225 0.33024000861987235 2.0517176885984894 0.2348927471311651 1.2815664070502903 
303 1 -0.42104894935894055 -0.5610466695441853 -0.36512954714527296 0.7571981566732288 -0.6733468785642636 -1.4006273604273702 -0.08257568450620588 
304 1 -0.42104894935894055 -0.2972280097379874 -0.21062138644998343 -0.31019721346016227 -0.32791615878306957 0.4166172035265579 -0.5529695091808597 
305 1 0.6449566825172046 0.8459861827555366 1.2314547800393858 0.7571981566732288 3.1263910390288707 1.6886883982943077 2.4105115862694593 
306 1 0.11195386657913206 0.31834886314314087 0.3559085360994116 0.4369795456332114 0.86190076490771 1.325239485503522 0.5289362875708441 
307 1 0.3251549929543611 0.7580466294868039 0.5104166967947011 -0.9506344355401969 -0.942015216171859 0.2348927471311651 -0.45889074424592896 
308 1 -1.5936551444227003 -1.704260862037709 -1.9102111540981686 1.6111144527799415 -1.0187775983454577 -1.582351816822763 -1.681914688400029 
309 -1 -0.6342500757341696 -0.824865329350383 -0.9831621899264312 -0.09671813943348406 -0.942015216171859 -0.8554539912411918 -0.6940876565832559 
310 1 -0.8474512021093986 -1.0007444358878483 -1.0346649101581944 0.6504586196598896 0.3245640896925192 0.7800661163173436 -0.08257568450620588 
311 -1 0.11195386657913206 0.5821675229493387 0.8194330181852802 0.9706772306999069 1.322475057949302 -0.4920050784504062 2.0341965265297364 
312 -1 -0.31444838617132603 -0.2972280097379874 -0.15911866621822027 -1.0573739725535358 -1.0955399805190564 0.053168290735772276 -0.7881664215181866 
313 1 -1.0606523284846276 -1.0007444358878483 -1.0861676303899575 0.33024000861987235 -0.4430597320434676 0.4166172035265579 -0.41185136177846354 
314 1 -1.1672528916722422 -1.088683989156581 -1.0861676303899575 -0.6304158245001795 -0.5965844963906649 -1.0371784476365846 -0.8822451864531174 
315 1 -1.4870545812350857 -1.2645630956940461 -1.0346649101581944 0.33024000861987235 -1.2106835537794542 -0.4920050784504062 -1.2585602461928405 
316 -1 1.0713589352676627 0.4942279696806061 0.2529030956358852 -1.164113509566875 -0.25115377660947086 0.2348927471311651 -0.3177725968435328 
317 -1 -0.42104894935894055 -0.20928845646925479 0.04689221470883248 0.11676093459319413 0.6316136183869139 1.143515029108129 0.3407787577009826 
318 -1 -0.10124725979609697 -0.2972280097379874 -0.15911866621822027 -0.41693675047350137 0.13265813425852252 -0.3102806220550134 0.2466999927660518 
319 -1 0.3251549929543611 1.3736235023679322 2.5705255060652283 1.5043749157666024 2.8577227014212756 0.2348927471311651 4.103929355098213 
320 -1 -0.527649512546555 -0.7369257760816504 -0.7256485887676153 -0.31019721346016227 -0.5198221142170663 -1.582351816822763 -0.12961506697367126 
321 -1 0.005353303391517542 0.14246975660567565 0.14989765517235884 -0.8438948985268577 0.13265813425852252 0.053168290735772276 0.4348575226359134 
322 1 -0.2078478229837115 -0.20928845646925479 -0.004610505522930705 -0.41693675047350137 -0.05924782117547418 0.053168290735772276 -0.2707332143760674 
323 -1 0.11195386657913206 -0.38516756300672 -0.056113225754693886 -1.5910716576202315 -1.0955399805190564 0.053168290735772276 -0.6470482741157905 
324 -1 0.005353303391517542 0.05453020333694304 0.09839493494059566 -0.8438948985268577 -0.28953496769627024 -0.8554539912411918 0.2466999927660518 
325 -1 0.5383561193295902 -0.20928845646925479 -0.10761594598645707 -2.551727490740283 -1.4409707003002503 -0.3102806220550134 -0.835205803985652 
326 -1 0.3251549929543611 -0.12134890320052218 -0.004610505522930705 -0.5236762874868405 -0.32791615878306957 -1.4006273604273702 -0.17665444944113665 
327 -1 0.005353303391517542 0.05453020333694304 0.04689221470883248 0.22350047160653322 0.17103932534532185 0.053168290735772276 -0.03553630203874049 
328 1 0.7515572457048192 0.4062884164118735 0.09839493494059566 0.4369795456332114 -0.6733468785642636 0.7800661163173436 -0.5529695091808597 
329 1 0.9647583720800482 1.63744216217413 1.7464819823570175 0.11676093459319413 1.207331484688904 1.6886883982943077 0.999330112245498 
330 -1 -0.10124725979609697 -0.03340934993178957 -0.004610505522930705 0.010021397579855033 0.05589575208492383 -0.4920050784504062 0.3407787577009826 
331 -1 0.005353303391517542 -0.03340934993178957 0.04689221470883248 -0.31019721346016227 0.24780170751892053 -0.12855616565962055 0.2466999927660518 
332 -1 0.21855442976674658 0.05453020333694304 -0.004610505522930705 -0.9506344355401969 -0.05924782117547418 -0.3102806220550134 -0.08257568450620588 
333 1 -0.42104894935894055 -0.03340934993178957 0.3559085360994116 -1.8045507316469096 -1.0955399805190564 1.143515029108129 -0.41185136177846354 
334 1 -1.4870545812350857 -1.3525026489627787 -1.498189392244063 0.4369795456332114 -1.0955399805190564 -0.12855616565962055 -1.5407965409976327 
335 1 -1.3804540180474711 -1.528381755500244 -1.6011948327075893 -0.5236762874868405 -0.09762901226227352 0.7800661163173436 -0.45889074424592896 
336 -1 -0.2078478229837115 -0.2972280097379874 -0.15911866621822027 0.6504586196598896 -0.09762901226227352 -0.673729534845799 0.19966061029858642 
337 1 -0.42104894935894055 -0.47310711627545265 -0.46813498760879935 0.33024000861987235 -0.4046785409566682 1.143515029108129 -0.6470482741157905 
338 -1 0.7515572457048192 0.7580466294868039 0.40741125633117475 0.11676093459319413 0.13265813425852252 -0.673729534845799 0.5759756700383095 
339 -1 -1.2738534548598568 -1.2645630956940461 -1.3951839517805367 -0.6304158245001795 -1.3642083181266518 -0.8554539912411918 -1.446717776062702 
340 -1 -0.10124725979609697 -0.38516756300672 -0.4166322673770362 -0.9506344355401969 -1.3642083181266518 -0.12855616565962055 -0.9292845689205828 
341 -1 0.43175555614197564 0.05453020333694304 -0.36512954714527296 2.251551674859976 0.7083760005605126 -1.4006273604273702 0.7641331999081711 
342 -1 -0.2078478229837115 -0.12134890320052218 0.8194330181852802 0.11676093459319413 1.092187911428506 -0.3102806220550134 1.846038996659875 
343 1 0.11195386657913206 0.05453020333694304 0.4589139765629379 -2.124769342686927 -0.826871642911461 1.325239485503522 -0.03553630203874049 
344 -1 -0.6342500757341696 -0.9128048826191157 -0.931659469694668 -1.164113509566875 -0.5965844963906649 -1.2189029040319774 -0.600008891648325 
345 1 -1.1672528916722422 -0.824865329350383 -0.7771513089993785 0.22350047160653322 -0.48144092313026693 0.5983416599219508 -0.8822451864531174 
346 -1 -0.31444838617132603 -0.20928845646925479 0.09839493494059566 -1.0573739725535358 -0.4046785409566682 -1.0371784476365846 0.38781814016844796 
347 -1 0.3251549929543611 0.4062884164118735 0.3559085360994116 -0.8438948985268577 -0.942015216171859 -1.0371784476365846 -0.3177725968435328 
348 1 -1.2738534548598568 -1.4404422022315113 -1.8072057136346422 1.5043749157666024 -0.711728069651063 -0.8554539912411918 -1.2585602461928405 
349 -1 0.3251549929543611 0.23040930987440827 0.2529030956358852 0.33024000861987235 0.43970766295291724 -0.673729534845799 0.4348575226359134 
350 1 0.9647583720800482 1.63744216217413 1.8494874228205438 -0.41693675047350137 0.36294528077931854 1.143515029108129 1.1404482596478942 
351 1 -0.8474512021093986 -1.2645630956940461 -1.0861676303899575 0.22350047160653322 0.2861828986057199 -0.4920050784504062 0.2937393752335172 
352 -1 0.21855442976674658 -0.03340934993178957 -0.15911866621822027 -0.9506344355401969 -0.7884904518246616 0.2348927471311651 -0.5529695091808597 
353 -1 1.6043617512057353 1.3736235023679322 0.8709357384170434 -1.4843321206068922 -0.5582033053038656 -0.3102806220550134 -0.03553630203874049 
354 -1 0.43175555614197564 0.5821675229493387 0.40741125633117475 -0.31019721346016227 -0.020866630088674846 1.325239485503522 0.2937393752335172 
355 1 -0.9540517652970132 -0.20928845646925479 -0.6741458685358521 1.5043749157666024 1.1305691025153053 0.053168290735772276 1.1874876421153595 
356 -1 -0.31444838617132603 -0.5610466695441853 -0.4166322673770362 -1.0573739725535358 -0.7501092607378623 -1.2189029040319774 -0.5529695091808597 
357 -1 0.6449566825172046 0.4062884164118735 0.3044058158676484 0.5437190826465506 -0.4430597320434676 -0.4920050784504062 -0.12961506697367126 
358 -1 -0.6342500757341696 -0.47310711627545265 -0.10761594598645707 -1.6978111946335706 -1.5944954646474478 0.2348927471311651 -1.1174420987904443 
359 1 -0.2078478229837115 -0.47310711627545265 -0.36512954714527296 -0.09671813943348406 -0.020866630088674846 -0.673729534845799 -0.3648119793109982 
360 -1 0.3251549929543611 0.5821675229493387 0.14989765517235884 -0.5236762874868405 -0.28953496769627024 0.5983416599219508 0.3407787577009826 
361 -1 -1.2738534548598568 -1.1766235424253135 -1.3436812315487734 -0.9506344355401969 -1.5944954646474478 -1.582351816822763 -1.4937571585301674 
362 -1 -0.527649512546555 -0.47310711627545265 -0.36512954714527296 0.33024000861987235 -0.25115377660947086 -1.2189029040319774 -0.5529695091808597 
363 1 0.005353303391517542 0.14246975660567565 0.20140037540412203 -0.6304158245001795 -0.09762901226227352 0.4166172035265579 0.5759756700383095 
364 1 -2.126657960360773 -1.968079521843907 -2.064719314793458 -0.6304158245001795 -1.3642083181266518 -1.7640762732181559 -1.6348753059325636 
365 1 -1.8068562707979292 -1.792200415306442 -1.8587084338664053 0.4369795456332114 -0.7501092607378623 1.143515029108129 -1.7759934533349597 
366 1 -1.9134568339855438 -1.792200415306442 -2.064719314793458 2.6785098229133326 -0.8652528339982603 -2.1275251860089415 -1.7759934533349597 
367 -1 0.6449566825172046 0.4062884164118735 0.40741125633117475 -0.6304158245001795 0.09427694317172317 -0.12855616565962055 0.3407787577009826 
368 -1 -0.527649512546555 -1.0007444358878483 -0.9831621899264312 -0.6304158245001795 -1.0955399805190564 -0.3102806220550134 -1.070402716322979 
369 1 -0.10124725979609697 0.05453020333694304 -0.10761594598645707 1.6111144527799415 0.6699948094737133 -0.8554539912411918 -0.12961506697367126 
370 -1 1.71096231439335 1.3736235023679322 0.7679302979535171 -0.7371553615135187 0.09427694317172317 0.5983416599219508 0.6230150525057749 
371 1 -0.42104894935894055 -0.38516756300672 -0.5196377078405625 1.184156304726585 1.1689502936021046 0.5983416599219508 0.4348575226359134 
372 -1 0.6449566825172046 0.14246975660567565 0.20140037540412203 -0.9506344355401969 -0.942015216171859 0.2348927471311651 -0.45889074424592896 
373 -1 0.3251549929543611 0.31834886314314087 0.09839493494059566 -0.09671813943348406 -0.020866630088674846 0.053168290735772276 0.2466999927660518 
374 -1 -0.10124725979609697 -0.38516756300672 -0.056113225754693886 0.22350047160653322 -0.4046785409566682 0.053168290735772276 -0.41185136177846354 
375 -1 1.9241634407685788 1.9892003752490606 1.900990143052307 1.9313330638199588 0.5548512362133152 1.143515029108129 0.2466999927660518 
376 1 -1.5936551444227003 -1.792200415306442 -1.755702993402879 -1.164113509566875 -1.517733082473849 -1.4006273604273702 -1.7289540708674944 
377 1 -0.42104894935894055 -0.38516756300672 -0.3136268269135098 0.11676093459319413 0.17103932534532185 1.325239485503522 -0.08257568450620588 
378 -1 -1.3804540180474711 -1.4404422022315113 -1.4466866720122997 0.010021397579855033 -0.826871642911461 -1.582351816822763 -0.6470482741157905 
379 -1 -0.527649512546555 -0.5610466695441853 -0.7256485887676153 -0.6304158245001795 -0.7501092607378623 -1.582351816822763 -0.2707332143760674 
380 -1 0.3251549929543611 0.6701070762180713 0.6649248574899906 0.11676093459319413 -0.5198221142170663 0.7800661163173436 -0.3177725968435328 
381 -1 0.7515572457048192 0.7580466294868039 1.025443899112333 -0.31019721346016227 -0.13601020334907288 -0.4920050784504062 0.6230150525057749 
382 1 -1.0606523284846276 -1.0007444358878483 -1.0346649101581944 -0.09671813943348406 -0.5198221142170663 -0.673729534845799 -0.6470482741157905 
383 1 0.43175555614197564 0.4062884164118735 0.8709357384170434 0.4369795456332114 1.667905777730496 1.6886883982943077 1.1874876421153595 
384 -1 0.5383561193295902 0.7580466294868039 0.8709357384170434 0.33024000861987235 1.0538067203417067 0.9617905727127364 1.0463694947129634 
385 -1 1.4977611880181207 1.63744216217413 1.3344602205029121 0.8639376936865678 0.7467571916473119 -0.3102806220550134 0.999330112245498 
386 -1 -1.3804540180474711 -1.1766235424253135 -1.0861676303899575 0.33024000861987235 -0.4046785409566682 -1.7640762732181559 0.05854246289619028 
387 1 0.11195386657913206 -0.03340934993178957 0.09839493494059566 -2.124769342686927 -1.0955399805190564 0.5983416599219508 -0.5529695091808597 
388 -1 2.1373645671438077 1.901260821980328 1.5404711014299648 0.8639376936865678 0.36294528077931854 -0.3102806220550134 0.6700544349732402 
389 -1 3.3099707622075676 1.2856839490991996 -0.7256485887676153 -1.2708530465802141 -1.4409707003002503 -1.0371784476365846 -1.3526390111277713 
390 -1 -0.31444838617132603 -0.2972280097379874 -0.2621241066817466 -0.5236762874868405 -0.3662973498698689 0.2348927471311651 -0.3648119793109982 
391 -1 1.71096231439335 1.0218652892930018 0.40741125633117475 -1.6978111946335706 -0.4046785409566682 0.5983416599219508 0.48189690510337874 
392 -1 2.6703673830818806 2.516837694861456 1.900990143052307 0.5437190826465506 0.6699948094737133 -0.3102806220550134 0.9522907297780325 
393 1 0.7515572457048192 1.2856839490991996 1.1284493395758592 0.11676093459319413 0.01751456099812449 -0.3102806220550134 -0.17665444944113665 
394 1 -0.6342500757341696 -0.38516756300672 -0.4166322673770362 0.4369795456332114 1.092187911428506 -1.0371784476365846 0.48189690510337874 
395 1 -1.5936551444227003 -1.6163213087689765 -2.013216594561695 0.22350047160653322 -1.172302362692655 -1.582351816822763 -1.7289540708674944 
396 -1 -0.9540517652970132 -0.7369257760816504 -0.9831621899264312 -1.6978111946335706 -1.7864014200814444 -1.2189029040319774 -1.3996783935952366 
397 1 0.005353303391517542 -0.20928845646925479 0.3044058158676484 0.5437190826465506 1.4376186312097001 1.325239485503522 0.999330112245498 
398 -1 -0.31444838617132603 -0.47310711627545265 -0.8286540292311416 -1.2708530465802141 -1.0187775983454577 1.325239485503522 -0.6940876565832559 
399 1 0.43175555614197564 0.4062884164118735 0.3044058158676484 -0.09671813943348406 0.09427694317172317 0.053168290735772276 0.2937393752335172 
400 -1 0.7515572457048192 0.5821675229493387 0.3044058158676484 -0.8438948985268577 -0.25115377660947086 -0.673729534845799 0.05854246289619028 
401 1 -0.527649512546555 -1.2645630956940461 -1.1376703506217207 0.5437190826465506 0.7083760005605126 -0.12855616565962055 0.05854246289619028 
402 -1 0.6449566825172046 0.4942279696806061 0.6649248574899906 0.11676093459319413 2.243623644032486 0.2348927471311651 1.751960231724944 
403 -1 -0.10124725979609697 0.14246975660567565 0.04689221470883248 0.5437190826465506 0.17103932534532185 -0.12855616565962055 0.19966061029858642 
404 -1 -0.31444838617132603 -0.5610466695441853 -0.7771513089993785 2.038072600833298 -0.6349656874774643 -0.673729534845799 -0.8822451864531174 
405 1 -0.527649512546555 -0.03340934993178957 0.04689221470883248 -1.3775925835935532 -0.711728069651063 0.4166172035265579 -0.2707332143760674 
406 1 -1.7002557076103149 -1.528381755500244 -1.6526975529393526 2.465030748886654 -1.172302362692655 0.2348927471311651 -1.5407965409976327 
407 -1 1.0713589352676627 1.197744395830467 0.9224384586488066 1.5043749157666024 1.1689502936021046 0.053168290735772276 0.8582119648431018 
408 1 0.21855442976674658 0.4062884164118735 0.40741125633117475 -0.7371553615135187 -0.7884904518246616 0.053168290735772276 -0.835205803985652 
409 -1 1.4977611880181207 1.3736235023679322 1.591973821661728 0.33024000861987235 1.5143810133832987 0.9617905727127364 1.7049208492574788 
410 1 -0.527649512546555 -0.5610466695441853 -0.36512954714527296 -0.7371553615135187 -0.711728069651063 0.5983416599219508 -0.6940876565832559 
411 1 0.11195386657913206 0.6701070762180713 1.025443899112333 -1.2708530465802141 -0.6349656874774643 1.325239485503522 0.05854246289619028 
412 1 -0.42104894935894055 -0.7369257760816504 -0.622643148304089 0.010021397579855033 -1.6712578468210464 -0.673729534845799 -1.8700722182698906 
413 -1 -0.10124725979609697 -0.20928845646925479 -0.3136268269135098 -0.31019721346016227 0.20942051643212117 -1.0371784476365846 0.7170938174407057 
414 -1 -0.2078478229837115 -0.824865329350383 -0.622643148304089 -0.09671813943348406 -0.5198221142170663 -1.0371784476365846 -0.45889074424592896 
415 -1 -0.6342500757341696 -0.7369257760816504 -0.46813498760879935 -0.09671813943348406 -0.6349656874774643 -1.2189029040319774 -0.5059301267133943 
416 -1 0.005353303391517542 0.05453020333694304 -0.21062138644998343 -0.41693675047350137 -1.0187775983454577 0.7800661163173436 -1.1644814812579096 
417 1 0.3251549929543611 0.5821675229493387 0.4589139765629379 0.5437190826465506 0.40132647186611786 1.506963941898915 0.38781814016844796 
418 1 -1.9134568339855438 -1.968079521843907 -2.2192274754887475 1.8245935268066196 -1.3258271270398523 -1.9458007296135487 -2.058229748139752 
419 1 0.43175555614197564 0.7580466294868039 1.1284493395758592 0.4369795456332114 1.9749553064248908 1.325239485503522 3.0220235583465094 
420 -1 1.1779594984552773 0.5821675229493387 0.40741125633117475 -0.8438948985268577 -1.057158789432257 -0.8554539912411918 -0.835205803985652 
421 1 0.11195386657913206 0.4062884164118735 -0.004610505522930705 2.3582912118733153 0.3245640896925192 -0.8554539912411918 0.2466999927660518 
422 -1 0.43175555614197564 0.31834886314314087 -0.056113225754693886 0.010021397579855033 -0.32791615878306957 0.5983416599219508 -0.3177725968435328 
423 -1 -0.42104894935894055 -0.03340934993178957 -0.36512954714527296 1.184156304726585 -1.0187775983454577 -1.2189029040319774 -1.1644814812579096 
424 -1 -0.2078478229837115 0.14246975660567565 0.3044058158676484 -0.09671813943348406 0.2861828986057199 0.2348927471311651 0.6700544349732402 
425 1 0.43175555614197564 0.5821675229493387 0.7164275777217538 -0.5236762874868405 2.2820048351192854 1.6886883982943077 1.7989996141924094 
426 1 -1.2738534548598568 -1.088683989156581 -1.189173070853484 -0.09671813943348406 -0.7501092607378623 -1.2189029040319774 -0.45889074424592896 
427 1 0.11195386657913206 0.14246975660567565 0.40741125633117475 -0.8438948985268577 0.17103932534532185 0.7800661163173436 0.19966061029858642 
428 1 -0.31444838617132603 -0.7369257760816504 -0.4166322673770362 -1.0573739725535358 0.8235195738209106 0.4166172035265579 0.6230150525057749 
429 1 0.6449566825172046 1.4615630556366648 1.4374656609664385 2.144812137846637 -0.6349656874774643 -0.8554539912411918 -1.4937571585301674 
430 1 0.005353303391517542 0.23040930987440827 0.5619194170264643 -0.6304158245001795 0.20942051643212117 1.143515029108129 0.19966061029858642 
431 1 -0.9540517652970132 -1.2645630956940461 -1.189173070853484 -0.31019721346016227 -1.1339211716058557 -0.8554539912411918 -1.0233633338555135 
432 -1 6.294786531460774 5.770601165804563 3.24006086907815 0.9706772306999069 0.7851383827341113 0.7800661163173436 1.6578814667900132 
433 1 0.7515572457048192 0.5821675229493387 0.7164275777217538 0.010021397579855033 -1.057158789432257 -0.3102806220550134 -0.9292845689205828 
434 1 -0.42104894935894055 0.14246975660567565 0.04689221470883248 -0.41693675047350137 -0.4430597320434676 1.506963941898915 -0.45889074424592896 
435 1 0.8581578088924336 1.1098048425617344 1.4374656609664385 0.6504586196598896 1.3992374401229006 1.143515029108129 0.8582119648431018 
436 1 0.5383561193295902 -0.47310711627545265 -0.21062138644998343 -0.20345767644682317 -1.172302362692655 0.2348927471311651 -1.4937571585301674 
437 -1 0.43175555614197564 -0.03340934993178957 -0.15911866621822027 -0.8438948985268577 -1.172302362692655 -0.3102806220550134 -0.6940876565832559 
438 -1 -0.9540517652970132 -1.0007444358878483 -0.9831621899264312 1.184156304726585 -0.13601020334907288 0.2348927471311651 -0.600008891648325 
439 -1 0.43175555614197564 0.5821675229493387 0.6134221372582275 0.22350047160653322 -0.32791615878306957 -0.673729534845799 0.10558184536365565 
440 -1 0.005353303391517542 -0.03340934993178957 -0.4166322673770362 -1.164113509566875 -0.32791615878306957 0.4166172035265579 -0.03553630203874049 
441 1 -0.6342500757341696 -0.6489862228129178 -0.3136268269135098 -0.20345767644682317 0.01751456099812449 -0.8554539912411918 -0.3177725968435328 
442 1 0.7515572457048192 0.8459861827555366 1.2314547800393858 -0.5236762874868405 0.977044338168108 1.325239485503522 1.1404482596478942 
443 -1 0.7515572457048192 0.5821675229493387 0.5104166967947011 -0.41693675047350137 -0.4430597320434676 0.053168290735772276 -0.03553630203874049 
444 -1 -1.4870545812350857 -1.792200415306442 -1.7042002731711157 -0.8438948985268577 -1.8247826111682437 -1.2189029040319774 -1.6348753059325636 
445 1 -0.10124725979609697 0.14246975660567565 0.5619194170264643 -0.20345767644682317 -0.020866630088674846 1.325239485503522 0.38781814016844796 
446 1 -0.740850638921784 -0.6489862228129178 -0.46813498760879935 -1.5910716576202315 -0.942015216171859 1.325239485503522 -0.6470482741157905 
447 -1 1.0713589352676627 1.0218652892930018 0.6134221372582275 -0.9506344355401969 0.13265813425852252 -0.4920050784504062 0.9052513473105672 
448 -1 0.9647583720800482 0.5821675229493387 -0.15911866621822027 0.33024000861987235 -1.1339211716058557 -1.0371784476365846 -1.1174420987904443 
449 -1 -0.527649512546555 -1.2645630956940461 -0.931659469694668 -0.8438948985268577 -1.4409707003002503 -0.673729534845799 -0.9292845689205828 
450 1 0.43175555614197564 0.6701070762180713 0.8709357384170434 0.33024000861987235 2.0133364975116903 1.325239485503522 1.6578814667900132 
451 1 -0.2078478229837115 -0.38516756300672 -0.15911866621822027 0.010021397579855033 0.3245640896925192 0.9617905727127364 0.011503080428724893 
452 -1 -1.1672528916722422 -1.4404422022315113 -1.3951839517805367 -1.4843321206068922 -1.7480202289946452 -1.4006273604273702 -1.4937571585301674 
453 -1 -0.10124725979609697 0.05453020333694304 0.04689221470883248 0.4369795456332114 -0.4430597320434676 -0.673729534845799 -0.5529695091808597 
454 1 -0.6342500757341696 -0.47310711627545265 -0.5711404280723257 0.5437190826465506 -1.0955399805190564 -0.673729534845799 -1.823032835802425 
455 -1 -0.6342500757341696 -0.9128048826191157 -0.8286540292311416 0.9706772306999069 -0.3662973498698689 -0.673729534845799 -0.45889074424592896 
456 1 0.7515572457048192 1.0218652892930018 1.1799520598076225 0.11676093459319413 1.9365741153380915 1.506963941898915 1.610842084322548 
457 -1 0.43175555614197564 0.4942279696806061 0.2529030956358852 0.5437190826465506 0.09427694317172317 -0.673729534845799 0.2466999927660518 
