id label data 
0 -1 1.1758015076108657 0.9721982444297056 0.772612324896851 -0.8066012342601211 -0.3344285567998386 -0.5169149531637444 0.16618725436849846 
1 -1 0.3106862377774696 0.35632605338826334 0.3244118049290646 -0.4287880167256402 -0.0331738782884558 -0.33599471955643406 0.124391657461451 
2 1 -0.9869866669726243 -0.9370055477987652 -0.9305496509807374 -0.6806634950819608 0.4563649742925413 -1.4215161212002956 -0.29356431160902363 
3 -1 -0.41024315375036036 -0.4443077949656115 -0.16860876703550048 -0.5547257559038005 0.6446491483621556 -1.2405958875929854 1.3782595646728748 
4 1 -0.48233609290314333 -0.25954613765317885 -0.03414861104516456 0.8305893750559629 -0.1838012175441472 1.111367149302048 -0.5025422961442609 
5 -1 -0.12187139713922836 0.048389957867542265 0.05549149294839273 -0.4287880167256402 -0.1838012175441472 0.2067659812654967 -0.00099513325969138 
6 1 0.022314481166337642 0.10997717697168648 0.36923185692584326 0.7046516358778026 1.3601290098266898 1.654127850123979 0.5841432234389731 
7 1 0.38277917693025265 0.41791327249240756 0.907072480887187 0.5787138966996422 1.8496678624076868 1.835048083731289 1.3782595646728748 
8 1 -1.2032654844309734 -1.0601799860070538 -1.378750170948524 1.4602780709467644 -0.8992810790086814 -1.4215161212002956 -1.5474322188204475 
9 1 -0.8428007886670583 -1.3681160815277749 -1.5580303789356384 -0.4287880167256402 -1.2005357575200641 -1.602436354807606 -1.1294762497499728 
10 1 -0.26605727544479435 -0.4443077949656115 -0.616809287003287 -0.4287880167256402 -0.8239674093808357 -0.6978351867710546 -0.41895110233016597 
11 -1 2.6176602906665254 3.066163693970609 3.506635496700348 2.845593201906528 3.1676570808949864 0.38768621487280697 3.468039410025248 
12 1 -0.3381502145975773 -0.07478448034074618 0.27959175293228594 -1.562227669329083 -0.74865373975299 1.111367149302048 -0.25176871470197615 
13 1 0.38277917693025265 0.7874365871172729 1.1759927928678588 0.8305893750559629 1.7743541927798412 1.654127850123979 1.1274859832305901 
14 -1 -0.9869866669726243 -1.121767205111198 -1.109829858967852 -1.0584767126164418 -1.27584942714791 -0.6978351867710546 -1.1294762497499728 
15 -1 0.3106862377774696 0.41791327249240756 0.14513159694195002 -1.6881654085072433 -0.48505589605553 1.2922873829093582 -0.00099513325969138 
16 -1 -0.8428007886670583 -0.6906566713821883 -0.7512694429936229 0.8305893750559629 -0.3720853916137615 -0.5169149531637444 -0.29356431160902363 
17 -1 0.23859329862468664 0.41791327249240756 0.36923185692584326 -0.5547257559038005 -0.2967717219859158 -0.33599471955643406 -0.042790730166738844 
18 -1 -0.19396433629201135 -0.07478448034074618 -0.12378871503872185 -0.8066012342601211 -0.2591148871719929 -0.15507448594912382 -0.29356431160902363 
19 1 -1.4916372410421053 -1.5528777388402075 -1.9165907949098675 -0.9325389734382814 -1.4641336012175241 -0.6978351867710546 -1.7564102033556848 
20 1 -0.19396433629201135 -0.013197261236601957 0.5485120649129578 -0.8066012342601211 0.268080800222927 2.3778087845532196 0.124391657461451 
21 -1 -0.48233609290314333 -0.4443077949656115 -0.2582488710290578 0.452776157521482 0.04213979133938991 0.2067659812654967 -0.25176871470197615 
22 -1 0.5269650552358186 0.5410877107006961 0.907072480887187 -0.17691253836931958 0.49402180910646415 -0.5169149531637444 1.0856903863235425 
23 1 0.022314481166337642 0.10997717697168648 0.5036920129161792 0.32683841834332167 2.1885793757329925 1.654127850123979 1.5454419523010647 
24 1 -0.7707078495142753 -0.6906566713821883 -0.9753697029775161 -0.6806634950819608 -0.7109969049390671 -0.33599471955643406 -1.0040894590288305 
25 1 -0.41024315375036036 -0.5058950140697557 -0.34788897502261507 0.7046516358778026 -0.5980264004972986 -1.2405958875929854 -0.042790730166738844 
26 -1 -0.3381502145975773 -0.3211333567573231 -0.16860876703550048 -1.4362899301509227 -1.01225158345045 0.2067659812654967 -0.6697246837724508 
27 -1 -0.19396433629201135 -0.1363716994448904 -0.03414861104516456 -0.17691253836931958 0.1174534609672356 -0.33599471955643406 0.33336964199668834 
28 -1 0.09440742031912064 0.2947388342841191 0.10031154494517137 -0.8066012342601211 -0.22145805235807006 0.7495266820874275 0.33336964199668834 
29 -1 0.8874297509997336 1.0337854635338497 1.13117274087108 0.8305893750559629 0.795276487617847 -0.15507448594912382 0.9185079986953527 
30 -1 2.1130097165970447 0.7874365871172729 -0.6616293390000656 -1.6881654085072433 -1.3511630967757555 -0.8787554203783648 -1.1712718466570202 
31 1 -0.48233609290314333 -0.9985927669029094 -1.0201897549742946 0.452776157521482 0.7576196528039241 0.025845747658186445 0.08259606055440354 
32 1 -0.41024315375036036 -0.6290694522780441 -0.5719892350065083 -0.17691253836931958 -1.5771041056592927 -0.5169149531637444 -1.6310234126345424 
33 -1 -0.26605727544479435 -0.6906566713821883 -0.5719892350065083 -0.3028502775474799 -0.44739906124160717 -0.8787554203783648 -0.37715550542311854 
34 1 0.09440742031912064 0.2947388342841191 0.36923185692584326 0.452776157521482 0.4563649742925413 1.654127850123979 0.37516523890373576 
35 1 -0.049778457986445354 0.1715643960758307 -0.03414861104516456 2.593717723550207 0.38105130466469556 -0.6978351867710546 0.2497784481825934 
36 -1 4.131612012874968 3.928384761428628 2.78951466475189 0.9565271142341232 0.8329333224317698 0.9304469156947378 1.5036463553940171 
37 -1 -0.7707078495142753 -0.8138311095904768 -0.8857295989839588 1.2084025925904438 -0.07083071310237865 0.38768621487280697 -0.5025422961442609 
38 -1 0.16650035947190364 0.2947388342841191 0.5036920129161792 0.07496293998700104 -0.2591148871719929 -0.5169149531637444 0.124391657461451 
39 1 -0.5544290320559263 -0.5674822331738999 -0.30306892302583643 -0.4287880167256402 0.07979662615331276 -0.6978351867710546 -0.25176871470197615 
40 1 -0.5544290320559263 -0.4443077949656115 -0.5271691830097296 0.452776157521482 -1.01225158345045 -0.5169149531637444 -1.5892278157274948 
41 -1 0.16650035947190364 0.23315161517997493 0.18995164893872865 0.452776157521482 0.15511029578115845 -0.5169149531637444 0.2497784481825934 
