id label data 
0 -1 0.3434204702524381 -0.10044524558339166 -0.2858984477415198 -0.7326638523672794 -0.12562631064956006 -0.8336252365555022 0.12878507988504923 
1 1 0.12898751132180872 0.3410511313570427 0.5461364311504003 0.6254558789511447 0.29885749421461333 1.3083122576516255 0.4609531942144686 
2 -1 0.7722863881136969 0.8708467836855639 0.8061473308041253 0.20757288469932195 0.7233412990787867 0.7728278840998435 1.552362712725418 
3 -1 -0.0854454476088207 -0.18874452097147854 -0.5459093473952449 0.20757288469932195 -0.858825609960405 -1.0121200277394296 -0.4880985610124439 
4 -1 -0.7287443244007089 -0.5419416225238259 -0.7019158871874799 -0.6281931038043237 -0.2413946210670619 -0.29814086300372034 0.17623766764639487 
5 1 -1.1576102422619676 -0.8951387240761735 -0.9099246069104598 0.10310213613636625 -0.5115206787078995 -0.29814086300372034 -1.1049822019099371 
6 1 -1.4792596806579117 -1.866430753345129 -1.5339507660794 -0.8371346009302351 -1.6306143460770839 -0.6551304453715749 -1.8642236060914672 
7 -1 0.021771031856494007 -0.012145970195304794 0.3901298913581653 -0.21031010955250087 1.263593414360462 0.5943330929159162 1.172742010634653 
8 -1 -0.2998784065394501 -0.5419416225238259 -0.7019158871874799 -1.7773713379968366 -2.093687587747091 -0.8336252365555022 -1.9116761938528128 
9 1 0.6650699086483822 1.0474453344617376 1.1701625903193404 -0.21031010955250087 1.3021828511662958 1.129817466467698 1.31509977391869 
10 1 -2.0153420779844855 -2.0430293041213026 -2.15797692524834 2.088046358832525 -0.9360044835720729 -1.7260991924751388 -1.769318430568776 
11 -1 1.093935826509641 0.6059489575213033 0.44213207128891024 -0.8371346009302351 -0.9360044835720729 -0.29814086300372034 -0.6304563242964808 
12 1 1.093935826509641 1.0474453344617376 1.4821756699038104 -0.10583936098954518 1.5723089088071334 0.9513226752837708 1.5049101249640724 
13 -1 -0.1926619270741354 -0.18874452097147854 0.28612553149667524 0.8343973760770562 0.49180467824378304 -1.3691096101072842 0.9354790718279249 
14 1 0.9867193470443263 0.6942482329093901 1.0661582304578503 0.10310213613636625 2.6528131393704837 1.8437966312034073 1.8845308270548375 
15 -1 -0.1926619270741354 -0.6302408979119128 -0.6499137072567348 -1.8818420865597922 -1.2833094148245783 -0.6551304453715749 -1.0575296141485915 
16 -1 0.12898751132180872 -0.36534307174765224 -0.5979115273259898 -1.3594883437450136 -1.3990777252420803 0.23734351054806158 -0.7253614998191721 
17 1 -1.800909119053856 -2.1313285795093897 -2.001970385456105 0.31204363326227763 -1.0131833571837408 -0.8336252365555022 -1.7218658428074303 
18 -1 1.9516676622321587 1.5772409867902588 0.9621538705963604 -0.523722355241368 -0.39575236829039767 -0.6551304453715749 0.17623766764639487 
19 1 0.3434204702524381 0.2527518559689558 0.23412335156593025 -0.3147808581154566 1.263593414360462 1.129817466467698 0.7456687207825424 
20 1 0.021771031856494007 -0.10044524558339166 -0.49390716746449986 0.6254558789511447 0.8391096094962885 2.200786213571262 0.41350060645312303 
21 1 -0.8359608038660236 -0.8951387240761735 -0.2338962678107748 -2.717608075063438 -1.1289516676012425 1.6653018400194801 -0.34574079772840705 
22 -1 1.2011523059749558 1.488941711402172 1.1181604103885954 0.6254558789511447 0.9934673567196243 0.05884871936413426 0.6507635452598511 
23 -1 0.3434204702524381 -0.10044524558339166 -0.2858984477415198 -0.10583936098954518 -0.3185734946787298 -1.0121200277394296 0.22369025540774048 
24 1 -1.1576102422619676 -0.9834379994642602 -1.481948586148655 0.41651438182523337 -1.7849720933004196 -1.190614818923357 -2.006581369375504 
25 1 1.2011523059749558 1.6655402621783457 2.0021974692112603 1.0433388732029676 1.9967927136713068 1.6653018400194801 1.6472678882481093 
26 -1 1.5228017443708999 2.10703663911878 2.3142105487957303 1.670163364580702 1.1478251039429601 0.4158383017319889 1.1252894228733075 
27 -1 0.8795028675790116 1.1357446098498245 0.7021429709426353 -0.0013686124265894644 0.14449974699127754 0.05884871936413426 0.8405738963052337 
28 -1 0.7722863881136969 0.42935040674512953 0.23412335156593025 -0.523722355241368 0.5689835518554509 -0.8336252365555022 1.2676471861573444 
29 1 -0.1926619270741354 0.07615330519278207 0.5461364311504003 -0.8371346009302351 0.22167862060294544 0.9513226752837708 -0.10847785892167891 
30 1 0.6650699086483822 1.400642436014085 1.3781713100423203 1.0433388732029676 0.33744693102044726 2.0222914223873345 0.31859543093043174 
31 -1 0.7722863881136969 0.6942482329093901 0.5981386110811453 0.520985130388189 0.8776990463021225 -0.6551304453715749 0.8880264840665792 
32 1 -0.8359608038660236 -0.8951387240761735 -0.9099246069104598 -0.9416053494931909 -0.7044678627370692 -0.11964607181979305 -0.6779089120578264 
33 1 2.0588841416974732 1.488941711402172 0.49413425121965526 0.8343973760770562 -0.5501101155137335 -1.190614818923357 -0.10847785892167891 
34 1 1.2011523059749558 1.400642436014085 1.6901843896267905 0.7299266275141005 2.151150460894643 1.6653018400194801 1.694720476009455 
35 1 -0.1926619270741354 -0.18874452097147854 -0.1298919079492848 0.7299266275141005 1.7266666560304693 1.129817466467698 0.4609531942144686 
36 -1 0.2362039907871234 0.3410511313570427 0.49413425121965526 0.520985130388189 -0.5886995523195674 -0.8336252365555022 -0.5355511487737896 
37 1 -0.6215278449353941 -0.7185401732999998 -0.6499137072567348 -0.21031010955250087 0.8005201726904546 0.5943330929159162 0.22369025540774048 
38 -1 0.12898751132180872 -0.012145970195304794 -0.2858984477415198 -0.10583936098954518 -0.39575236829039767 -0.8336252365555022 -0.2508356222057158 
39 1 0.021771031856494007 0.42935040674512953 0.5981386110811453 1.3567511188918346 2.1897398977004765 1.3083122576516255 1.5998153004867637 
40 -1 0.5578534291830675 0.16445258058086892 0.33812771142742026 -0.523722355241368 -0.7044678627370692 -0.6551304453715749 -0.10847785892167891 
41 -1 1.2011523059749558 0.5176496821332164 0.33812771142742026 -1.1505468466191022 -0.5886995523195674 -1.5476044012912116 -0.06102527116033329 
42 1 -1.3720432011925972 -1.4249343764046947 -1.585952946010145 0.8343973760770562 1.5337194720012994 -0.29814086300372034 -1.389697728478011 
43 1 -0.2998784065394501 0.3410511313570427 -0.2858984477415198 -0.523722355241368 -0.7044678627370692 0.9513226752837708 -0.7253614998191721 
44 1 -1.800909119053856 -1.778131477957042 -1.42994640621791 0.20757288469932195 -0.6272889891254013 -1.5476044012912116 -1.5795080795233933 
45 -1 0.6650699086483822 0.6942482329093901 0.44213207128891024 -0.21031010955250087 -0.08703687384372612 -0.47663565418764764 0.12878507988504923 
46 1 -0.2998784065394501 0.2527518559689558 0.49413425121965526 -1.986312835122748 -0.8202361731545711 1.8437966312034073 -0.29828820996706146 
47 -1 -0.4070948860047648 -0.4536423471357391 -0.49390716746449986 0.41651438182523337 0.29885749421461333 -1.0121200277394296 0.3660480186917774 
48 -1 0.6650699086483822 0.3410511313570427 0.33812771142742026 -0.8371346009302351 -0.5115206787078995 -0.8336252365555022 -0.06102527116033329 
49 1 0.6650699086483822 0.9591460590736507 1.4301734899730654 -0.8371346009302351 -0.04844743703789218 1.8437966312034073 0.6507635452598511 
50 -1 1.3083687854402704 0.6059489575213033 0.28612553149667524 -2.299725080811615 -1.0517727939895747 1.129817466467698 -0.44064597325109833 
51 -1 -1.2648267217272824 -1.5132336517927816 -1.481948586148655 -2.6131373265004822 -1.8235615301062535 -1.190614818923357 -1.4371503162393566 
52 -1 -0.6215278449353941 -0.36534307174765224 -0.07788972801853979 -1.0460760980561465 0.8005201726904546 -0.6551304453715749 1.5998153004867637 
53 -1 -0.2998784065394501 0.07615330519278207 -0.1818940878800298 0.31204363326227763 0.18308918379711148 -0.8336252365555022 0.41350060645312303 
54 1 -0.0854454476088207 -0.36534307174765224 -0.02588754808779478 0.6254558789511447 2.2669187713121444 0.23734351054806158 1.7421730637708006 
55 1 0.12898751132180872 0.42935040674512953 0.7541451508733803 0.10310213613636625 1.0320567935254583 0.4158383017319889 0.7456687207825424 
56 1 -1.2648267217272824 -1.160036550240434 -1.01392896677195 -0.41925160667841227 0.4146258046321151 -1.5476044012912116 -0.34574079772840705 
57 -1 1.2011523059749558 1.9304380883426062 1.8981931093497704 1.670163364580702 1.4565405983896316 0.23734351054806158 1.9319834148161832 
58 -1 1.093935826509641 0.9591460590736507 0.7541451508733803 -0.7326638523672794 -0.39575236829039767 -0.6551304453715749 0.22369025540774048 
59 -1 -0.4070948860047648 -0.4536423471357391 -0.1298919079492848 -0.3147808581154566 0.6075729886612848 -1.3691096101072842 1.552362712725418 
60 -1 -0.2998784065394501 -0.5419416225238259 -0.6499137072567348 -1.3594883437450136 0.06732087337960965 -0.11964607181979305 1.0303842473506162 
61 1 -0.6215278449353941 -0.5419416225238259 -0.5979115273259898 0.7299266275141005 0.7619307358846207 0.4158383017319889 0.03387990436235797 
62 1 -1.6936926395885412 -1.4249343764046947 -1.793961665733125 1.7746341131436576 -0.6272889891254013 -0.6551304453715749 -1.4371503162393566 
63 1 -0.1926619270741354 0.07615330519278207 0.28612553149667524 0.41651438182523337 0.7619307358846207 -1.190614818923357 0.4609531942144686 
64 -1 -0.9431772833313383 -0.9834379994642602 -0.8059202470489699 -0.3147808581154566 -0.858825609960405 -1.190614818923357 -0.6304563242964808 
65 -1 2.0588841416974732 1.7538395375664324 1.3261691301115754 -1.0460760980561465 -0.39575236829039767 -0.6551304453715749 0.3660480186917774 
66 1 -0.9431772833313383 -0.6302408979119128 -0.8059202470489699 1.1478096217659233 0.14449974699127754 0.05884871936413426 -0.29828820996706146 
67 -1 0.3434204702524381 -0.012145970195304794 -0.3899028076030098 -0.9416053494931909 -2.016508714135423 -1.5476044012912116 -1.7218658428074303 
68 1 0.021771031856494007 0.07615330519278207 -0.1298919079492848 0.6254558789511447 1.0706462303312922 0.5943330929159162 0.5084057819758143 
69 -1 -0.4070948860047648 -0.6302408979119128 -0.6499137072567348 -0.21031010955250087 -0.47293124190206554 -1.0121200277394296 0.17623766764639487 
70 -1 0.7722863881136969 0.6059489575213033 0.23412335156593025 -1.568429840870925 -0.4343418050962316 0.05884871936413426 0.08133249212370361 
71 -1 -0.7287443244007089 -0.2770437963595654 -0.2858984477415198 -0.3147808581154566 -0.2413946210670619 -1.5476044012912116 0.6033109574985055 
72 1 -0.5143113654700795 -1.0717372748523473 -0.6499137072567348 -2.6131373265004822 -1.0131833571837408 1.4868070488355527 -0.5355511487737896 
73 1 0.4506369497177528 0.782547508297477 0.9621538705963604 0.520985130388189 1.5337194720012994 1.129817466467698 1.0778368351119618 
74 -1 0.2362039907871234 0.42935040674512953 1.5341778498345553 -0.21031010955250087 1.186414540748794 0.5943330929159162 2.216698941384257 
75 -1 0.2362039907871234 0.07615330519278207 0.18212117163518524 -0.0013686124265894644 -1.0131833571837408 -0.6551304453715749 -0.9151718508645547 
76 -1 -0.1926619270741354 0.2527518559689558 0.3901298913581653 0.10310213613636625 -0.39575236829039767 0.4158383017319889 -0.013572683398987656 
77 -1 -0.8359608038660236 -0.8951387240761735 -0.8579224269797149 -0.7326638523672794 -0.12562631064956006 -1.3691096101072842 0.5558583697371599 
78 -1 0.12898751132180872 -0.10044524558339166 0.026114631842950223 0.31204363326227763 -0.08703687384372612 -0.11964607181979305 0.17623766764639487 
79 1 -0.5143113654700795 -0.18874452097147854 0.026114631842950223 0.8343973760770562 -0.2413946210670619 0.9513226752837708 -0.5830037365351352 
80 1 0.3434204702524381 0.42935040674512953 1.1181604103885954 -0.7326638523672794 0.18308918379711148 2.5577757959391167 0.31859543093043174 
81 1 -0.1926619270741354 0.16445258058086892 0.026114631842950223 1.983575610269569 0.8391096094962885 1.8437966312034073 0.12878507988504923 
82 -1 0.021771031856494007 0.2527518559689558 0.13011899170444025 -0.21031010955250087 -0.2413946210670619 0.05884871936413426 -0.013572683398987656 
83 1 0.2362039907871234 0.3410511313570427 0.49413425121965526 0.7299266275141005 1.3407722879721298 1.4868070488355527 0.6507635452598511 
84 -1 0.12898751132180872 0.3410511313570427 0.18212117163518524 0.8343973760770562 0.8391096094962885 -0.47663565418764764 0.5084057819758143 
85 1 0.2362039907871234 -0.18874452097147854 0.23412335156593025 -0.3147808581154566 1.6494877824188015 0.5943330929159162 1.1252894228733075 
86 1 -1.2648267217272824 -0.4536423471357391 -0.5979115273259898 0.6254558789511447 0.7233412990787867 -0.11964607181979305 -0.15593044668302455 
87 1 -0.0854454476088207 0.07615330519278207 0.3901298913581653 -1.986312835122748 -0.858825609960405 1.6653018400194801 -0.34574079772840705 
88 -1 -0.7287443244007089 -0.2770437963595654 0.13011899170444025 0.20757288469932195 -0.5886995523195674 -1.0121200277394296 -0.2508356222057158 
89 1 0.5578534291830675 0.3410511313570427 0.5461364311504003 0.31204363326227763 1.4179511615837976 2.0222914223873345 0.6982161330211968 
90 -1 0.5578534291830675 0.6942482329093901 0.28612553149667524 0.520985130388189 -0.47293124190206554 0.23734351054806158 -0.5830037365351352 
91 1 -1.2648267217272824 -1.5132336517927816 -1.481948586148655 -0.21031010955250087 0.4532152414379491 0.05884871936413426 0.6507635452598511 
92 -1 0.7722863881136969 0.6059489575213033 0.33812771142742026 -0.0013686124265894644 -0.20280518426122796 -0.8336252365555022 -0.10847785892167891 
93 -1 0.2362039907871234 -0.18874452097147854 -0.1818940878800298 -1.1505468466191022 -0.164215747455394 -0.6551304453715749 0.2711428431690861 
94 1 0.7722863881136969 0.782547508297477 1.1181604103885954 0.6254558789511447 1.8424349664479711 1.6653018400194801 1.552362712725418 
95 1 0.6650699086483822 0.6942482329093901 1.2221647702500853 -0.523722355241368 1.263593414360462 1.6653018400194801 1.552362712725418 
96 -1 1.3083687854402704 0.8708467836855639 1.0661582304578503 -0.523722355241368 -0.2413946210670619 -0.11964607181979305 0.3660480186917774 
97 -1 0.4506369497177528 0.5176496821332164 0.23412335156593025 0.6254558789511447 0.14449974699127754 -0.47663565418764764 -0.5355511487737896 
98 -1 -0.0854454476088207 -0.012145970195304794 0.07811681177369523 -0.21031010955250087 0.8005201726904546 0.5943330929159162 0.7456687207825424 
99 -1 -0.0854454476088207 0.07615330519278207 0.13011899170444025 0.10310213613636625 -0.20280518426122796 1.4868070488355527 0.03387990436235797 
100 -1 -1.1576102422619676 -0.9834379994642602 -0.9099246069104598 0.6254558789511447 -0.47293124190206554 -0.6551304453715749 -0.6779089120578264 
101 -1 1.093935826509641 0.6942482329093901 0.33812771142742026 -1.1505468466191022 -0.39575236829039767 0.05884871936413426 -0.10847785892167891 
102 -1 -0.0854454476088207 -0.012145970195304794 0.026114631842950223 -0.0013686124265894644 0.06732087337960965 -0.47663565418764764 0.3660480186917774 
103 1 -0.8359608038660236 -0.36534307174765224 -0.49390716746449986 2.5059293530843476 0.49180467824378304 0.7728278840998435 -0.2508356222057158 
104 1 -1.3720432011925972 -1.2483358256285209 -1.3779442262871648 1.0433388732029676 -0.7430572995429031 -0.47663565418764764 -0.9151718508645547 
105 -1 0.5578534291830675 0.6059489575213033 0.8581495107348703 0.10310213613636625 1.0320567935254583 1.3083122576516255 1.552362712725418 
106 -1 1.844451182766844 1.6655402621783457 1.3781713100423203 -0.3147808581154566 0.29885749421461333 -0.6551304453715749 0.7456687207825424 
107 -1 -0.4070948860047648 -0.18874452097147854 0.23412335156593025 -0.21031010955250087 0.6847518622729527 0.23734351054806158 0.6982161330211968 
108 1 0.2362039907871234 0.9591460590736507 1.3261691301115754 1.3567511188918346 2.2283293345063107 0.5943330929159162 1.31509977391869 
109 -1 -1.050393762796653 -1.0717372748523473 -1.0659311467026948 -0.41925160667841227 -0.2799840578728958 -1.5476044012912116 0.12878507988504923 
110 1 -1.6936926395885412 -1.778131477957042 -2.001970385456105 0.31204363326227763 -1.4762565988537482 -1.5476044012912116 -2.006581369375504 
111 1 0.3434204702524381 0.42935040674512953 0.44213207128891024 0.520985130388189 1.186414540748794 0.7728278840998435 0.9354790718279249 
112 1 -0.9431772833313383 -0.8951387240761735 -1.169935506564185 0.20757288469932195 -0.12562631064956006 -0.8336252365555022 -0.2508356222057158 
113 1 0.5578534291830675 1.1357446098498245 1.1181604103885954 0.9388681246400119 0.22167862060294544 1.4868070488355527 0.03387990436235797 
114 1 0.4506369497177528 0.42935040674512953 0.5461364311504003 0.31204363326227763 0.4146258046321151 1.129817466467698 0.3660480186917774 
115 1 0.4506369497177528 0.42935040674512953 0.7541451508733803 0.520985130388189 2.151150460894643 1.3083122576516255 1.5049101249640724 
116 -1 1.6300182238362144 0.6059489575213033 0.28612553149667524 -1.568429840870925 -0.9360044835720729 1.8437966312034073 -0.4880985610124439 
117 -1 1.5228017443708999 1.6655402621783457 1.2221647702500853 -1.3594883437450136 -0.39575236829039767 0.05884871936413426 0.31859543093043174 
118 -1 0.021771031856494007 -0.4536423471357391 -0.5459093473952449 -1.1505468466191022 0.29885749421461333 -0.6551304453715749 0.8880264840665792 
119 1 0.6650699086483822 1.312343160625998 1.5861800297653004 -0.10583936098954518 1.8424349664479711 2.0222914223873345 1.2201945983959988 
120 -1 -0.4070948860047648 -0.36534307174765224 -0.2338962678107748 -0.7326638523672794 0.02873143657377571 -0.11964607181979305 -0.15593044668302455 
121 1 0.8795028675790116 1.312343160625998 1.5861800297653004 1.3567511188918346 1.7652560928363032 1.4868070488355527 1.0778368351119618 
122 -1 0.8795028675790116 0.5176496821332164 0.3901298913581653 -0.6281931038043237 -0.4343418050962316 -0.6551304453715749 -0.013572683398987656 
123 1 -0.8359608038660236 -0.4536423471357391 -0.02588754808779478 -2.299725080811615 -1.2447199780187443 1.129817466467698 -0.6304563242964808 
124 1 -0.6215278449353941 -0.4536423471357391 -0.2858984477415198 0.6254558789511447 0.9548779199137903 0.4158383017319889 0.41350060645312303 
125 1 -1.050393762796653 -1.5132336517927816 -1.3779442262871648 0.20757288469932195 -0.4343418050962316 -1.190614818923357 -1.1524347896712828 
126 1 -0.8359608038660236 -0.7185401732999998 -1.3779442262871648 1.7746341131436576 0.6075729886612848 -1.5476044012912116 -0.10847785892167891 
127 -1 0.021771031856494007 -0.2770437963595654 -0.3899028076030098 -1.3594883437450136 -1.1289516676012425 -0.47663565418764764 -0.7728140875805177 
128 -1 1.093935826509641 0.6942482329093901 0.9101516906656153 -0.6281931038043237 0.14449974699127754 -1.0121200277394296 0.5084057819758143 
129 1 -0.4070948860047648 -0.36534307174765224 -0.2858984477415198 -1.986312835122748 -0.7044678627370692 1.3083122576516255 -0.15593044668302455 
130 1 -1.5864761601232265 -1.3366351010166078 -1.5339507660794 1.3567511188918346 -0.9745939203779068 -1.5476044012912116 -1.769318430568776 
131 1 -1.800909119053856 -1.6898322025689552 -1.793961665733125 0.7299266275141005 -0.858825609960405 -0.29814086300372034 -1.5795080795233933 
132 -1 1.844451182766844 1.9304380883426062 2.0021974692112603 0.6254558789511447 1.881024403253805 -0.6551304453715749 1.9794360025775288 
133 1 0.021771031856494007 0.42935040674512953 0.49413425121965526 0.41651438182523337 0.3760363678262812 0.23734351054806158 0.5558583697371599 
134 -1 -0.1926619270741354 0.07615330519278207 -0.07788972801853979 -0.10583936098954518 -0.12562631064956006 -0.29814086300372034 -0.2508356222057158 
135 1 -1.050393762796653 -1.778131477957042 -1.74195948580238 -0.21031010955250087 -1.2833094148245783 -1.7260991924751388 -1.2947925529553197 
136 1 0.2362039907871234 0.16445258058086892 0.23412335156593025 0.20757288469932195 1.5337194720012994 0.23734351054806158 1.0778368351119618 
137 1 0.9867193470443263 1.0474453344617376 1.5861800297653004 1.0433388732029676 1.6494877824188015 1.4868070488355527 1.1252894228733075 
138 1 -2.1225585574498 -2.1313285795093897 -2.209979105179085 -0.3147808581154566 -1.0517727939895747 -2.261583566026921 -1.6744132550460846 
139 -1 0.3434204702524381 0.16445258058086892 0.7021429709426353 -0.6281931038043237 0.6075729886612848 -1.0121200277394296 1.6472678882481093 
140 1 -0.1926619270741354 -0.012145970195304794 0.5461364311504003 -1.986312835122748 -0.6272889891254013 1.3083122576516255 0.2711428431690861 
141 1 -1.2648267217272824 -0.9834379994642602 -1.2219376864949298 2.1925171073954806 -0.164215747455394 -1.0121200277394296 -0.5830037365351352 
142 1 -0.1926619270741354 -0.4536423471357391 -0.6499137072567348 -0.21031010955250087 -0.897415046766239 -0.8336252365555022 -0.4880985610124439 
143 1 -1.2648267217272824 -0.9834379994642602 -0.9619267868412049 1.5656926160177462 -0.5115206787078995 0.23734351054806158 -1.1998873774326284 
144 -1 4.095997251538453 4.5794163499852125 4.134286846371806 2.5059293530843476 3.193065254652159 0.23734351054806158 3.9249921007926996 
145 1 1.3083687854402704 1.488941711402172 1.8461909294190255 -0.21031010955250087 1.1092356671371262 0.4158383017319889 2.311604116906948 
146 1 0.2362039907871234 0.6059489575213033 1.2741669501808304 1.7746341131436576 1.1092356671371262 0.4158383017319889 0.17623766764639487 
147 -1 0.12898751132180872 0.16445258058086892 0.23412335156593025 -0.523722355241368 0.9934673567196243 0.7728278840998435 0.8880264840665792 
148 1 -0.2998784065394501 0.07615330519278207 0.3901298913581653 -1.1505468466191022 -0.8202361731545711 0.9513226752837708 -0.29828820996706146 
149 1 1.2011523059749558 1.6655402621783457 2.1062018290727504 1.5656926160177462 2.1125610240888086 1.4868070488355527 1.4100049494413813 
150 1 0.7722863881136969 1.312343160625998 1.4301734899730654 0.8343973760770562 1.7652560928363032 1.4868070488355527 1.2676471861573444 
151 1 -0.8359608038660236 -0.8068394486880865 -0.7019158871874799 -0.523722355241368 -0.9745939203779068 1.3083122576516255 -0.8202666753418634 
152 -1 -0.0854454476088207 0.2527518559689558 0.026114631842950223 1.0433388732029676 0.5689835518554509 -1.0121200277394296 0.5084057819758143 
153 1 -1.4792596806579117 -1.2483358256285209 -1.273939866425675 0.7299266275141005 -0.6272889891254013 0.23734351054806158 -1.1998873774326284 
154 -1 -0.5143113654700795 -0.6302408979119128 -0.5459093473952449 -1.986312835122748 -0.9745939203779068 -0.47663565418764764 -0.29828820996706146 
155 -1 0.2362039907871234 0.2527518559689558 -0.3379006276722648 0.31204363326227763 -0.7430572995429031 -0.47663565418764764 -0.5830037365351352 
156 1 -1.6936926395885412 -2.2196278548974764 -2.26198128510983 0.6254558789511447 -1.0903622307954086 -1.5476044012912116 -1.6744132550460846 
157 1 0.021771031856494007 0.6059489575213033 1.1181604103885954 1.0433388732029676 2.1897398977004765 1.129817466467698 1.7896256515321463 
158 -1 0.9867193470443263 0.8708467836855639 0.9101516906656153 -0.523722355241368 0.4146258046321151 -0.47663565418764764 0.6507635452598511 
159 1 -0.4070948860047648 -0.18874452097147854 -0.02588754808779478 -1.568429840870925 0.8005201726904546 1.129817466467698 1.31509977391869 
160 1 -1.800909119053856 -1.866430753345129 -1.84596384566387 0.520985130388189 -1.9779192773295893 -1.190614818923357 -2.1963917204208867 
161 -1 -0.1926619270741354 -0.36534307174765224 -0.5979115273259898 -0.41925160667841227 -0.7430572995429031 -0.47663565418764764 -0.9151718508645547 
162 1 -0.2998784065394501 -0.4536423471357391 -0.5979115273259898 1.4612218674547903 0.02873143657377571 -1.5476044012912116 -0.15593044668302455 
163 -1 0.8795028675790116 0.5176496821332164 0.28612553149667524 -1.4639590923079693 -0.6658784259312353 -1.0121200277394296 0.08133249212370361 
164 1 -1.050393762796653 -0.6302408979119128 -0.49390716746449986 -0.0013686124265894644 -1.1675411044070765 -0.8336252365555022 -1.389697728478011 
165 -1 2.0588841416974732 1.9304380883426062 1.6901843896267905 -0.0013686124265894644 0.6461624254671188 0.4158383017319889 0.9829316595892705 
166 1 -0.4070948860047648 -0.7185401732999998 -0.6499137072567348 -0.523722355241368 -0.6658784259312353 0.7728278840998435 -0.9151718508645547 
167 1 0.5578534291830675 0.782547508297477 1.2221647702500853 0.41651438182523337 1.7652560928363032 0.4158383017319889 1.0303842473506162 
168 1 -1.800909119053856 -2.0430293041213026 -1.94996820552536 0.520985130388189 -1.0903622307954086 -1.0121200277394296 -1.5320554917620477 
169 1 -0.1926619270741354 0.07615330519278207 0.44213207128891024 -0.21031010955250087 1.1092356671371262 0.4158383017319889 0.6507635452598511 
170 -1 -0.4070948860047648 -0.5419416225238259 -0.3899028076030098 0.10310213613636625 0.3760363678262812 -1.3691096101072842 0.5558583697371599 
171 1 0.3434204702524381 0.9591460590736507 1.1701625903193404 0.520985130388189 1.186414540748794 0.7728278840998435 1.4100049494413813 
172 1 -0.4070948860047648 -0.6302408979119128 -0.6499137072567348 1.0433388732029676 -0.39575236829039767 -0.6551304453715749 0.22369025540774048 
173 1 0.2362039907871234 0.5176496821332164 0.6501407910118903 -0.21031010955250087 0.5689835518554509 2.0222914223873345 0.9829316595892705 
174 -1 0.6650699086483822 0.5176496821332164 0.23412335156593025 -0.0013686124265894644 -0.7430572995429031 -0.47663565418764764 -0.3931933854897527 
175 1 1.2011523059749558 1.312343160625998 0.9621538705963604 -0.10583936098954518 0.3760363678262812 1.129817466467698 0.41350060645312303 
176 1 0.5578534291830675 0.6942482329093901 0.6501407910118903 0.31204363326227763 1.5337194720012994 1.8437966312034073 1.1252894228733075 
177 -1 0.12898751132180872 0.3410511313570427 0.49413425121965526 -0.41925160667841227 -0.08703687384372612 0.4158383017319889 0.22369025540774048 
178 -1 1.2011523059749558 0.9591460590736507 1.1181604103885954 -1.255017595182058 -0.2799840578728958 0.05884871936413426 0.6982161330211968 
179 -1 -0.9431772833313383 -0.8951387240761735 -0.8579224269797149 -0.21031010955250087 -1.0517727939895747 -0.6551304453715749 -0.9151718508645547 
180 -1 -1.2648267217272824 -1.4249343764046947 -1.2219376864949298 -0.7326638523672794 -1.3604882884362464 -0.8336252365555022 -1.2947925529553197 
181 1 -1.800909119053856 -1.9547300287332159 -2.001970385456105 2.088046358832525 -1.0131833571837408 -1.5476044012912116 -1.8642236060914672 
182 1 -2.1225585574498 -1.866430753345129 -2.001970385456105 1.670163364580702 -1.2833094148245783 -0.47663565418764764 -1.9116761938528128 
183 1 -0.1926619270741354 -0.012145970195304794 0.5461364311504003 -1.6729005894338809 -0.7816467363487372 0.5943330929159162 -0.2508356222057158 
184 -1 -0.4070948860047648 -0.10044524558339166 0.18212117163518524 0.20757288469932195 1.186414540748794 0.05884871936413426 0.7456687207825424 
185 -1 0.8795028675790116 0.6942482329093901 0.6501407910118903 -0.10583936098954518 -0.2413946210670619 -0.6551304453715749 0.31859543093043174 
186 -1 0.6650699086483822 0.782547508297477 0.23412335156593025 -1.255017595182058 -0.5501101155137335 1.129817466467698 -0.013572683398987656 
187 -1 2.7021830184893614 2.283635189894954 1.7421865695575354 -0.10583936098954518 -0.5501101155137335 -0.8336252365555022 -0.2508356222057158 
188 -1 0.021771031856494007 0.07615330519278207 0.026114631842950223 0.10310213613636625 -0.7044678627370692 -0.6551304453715749 -0.7253614998191721 
189 1 -0.8359608038660236 -0.4536423471357391 -0.5979115273259898 1.252280370328879 0.6847518622729527 -0.29814086300372034 -0.06102527116033329 
190 1 -0.9431772833313383 -0.5419416225238259 -0.6499137072567348 0.8343973760770562 0.33744693102044726 -1.190614818923357 -0.44064597325109833 
191 -1 0.5578534291830675 0.5176496821332164 0.33812771142742026 -0.523722355241368 -0.7430572995429031 -0.6551304453715749 -0.20338303444437017 
192 -1 -1.3720432011925972 -1.2483358256285209 -1.3779442262871648 -0.21031010955250087 -0.897415046766239 -1.9045939836590662 -1.0100770263872458 
193 1 0.8795028675790116 1.0474453344617376 1.1181604103885954 0.7299266275141005 2.42127651853548 1.3083122576516255 1.7421730637708006 
194 1 -0.7287443244007089 -0.9834379994642602 -1.0659311467026948 0.41651438182523337 -0.858825609960405 -1.0121200277394296 -0.9151718508645547 
195 -1 -0.1926619270741354 -0.2770437963595654 -0.8059202470489699 2.5059293530843476 -0.04844743703789218 0.23734351054806158 -0.3931933854897527 
196 -1 2.916615977419991 2.018737363730693 1.3781713100423203 0.520985130388189 0.530394115049617 -0.8336252365555022 1.1252894228733075 
197 1 0.3434204702524381 0.3410511313570427 0.5461364311504003 -0.21031010955250087 1.225003977554628 1.6653018400194801 1.1252894228733075 
198 -1 0.2362039907871234 -0.10044524558339166 -0.2338962678107748 2.1925171073954806 -0.2413946210670619 -1.5476044012912116 -0.4880985610124439 
199 -1 2.3805335800934175 2.5485330160592143 2.0021974692112603 0.6254558789511447 0.7619307358846207 -0.11964607181979305 1.4574575372027267 
200 -1 0.6650699086483822 0.3410511313570427 0.33812771142742026 -0.8371346009302351 -0.5115206787078995 -0.8336252365555022 -0.06102527116033329 
201 1 -1.3720432011925972 -1.0717372748523473 -1.01392896677195 -0.523722355241368 -1.2447199780187443 -0.11964607181979305 -1.1998873774326284 
202 1 0.5578534291830675 0.16445258058086892 0.7541451508733803 -0.7326638523672794 1.263593414360462 0.9513226752837708 1.31509977391869 
203 -1 -1.050393762796653 -0.8068394486880865 -0.8059202470489699 0.8343973760770562 -0.4343418050962316 -0.6551304453715749 -0.34574079772840705 
204 1 -1.2648267217272824 -1.3366351010166078 -1.5339507660794 2.2969878559584362 -0.7044678627370692 -1.0121200277394296 -1.5320554917620477 
205 1 -0.7287443244007089 -0.4536423471357391 -0.07788972801853979 -2.404195829374571 -1.514846035659582 2.200786213571262 -0.867719263103209 
206 1 0.3434204702524381 0.5176496821332164 0.8581495107348703 0.20757288469932195 1.6108983456129673 1.8437966312034073 1.172742010634653 
207 1 -1.4792596806579117 -1.0717372748523473 -1.5339507660794 1.4612218674547903 -0.6272889891254013 -0.8336252365555022 -1.3422451407166653 
208 -1 -0.2998784065394501 -1.0717372748523473 -1.0659311467026948 -1.568429840870925 -1.0903622307954086 -0.8336252365555022 -0.6779089120578264 
209 -1 1.3083687854402704 1.0474453344617376 0.9621538705963604 -0.523722355241368 0.33744693102044726 0.4158383017319889 0.6507635452598511 
210 1 -1.1576102422619676 -1.0717372748523473 -1.481948586148655 3.4461660901509488 -0.39575236829039767 -1.3691096101072842 -1.3422451407166653 
211 -1 -0.5143113654700795 -0.8068394486880865 -0.6499137072567348 0.520985130388189 -0.35716293148456374 0.05884871936413426 -0.8202666753418634 
212 1 0.4506369497177528 0.42935040674512953 0.8061473308041253 0.8343973760770562 2.3826870817296464 2.0222914223873345 1.9319834148161832 
213 -1 0.2362039907871234 -0.012145970195304794 0.026114631842950223 -0.3147808581154566 -0.6658784259312353 0.7728278840998435 -0.15593044668302455 
214 1 0.2362039907871234 0.5176496821332164 0.3901298913581653 0.10310213613636625 -0.5886995523195674 0.7728278840998435 -0.9151718508645547 
215 1 -0.6215278449353941 -0.10044524558339166 0.5461364311504003 -1.7773713379968366 -0.858825609960405 2.200786213571262 -0.013572683398987656 
216 1 0.2362039907871234 0.16445258058086892 -0.8579224269797149 1.3567511188918346 -0.12562631064956006 -1.5476044012912116 -0.06102527116033329 
217 1 -0.7287443244007089 -0.7185401732999998 -0.7539180671182248 1.0433388732029676 0.18308918379711148 -0.29814086300372034 -0.2508356222057158 
218 -1 0.5578534291830675 0.42935040674512953 0.23412335156593025 -0.10583936098954518 -0.20280518426122796 -1.0121200277394296 -0.44064597325109833 
219 1 0.021771031856494007 0.42935040674512953 0.8061473308041253 -1.568429840870925 -0.6658784259312353 1.3083122576516255 0.17623766764639487 
220 1 0.021771031856494007 0.16445258058086892 0.49413425121965526 -0.41925160667841227 1.225003977554628 1.6653018400194801 1.2201945983959988 
221 1 1.3083687854402704 1.5772409867902588 1.4301734899730654 1.8791048617066133 1.7652560928363032 1.8437966312034073 0.9354790718279249 
222 -1 0.2362039907871234 0.16445258058086892 0.18212117163518524 -1.0460760980561465 0.33744693102044726 0.23734351054806158 0.4609531942144686 
223 -1 0.5578534291830675 -0.012145970195304794 -0.2338962678107748 -1.8818420865597922 -1.2061305412129104 -0.6551304453715749 -0.4880985610124439 
224 -1 -0.6215278449353941 -0.8951387240761735 -1.01392896677195 0.10310213613636625 -0.7044678627370692 -0.6551304453715749 -0.5830037365351352 
225 1 -2.0153420779844855 -2.1313285795093897 -2.15797692524834 0.7299266275141005 -1.7463826564945857 -1.9045939836590662 -2.1963917204208867 
226 1 -0.2998784065394501 0.07615330519278207 0.13011899170444025 1.670163364580702 1.6108983456129673 0.5943330929159162 0.8880264840665792 
227 -1 0.5578534291830675 0.782547508297477 0.49413425121965526 -0.3147808581154566 -0.35716293148456374 -0.47663565418764764 -0.06102527116033329 
228 1 -1.6936926395885412 -1.778131477957042 -2.15797692524834 0.41651438182523337 -1.2061305412129104 -1.7260991924751388 -1.9116761938528128 
229 -1 -0.5143113654700795 -0.8068394486880865 -1.3779442262871648 -0.9416053494931909 -1.59202490927125 -1.0121200277394296 -1.2947925529553197 
230 -1 0.2362039907871234 -0.012145970195304794 0.13011899170444025 -0.41925160667841227 -0.3185734946787298 -0.8336252365555022 0.12878507988504923 
231 1 -1.050393762796653 -1.0717372748523473 -0.6499137072567348 0.41651438182523337 -0.5886995523195674 -0.47663565418764764 -1.0100770263872458 
232 1 0.5578534291830675 0.5176496821332164 0.6501407910118903 0.31204363326227763 1.8038455296421372 1.3083122576516255 1.6472678882481093 
233 1 -1.050393762796653 -1.2483358256285209 -1.32594204635642 -1.4639590923079693 -0.8202361731545711 0.05884871936413426 -0.7253614998191721 
234 1 -0.4070948860047648 -0.4536423471357391 -0.44190498753375484 0.20757288469932195 0.6461624254671188 1.129817466467698 0.6507635452598511 
235 1 -1.800909119053856 -1.778131477957042 -1.94996820552536 2.8193415987732147 -0.47293124190206554 -1.190614818923357 -1.6744132550460846 
236 1 -1.5864761601232265 -1.5132336517927816 -1.5339507660794 1.670163364580702 -0.6658784259312353 -1.0121200277394296 -1.9116761938528128 
237 -1 -0.2998784065394501 -0.2770437963595654 -0.1818940878800298 0.520985130388189 0.18308918379711148 0.05884871936413426 -0.20338303444437017 
238 -1 -0.7287443244007089 -0.6302408979119128 -0.7539180671182248 0.41651438182523337 -0.04844743703789218 0.4158383017319889 -0.5355511487737896 
239 -1 0.6650699086483822 0.8708467836855639 0.7021429709426353 -0.3147808581154566 0.33744693102044726 1.129817466467698 1.1252894228733075 
240 -1 -0.0854454476088207 -0.36534307174765224 -0.44190498753375484 -1.568429840870925 -0.897415046766239 -0.47663565418764764 -0.6779089120578264 
241 -1 1.2011523059749558 1.312343160625998 1.0661582304578503 1.5656926160177462 1.263593414360462 0.05884871936413426 1.6472678882481093 
242 1 -0.2998784065394501 -0.2770437963595654 0.13011899170444025 -0.9416053494931909 -0.2799840578728958 2.0222914223873345 -0.29828820996706146 
243 -1 -0.0854454476088207 -0.2770437963595654 -0.3379006276722648 0.520985130388189 -0.6272889891254013 -0.6551304453715749 -0.9626244386259002 
244 1 -1.050393762796653 -0.8068394486880865 -0.6499137072567348 -0.523722355241368 -0.35716293148456374 0.7728278840998435 -0.2508356222057158 
245 1 0.5578534291830675 0.782547508297477 0.9621538705963604 -0.21031010955250087 1.0706462303312922 1.6653018400194801 1.4100049494413813 
246 1 0.021771031856494007 0.3410511313570427 0.5981386110811453 -0.0013686124265894644 0.530394115049617 -0.8336252365555022 0.4609531942144686 
247 -1 0.8795028675790116 0.782547508297477 0.6501407910118903 -0.523722355241368 -0.20280518426122796 -0.47663565418764764 -0.15593044668302455 
248 1 0.021771031856494007 -0.012145970195304794 0.13011899170444025 0.20757288469932195 1.4179511615837976 0.5943330929159162 0.8405738963052337 
249 1 -0.9431772833313383 -1.160036550240434 -1.2219376864949298 0.20757288469932195 0.8005201726904546 -0.47663565418764764 -0.013572683398987656 
250 1 0.3434204702524381 0.3410511313570427 0.9621538705963604 0.6254558789511447 1.7266666560304693 1.3083122576516255 1.31509977391869 
251 -1 0.021771031856494007 -0.10044524558339166 0.07811681177369523 -0.0013686124265894644 0.33744693102044726 -0.29814086300372034 0.5084057819758143 
252 -1 -0.6215278449353941 -0.2770437963595654 -0.2338962678107748 -0.21031010955250087 0.2602680574087794 -1.0121200277394296 0.6982161330211968 
253 1 -1.800909119053856 -2.0430293041213026 -2.05397256538685 0.7299266275141005 -0.9745939203779068 -0.8336252365555022 -1.7218658428074303 
254 -1 -0.0854454476088207 -0.012145970195304794 0.026114631842950223 -1.255017595182058 -1.0517727939895747 -0.29814086300372034 -0.5355511487737896 
255 -1 0.7722863881136969 0.9591460590736507 0.5981386110811453 0.8343973760770562 -0.20280518426122796 -0.29814086300372034 -0.013572683398987656 
256 -1 0.3434204702524381 -0.012145970195304794 -0.2338962678107748 -0.523722355241368 -0.5886995523195674 -0.11964607181979305 -0.3931933854897527 
257 1 -1.9081255985191705 -2.0430293041213026 -2.05397256538685 0.31204363326227763 -1.3990777252420803 -1.5476044012912116 -1.7218658428074303 
258 1 -0.8359608038660236 -0.7185401732999998 -0.9619267868412049 1.3567511188918346 0.22167862060294544 -0.11964607181979305 -0.9626244386259002 
259 1 -0.2998784065394501 0.16445258058086892 0.3901298913581653 -0.41925160667841227 -0.39575236829039767 0.23734351054806158 -0.3931933854897527 
260 1 -0.4070948860047648 -0.012145970195304794 0.13011899170444025 0.9388681246400119 0.6847518622729527 -0.11964607181979305 0.08133249212370361 
261 -1 -0.1926619270741354 -0.2770437963595654 -0.5979115273259898 0.9388681246400119 0.02873143657377571 -1.190614818923357 -0.5355511487737896 
262 1 -0.6215278449353941 -0.4536423471357391 0.13011899170444025 -0.41925160667841227 0.29885749421461333 -1.190614818923357 0.4609531942144686 
263 1 1.6300182238362144 2.283635189894954 2.7302279882416904 1.4612218674547903 2.1125610240888086 1.8437966312034073 1.9794360025775288 
264 -1 -0.4070948860047648 -0.36534307174765224 -0.2858984477415198 -0.523722355241368 -0.5886995523195674 1.129817466467698 -0.867719263103209 
265 -1 -0.1926619270741354 0.07615330519278207 0.13011899170444025 -0.10583936098954518 0.5689835518554509 0.23734351054806158 0.2711428431690861 
266 -1 0.12898751132180872 0.5176496821332164 0.13011899170444025 -0.8371346009302351 -0.858825609960405 -0.6551304453715749 -0.29828820996706146 
267 1 -1.050393762796653 -0.9834379994642602 -1.01392896677195 0.6254558789511447 -0.4343418050962316 0.5943330929159162 -0.5830037365351352 
268 -1 -0.0854454476088207 0.07615330519278207 -0.07788972801853979 -0.523722355241368 -0.3185734946787298 -0.29814086300372034 -0.34574079772840705 
269 -1 0.3434204702524381 0.42935040674512953 0.5461364311504003 -0.523722355241368 -0.2413946210670619 -0.47663565418764764 0.2711428431690861 
270 1 1.3083687854402704 1.8421388129545193 2.0021974692112603 0.20757288469932195 1.1092356671371262 1.8437966312034073 0.9829316595892705 
271 1 -0.1926619270741354 -0.4536423471357391 -0.07788972801853979 -0.6281931038043237 1.1478251039429601 0.7728278840998435 0.3660480186917774 
272 1 -0.1926619270741354 -0.36534307174765224 -0.44190498753375484 1.8791048617066133 0.6075729886612848 -0.6551304453715749 -0.013572683398987656 
273 -1 1.3083687854402704 0.9591460590736507 0.8061473308041253 -0.3147808581154566 0.3760363678262812 -0.11964607181979305 0.7931213085438881 
274 -1 0.3434204702524381 -0.012145970195304794 -0.1298919079492848 -0.523722355241368 -0.7430572995429031 0.4158383017319889 -0.29828820996706146 
275 1 -2.0153420779844855 -2.0430293041213026 -2.15797692524834 -0.6281931038043237 -1.553435472465416 -0.8336252365555022 -2.006581369375504 
276 -1 0.5578534291830675 -0.012145970195304794 -0.2338962678107748 -1.8818420865597922 -1.3218988516304122 0.05884871936413426 -0.867719263103209 
277 1 -0.0854454476088207 0.16445258058086892 0.7021429709426353 -0.523722355241368 0.22167862060294544 2.200786213571262 0.12878507988504923 
278 -1 -0.5143113654700795 -0.4536423471357391 -0.2338962678107748 0.520985130388189 -0.009858000232058234 0.05884871936413426 -0.29828820996706146 
279 -1 0.2362039907871234 0.3410511313570427 0.07811681177369523 -0.3147808581154566 -0.35716293148456374 -0.29814086300372034 0.2711428431690861 
280 1 -1.3720432011925972 -1.2483358256285209 -1.11793332663344 2.088046358832525 -0.47293124190206554 -0.8336252365555022 -1.2947925529553197 
281 -1 0.9867193470443263 0.9591460590736507 1.1181604103885954 -0.0013686124265894644 0.4532152414379491 -0.6551304453715749 1.2201945983959988 
282 1 0.8795028675790116 1.1357446098498245 0.9621538705963604 -0.0013686124265894644 1.4951300351954655 0.5943330929159162 1.552362712725418 
283 1 -2.0153420779844855 -1.9547300287332159 -1.94996820552536 0.8343973760770562 -0.8202361731545711 0.4158383017319889 -1.626960667284739 
284 1 1.844451182766844 2.636832291447301 2.4702170885879653 0.9388681246400119 1.4565405983896316 0.4158383017319889 1.552362712725418 
285 1 0.3434204702524381 0.5176496821332164 0.7021429709426353 0.10310213613636625 1.8424349664479711 1.3083122576516255 1.5049101249640724 
286 -1 1.9516676622321587 1.5772409867902588 0.9621538705963604 0.31204363326227763 -0.2413946210670619 -0.29814086300372034 0.31859543093043174 
287 -1 1.844451182766844 1.6655402621783457 1.2221647702500853 -0.3147808581154566 -0.009858000232058234 -0.47663565418764764 0.5084057819758143 
288 1 0.2362039907871234 0.3410511313570427 0.6501407910118903 0.41651438182523337 2.1897398977004765 1.4868070488355527 1.7421730637708006 
289 1 -0.9431772833313383 -0.8068394486880865 -1.0659311467026948 -0.41925160667841227 -0.7816467363487372 -0.47663565418764764 -1.1524347896712828 
290 -1 -0.4070948860047648 -0.5419416225238259 -0.3899028076030098 -0.7326638523672794 -0.009858000232058234 -0.6551304453715749 0.8405738963052337 
291 1 1.5228017443708999 -0.8068394486880865 -0.7539180671182248 0.520985130388189 0.29885749421461333 -0.29814086300372034 -0.10847785892167891 
292 1 -0.6215278449353941 -0.8068394486880865 -1.3779442262871648 0.9388681246400119 -1.2061305412129104 -1.190614818923357 -1.247339965193974 
293 1 0.9867193470443263 1.1357446098498245 1.6901843896267905 0.7299266275141005 1.881024403253805 1.3083122576516255 1.0778368351119618 
294 -1 -0.2998784065394501 -0.4536423471357391 -0.8059202470489699 -0.8371346009302351 -1.0517727939895747 -0.6551304453715749 -0.867719263103209 
295 -1 -1.4792596806579117 -1.160036550240434 -1.63795512594089 0.6254558789511447 -1.2061305412129104 -1.3691096101072842 -1.5795080795233933 
296 1 0.2362039907871234 0.2527518559689558 0.18212117163518524 0.10310213613636625 1.3021828511662958 0.05884871936413426 0.8405738963052337 
297 1 0.5578534291830675 0.5176496821332164 0.8061473308041253 -0.0013686124265894644 1.1092356671371262 1.3083122576516255 1.0778368351119618 
298 -1 0.4506369497177528 0.6942482329093901 0.6501407910118903 0.520985130388189 0.49180467824378304 -0.11964607181979305 0.17623766764639487 
299 1 2.7021830184893614 3.1666279437758225 3.0942432477569057 0.6254558789511447 1.1092356671371262 0.7728278840998435 1.837078239293492 
300 1 0.7722863881136969 0.5176496821332164 1.2221647702500853 0.31204363326227763 2.073971587282975 0.23734351054806158 1.31509977391869 
301 1 -0.4070948860047648 -0.5419416225238259 -0.3379006276722648 0.7299266275141005 -0.6658784259312353 -1.3691096101072842 -0.06102527116033329 
302 1 -0.4070948860047648 -0.2770437963595654 -0.1818940878800298 -0.3147808581154566 -0.3185734946787298 0.4158383017319889 -0.5355511487737896 
303 1 0.6650699086483822 0.8708467836855639 1.2741669501808304 0.7299266275141005 3.154475817846325 1.6653018400194801 2.453961880190985 
304 1 0.12898751132180872 0.3410511313570427 0.3901298913581653 0.41651438182523337 0.8776990463021225 1.3083122576516255 0.5558583697371599 
305 1 0.3434204702524381 0.782547508297477 0.5461364311504003 -0.9416053494931909 -0.9360044835720729 0.23734351054806158 -0.44064597325109833 
306 1 -1.5864761601232265 -1.6898322025689552 -1.897966025594615 1.5656926160177462 -1.0131833571837408 -1.5476044012912116 -1.6744132550460846 
307 -1 -0.6215278449353941 -0.8068394486880865 -0.9619267868412049 -0.10583936098954518 -0.9360044835720729 -0.8336252365555022 -0.6779089120578264 
308 1 -0.8359608038660236 -0.9834379994642602 -1.01392896677195 0.6254558789511447 0.33744693102044726 0.7728278840998435 -0.06102527116033329 
309 -1 -0.0854454476088207 -0.10044524558339166 -0.02588754808779478 -0.41925160667841227 -0.2799840578728958 0.23734351054806158 -0.5355511487737896 
310 -1 0.12898751132180872 0.6059489575213033 0.8581495107348703 0.9388681246400119 1.3407722879721298 -0.47663565418764764 2.07434117810022 
311 -1 -1.2648267217272824 -1.0717372748523473 -1.3779442262871648 1.4612218674547903 0.02873143657377571 -0.6551304453715749 -0.5355511487737896 
312 -1 0.9867193470443263 0.3410511313570427 0.3901298913581653 -2.0907835836857034 -1.0517727939895747 0.23734351054806158 -0.34574079772840705 
313 -1 -0.2998784065394501 -0.2770437963595654 -0.1298919079492848 -1.0460760980561465 -1.0903622307954086 0.05884871936413426 -0.7728140875805177 
314 1 -1.4792596806579117 -1.2483358256285209 -1.01392896677195 0.31204363326227763 -1.2061305412129104 -0.47663565418764764 -1.247339965193974 
315 -1 1.093935826509641 0.5176496821332164 0.28612553149667524 -1.1505468466191022 -0.2413946210670619 0.23734351054806158 -0.29828820996706146 
316 -1 -0.4070948860047648 -0.18874452097147854 0.07811681177369523 0.10310213613636625 0.6461624254671188 1.129817466467698 0.3660480186917774 
317 -1 -0.5143113654700795 -0.7185401732999998 -0.7019158871874799 -0.3147808581154566 -0.5115206787078995 -1.5476044012912116 -0.10847785892167891 
318 -1 0.021771031856494007 0.16445258058086892 0.18212117163518524 -0.8371346009302351 0.14449974699127754 0.05884871936413426 0.4609531942144686 
319 1 -0.1926619270741354 -0.18874452097147854 0.026114631842950223 -0.41925160667841227 -0.04844743703789218 0.05884871936413426 -0.2508356222057158 
320 -1 0.12898751132180872 -0.36534307174765224 -0.02588754808779478 -1.568429840870925 -1.0903622307954086 0.05884871936413426 -0.6304563242964808 
321 -1 0.021771031856494007 0.07615330519278207 0.13011899170444025 -0.8371346009302351 -0.2799840578728958 -0.8336252365555022 0.2711428431690861 
322 -1 0.5578534291830675 -0.18874452097147854 -0.07788972801853979 -2.5086665779375266 -1.4376671620479142 -0.29814086300372034 -0.8202666753418634 
323 -1 0.3434204702524381 -0.10044524558339166 0.026114631842950223 -0.523722355241368 -0.3185734946787298 -1.3691096101072842 -0.15593044668302455 
324 -1 0.021771031856494007 0.07615330519278207 0.07811681177369523 0.20757288469932195 0.18308918379711148 0.05884871936413426 -0.013572683398987656 
325 1 0.7722863881136969 0.42935040674512953 0.13011899170444025 0.41651438182523337 -0.6658784259312353 0.7728278840998435 -0.5355511487737896 
326 -1 0.6650699086483822 0.8708467836855639 0.44213207128891024 1.1478096217659233 -0.3185734946787298 -1.0121200277394296 -1.0100770263872458 
327 1 -0.2998784065394501 -0.18874452097147854 -0.02588754808779478 -0.8371346009302351 -0.7816467363487372 0.4158383017319889 -0.6304563242964808 
328 -1 -0.0854454476088207 -0.012145970195304794 0.026114631842950223 -0.0013686124265894644 0.06732087337960965 -0.47663565418764764 0.3660480186917774 
329 -1 0.021771031856494007 -0.012145970195304794 0.07811681177369523 -0.3147808581154566 0.2602680574087794 -0.11964607181979305 0.2711428431690861 
330 -1 0.2362039907871234 0.07615330519278207 0.026114631842950223 -0.9416053494931909 -0.04844743703789218 -0.29814086300372034 -0.06102527116033329 
331 1 -0.4070948860047648 -0.012145970195304794 0.3901298913581653 -1.7773713379968366 -1.0903622307954086 1.129817466467698 -0.3931933854897527 
332 1 -1.4792596806579117 -1.3366351010166078 -1.481948586148655 0.41651438182523337 -1.0903622307954086 -0.11964607181979305 -1.5320554917620477 
333 1 -1.3720432011925972 -1.5132336517927816 -1.585952946010145 -0.523722355241368 -0.08703687384372612 0.7728278840998435 -0.44064597325109833 
334 -1 -0.1926619270741354 -0.2770437963595654 -0.1298919079492848 0.6254558789511447 -0.08703687384372612 -0.6551304453715749 0.22369025540774048 
335 1 -0.4070948860047648 -0.4536423471357391 -0.44190498753375484 0.31204363326227763 -0.39575236829039767 1.129817466467698 -0.6304563242964808 
336 -1 0.7722863881136969 0.782547508297477 0.44213207128891024 0.10310213613636625 0.14449974699127754 -0.6551304453715749 0.6033109574985055 
337 -1 -1.2648267217272824 -1.2483358256285209 -1.3779442262871648 -0.6281931038043237 -1.3604882884362464 -0.8336252365555022 -1.4371503162393566 
338 -1 -0.0854454476088207 -0.36534307174765224 -0.3899028076030098 -0.9416053494931909 -1.3604882884362464 -0.11964607181979305 -0.9151718508645547 
339 -1 0.4506369497177528 0.07615330519278207 -0.3379006276722648 2.1925171073954806 0.7233412990787867 -1.3691096101072842 0.7931213085438881 
340 -1 -0.1926619270741354 -0.10044524558339166 0.8581495107348703 0.10310213613636625 1.1092356671371262 -0.29814086300372034 1.8845308270548375 
341 1 0.12898751132180872 0.07615330519278207 0.49413425121965526 -2.0907835836857034 -0.8202361731545711 1.3083122576516255 -0.013572683398987656 
342 -1 -0.6215278449353941 -0.8951387240761735 -0.9099246069104598 -1.1505468466191022 -0.5886995523195674 -1.190614818923357 -0.5830037365351352 
343 1 -1.1576102422619676 -0.8068394486880865 -0.7539180671182248 0.20757288469932195 -0.47293124190206554 0.5943330929159162 -0.867719263103209 
344 -1 0.3434204702524381 0.42935040674512953 0.3901298913581653 -0.8371346009302351 -0.9360044835720729 -1.0121200277394296 -0.29828820996706146 
345 1 -1.2648267217272824 -1.4249343764046947 -1.793961665733125 1.4612218674547903 -0.7044678627370692 -0.8336252365555022 -1.247339965193974 
346 -1 0.3434204702524381 0.2527518559689558 0.28612553149667524 0.31204363326227763 0.4532152414379491 -0.6551304453715749 0.4609531942144686 
347 1 0.9867193470443263 1.6655402621783457 1.8981931093497704 -0.41925160667841227 0.3760363678262812 1.129817466467698 1.172742010634653 
348 -1 0.2362039907871234 -0.012145970195304794 -0.1298919079492848 -0.9416053494931909 -0.7816467363487372 0.23734351054806158 -0.5355511487737896 
349 1 1.4155852649055851 0.9591460590736507 0.5981386110811453 -1.568429840870925 -1.2061305412129104 1.129817466467698 -0.5830037365351352 
350 -1 1.6300182238362144 1.400642436014085 0.9101516906656153 -1.4639590923079693 -0.5501101155137335 -0.29814086300372034 -0.013572683398987656 
351 -1 0.4506369497177528 0.6059489575213033 0.44213207128891024 -0.3147808581154566 -0.009858000232058234 1.3083122576516255 0.31859543093043174 
352 1 -0.9431772833313383 -0.18874452097147854 -0.6499137072567348 1.4612218674547903 1.1478251039429601 0.05884871936413426 1.2201945983959988 
353 -1 -0.2998784065394501 -0.5419416225238259 -0.3899028076030098 -1.0460760980561465 -0.7430572995429031 -1.190614818923357 -0.5355511487737896 
354 -1 -0.6215278449353941 -0.4536423471357391 -0.07788972801853979 -1.6729005894338809 -1.59202490927125 0.23734351054806158 -1.1049822019099371 
355 1 -0.1926619270741354 -0.4536423471357391 -0.3379006276722648 -0.10583936098954518 -0.009858000232058234 -0.6551304453715749 -0.34574079772840705 
356 -1 0.3434204702524381 0.6059489575213033 0.18212117163518524 -0.523722355241368 -0.2799840578728958 0.5943330929159162 0.3660480186917774 
357 -1 -1.2648267217272824 -1.160036550240434 -1.32594204635642 -0.9416053494931909 -1.59202490927125 -1.5476044012912116 -1.484602904000702 
358 -1 -0.5143113654700795 -0.4536423471357391 -0.3379006276722648 0.31204363326227763 -0.2413946210670619 -1.190614818923357 -0.5355511487737896 
359 1 0.021771031856494007 0.16445258058086892 0.23412335156593025 -0.6281931038043237 -0.08703687384372612 0.4158383017319889 0.6033109574985055 
360 1 -1.800909119053856 -1.778131477957042 -1.84596384566387 0.41651438182523337 -0.7430572995429031 1.129817466467698 -1.769318430568776 
361 1 -1.9081255985191705 -1.778131477957042 -2.05397256538685 2.6104001016473033 -0.858825609960405 -2.0830887748429934 -1.769318430568776 
362 -1 0.6650699086483822 0.42935040674512953 0.44213207128891024 -0.6281931038043237 0.1059103101854436 -0.11964607181979305 0.3660480186917774 
363 -1 0.021771031856494007 -0.18874452097147854 -0.1298919079492848 -0.6281931038043237 0.2602680574087794 0.23734351054806158 0.5558583697371599 
364 -1 -0.5143113654700795 -0.9834379994642602 -0.9619267868412049 -0.6281931038043237 -1.0903622307954086 -0.29814086300372034 -1.0575296141485915 
365 1 -0.0854454476088207 0.07615330519278207 -0.07788972801853979 1.5656926160177462 0.6847518622729527 -0.8336252365555022 -0.10847785892167891 
366 -1 1.7372347033015292 1.400642436014085 0.8061473308041253 -0.7326638523672794 0.1059103101854436 0.5943330929159162 0.6507635452598511 
367 1 -0.4070948860047648 -0.36534307174765224 -0.49390716746449986 1.1478096217659233 1.186414540748794 0.5943330929159162 0.4609531942144686 
368 -1 0.6650699086483822 0.16445258058086892 0.23412335156593025 -0.9416053494931909 -0.9360044835720729 0.23734351054806158 -0.44064597325109833 
369 -1 0.3434204702524381 0.3410511313570427 0.13011899170444025 -0.10583936098954518 -0.009858000232058234 0.05884871936413426 0.2711428431690861 
370 -1 -0.0854454476088207 -0.36534307174765224 -0.02588754808779478 0.20757288469932195 -0.39575236829039767 0.05884871936413426 -0.3931933854897527 
371 -1 1.9516676622321587 2.018737363730693 1.9501952892805154 1.8791048617066133 0.5689835518554509 1.129817466467698 0.2711428431690861 
372 1 -1.5864761601232265 -1.778131477957042 -1.74195948580238 -1.1505468466191022 -1.514846035659582 -1.3691096101072842 -1.7218658428074303 
373 1 -0.4070948860047648 -0.36534307174765224 -0.2858984477415198 0.10310213613636625 0.18308918379711148 1.3083122576516255 -0.06102527116033329 
374 -1 -1.3720432011925972 -1.4249343764046947 -1.42994640621791 -0.0013686124265894644 -0.8202361731545711 -1.5476044012912116 -0.6304563242964808 
375 -1 -0.5143113654700795 -0.5419416225238259 -0.7019158871874799 -0.6281931038043237 -0.7430572995429031 -1.5476044012912116 -0.2508356222057158 
376 -1 0.3434204702524381 0.6942482329093901 0.7021429709426353 0.10310213613636625 -0.5115206787078995 0.7728278840998435 -0.29828820996706146 
377 -1 0.7722863881136969 0.782547508297477 1.0661582304578503 -0.3147808581154566 -0.12562631064956006 -0.47663565418764764 0.6507635452598511 
378 1 -0.5143113654700795 -0.2770437963595654 0.07811681177369523 -0.8371346009302351 -0.5886995523195674 1.129817466467698 -0.5355511487737896 
379 1 -1.050393762796653 -0.9834379994642602 -1.01392896677195 -0.10583936098954518 -0.5115206787078995 -0.6551304453715749 -0.6304563242964808 
380 1 0.4506369497177528 0.42935040674512953 0.9101516906656153 0.41651438182523337 1.6880772192246354 1.6653018400194801 1.2201945983959988 
381 -1 0.5578534291830675 0.782547508297477 0.9101516906656153 0.31204363326227763 1.0706462303312922 0.9513226752837708 1.0778368351119618 
382 -1 1.5228017443708999 1.6655402621783457 1.3781713100423203 0.8343973760770562 0.7619307358846207 -0.29814086300372034 1.0303842473506162 
383 -1 -1.3720432011925972 -1.160036550240434 -1.0659311467026948 0.31204363326227763 -0.39575236829039767 -1.7260991924751388 0.08133249212370361 
384 1 0.12898751132180872 -0.012145970195304794 0.13011899170444025 -2.0907835836857034 -1.0903622307954086 0.5943330929159162 -0.5355511487737896 
385 -1 -0.4070948860047648 -0.36534307174765224 0.13011899170444025 -0.0013686124265894644 0.8391096094962885 -0.47663565418764764 0.4609531942144686 
386 -1 2.166100621162788 1.9304380883426062 1.5861800297653004 0.8343973760770562 0.3760363678262812 -0.29814086300372034 0.6982161330211968 
387 -1 3.3454818952812495 1.312343160625998 -0.7019158871874799 -1.255017595182058 -1.4376671620479142 -1.0121200277394296 -1.3422451407166653 
388 -1 -0.2998784065394501 -0.2770437963595654 -0.2338962678107748 -0.523722355241368 -0.35716293148456374 0.23734351054806158 -0.34574079772840705 
389 -1 2.7021830184893614 2.5485330160592143 1.9501952892805154 0.520985130388189 0.6847518622729527 -0.29814086300372034 0.9829316595892705 
390 1 0.7722863881136969 1.312343160625998 1.1701625903193404 0.10310213613636625 0.02873143657377571 -0.29814086300372034 -0.15593044668302455 
391 1 -0.6215278449353941 -0.36534307174765224 -0.3899028076030098 0.41651438182523337 1.1092356671371262 -1.0121200277394296 0.5084057819758143 
392 1 -1.5864761601232265 -1.6015329271808683 -2.001970385456105 0.20757288469932195 -1.1675411044070765 -1.5476044012912116 -1.7218658428074303 
393 -1 -0.9431772833313383 -0.7185401732999998 -0.9619267868412049 -1.6729005894338809 -1.7849720933004196 -1.190614818923357 -1.389697728478011 
394 1 0.021771031856494007 -0.18874452097147854 0.33812771142742026 0.520985130388189 1.4565405983896316 1.3083122576516255 1.0303842473506162 
395 -1 -0.2998784065394501 -0.4536423471357391 -0.8059202470489699 -1.255017595182058 -1.0131833571837408 1.3083122576516255 -0.6779089120578264 
396 1 0.4506369497177528 0.42935040674512953 0.33812771142742026 -0.10583936098954518 0.1059103101854436 0.05884871936413426 0.31859543093043174 
397 -1 0.7722863881136969 0.6059489575213033 0.33812771142742026 -0.8371346009302351 -0.2413946210670619 -0.6551304453715749 0.08133249212370361 
398 1 -0.5143113654700795 -1.2483358256285209 -1.11793332663344 0.520985130388189 0.7233412990787867 -0.11964607181979305 0.08133249212370361 
399 -1 0.6650699086483822 0.5176496821332164 0.7021429709426353 0.10310213613636625 2.2669187713121444 0.23734351054806158 1.7896256515321463 
400 -1 -0.0854454476088207 0.16445258058086892 0.07811681177369523 0.520985130388189 0.18308918379711148 -0.11964607181979305 0.22369025540774048 
401 -1 -0.2998784065394501 -0.5419416225238259 -0.7539180671182248 1.983575610269569 -0.6272889891254013 -0.6551304453715749 -0.867719263103209 
402 1 -1.6936926395885412 -1.5132336517927816 -1.63795512594089 2.401458604521392 -1.1675411044070765 0.23734351054806158 -1.5320554917620477 
403 -1 1.093935826509641 1.2240438852379114 0.9621538705963604 1.4612218674547903 1.186414540748794 0.05884871936413426 0.8880264840665792 
404 1 0.2362039907871234 0.42935040674512953 0.44213207128891024 -0.7326638523672794 -0.7816467363487372 0.05884871936413426 -0.8202666753418634 
405 -1 1.5228017443708999 1.400642436014085 1.6381822096960454 0.31204363326227763 1.5337194720012994 0.9513226752837708 1.7421730637708006 
406 1 -0.5143113654700795 -0.5419416225238259 -0.3379006276722648 -0.7326638523672794 -0.7044678627370692 0.5943330929159162 -0.6779089120578264 
407 1 0.12898751132180872 0.6942482329093901 1.0661582304578503 -1.255017595182058 -0.6272889891254013 1.3083122576516255 0.08133249212370361 
408 1 -0.4070948860047648 -0.7185401732999998 -0.5979115273259898 -0.0013686124265894644 -1.6692037828829178 -0.6551304453715749 -1.8642236060914672 
409 -1 -0.0854454476088207 -0.18874452097147854 -0.2858984477415198 -0.3147808581154566 0.22167862060294544 -1.0121200277394296 0.7456687207825424 
410 -1 -0.1926619270741354 -0.8068394486880865 -0.5979115273259898 -0.10583936098954518 -0.5115206787078995 -1.0121200277394296 -0.44064597325109833 
411 -1 -0.6215278449353941 -0.7185401732999998 -0.44190498753375484 -0.10583936098954518 -0.6272889891254013 -1.190614818923357 -0.4880985610124439 
412 -1 0.021771031856494007 0.07615330519278207 -0.1818940878800298 -0.41925160667841227 -1.0131833571837408 0.7728278840998435 -1.1524347896712828 
413 1 0.3434204702524381 0.6059489575213033 0.49413425121965526 0.520985130388189 0.4146258046321151 1.4868070488355527 0.41350060645312303 
414 1 -1.9081255985191705 -1.9547300287332159 -2.209979105179085 1.7746341131436576 -1.3218988516304122 -1.9045939836590662 -2.0540339571368498 
415 1 0.4506369497177528 0.782547508297477 1.1701625903193404 0.41651438182523337 1.9967927136713068 1.3083122576516255 3.0708455210884784 
416 -1 1.2011523059749558 0.6059489575213033 0.44213207128891024 -0.8371346009302351 -1.0517727939895747 -0.8336252365555022 -0.8202666753418634 
417 1 0.12898751132180872 0.42935040674512953 0.026114631842950223 2.2969878559584362 0.33744693102044726 -0.8336252365555022 0.2711428431690861 
418 -1 0.4506369497177528 0.3410511313570427 -0.02588754808779478 -0.0013686124265894644 -0.3185734946787298 0.5943330929159162 -0.29828820996706146 
419 -1 -0.4070948860047648 -0.012145970195304794 -0.3379006276722648 1.1478096217659233 -1.0131833571837408 -1.190614818923357 -1.1524347896712828 
420 -1 -0.1926619270741354 0.16445258058086892 0.33812771142742026 -0.10583936098954518 0.29885749421461333 0.23734351054806158 0.6982161330211968 
421 1 0.4506369497177528 0.6059489575213033 0.7541451508733803 -0.523722355241368 2.3055082081179785 1.6653018400194801 1.837078239293492 
422 1 -1.2648267217272824 -1.0717372748523473 -1.169935506564185 -0.10583936098954518 -0.7430572995429031 -1.190614818923357 -0.44064597325109833 
423 1 0.12898751132180872 0.16445258058086892 0.44213207128891024 -0.8371346009302351 0.18308918379711148 0.7728278840998435 0.22369025540774048 
424 1 -0.2998784065394501 -0.7185401732999998 -0.3899028076030098 -1.0460760980561465 0.8391096094962885 0.4158383017319889 0.6507635452598511 
425 1 0.6650699086483822 1.488941711402172 1.4821756699038104 2.088046358832525 -0.6272889891254013 -0.8336252365555022 -1.484602904000702 
426 1 0.021771031856494007 0.2527518559689558 0.5981386110811453 -0.6281931038043237 0.22167862060294544 1.129817466467698 0.22369025540774048 
427 -1 1.3083687854402704 0.8708467836855639 0.5461364311504003 -0.9416053494931909 0.22167862060294544 -0.6551304453715749 0.9829316595892705 
428 1 -0.9431772833313383 -1.2483358256285209 -1.169935506564185 -0.3147808581154566 -1.1289516676012425 -0.8336252365555022 -1.0100770263872458 
429 -1 6.347543320310061 5.815606205418428 3.3022519674798856 0.9388681246400119 0.8005201726904546 0.7728278840998435 1.694720476009455 
430 1 0.7722863881136969 0.6059489575213033 0.7541451508733803 -0.0013686124265894644 -1.0517727939895747 -0.29814086300372034 -0.9151718508645547 
431 1 -0.4070948860047648 0.16445258058086892 0.07811681177369523 -0.41925160667841227 -0.4343418050962316 1.4868070488355527 -0.44064597325109833 
432 1 0.8795028675790116 1.1357446098498245 1.4821756699038104 0.6254558789511447 1.4179511615837976 1.129817466467698 0.8880264840665792 
433 1 -0.7287443244007089 -0.6302408979119128 -0.7019158871874799 1.0433388732029676 0.1059103101854436 0.05884871936413426 -0.5830037365351352 
434 1 0.5578534291830675 -0.4536423471357391 -0.1818940878800298 -0.21031010955250087 -1.1675411044070765 0.23734351054806158 -1.484602904000702 
435 -1 0.4506369497177528 -0.012145970195304794 -0.1298919079492848 -0.8371346009302351 -1.1675411044070765 -0.29814086300372034 -0.6779089120578264 
436 -1 -0.9431772833313383 -0.9834379994642602 -0.9619267868412049 1.1478096217659233 -0.12562631064956006 0.23734351054806158 -0.5830037365351352 
437 -1 0.4506369497177528 0.6059489575213033 0.6501407910118903 0.20757288469932195 -0.3185734946787298 -0.6551304453715749 0.12878507988504923 
438 -1 0.021771031856494007 -0.012145970195304794 -0.3899028076030098 -1.1505468466191022 -0.3185734946787298 0.4158383017319889 -0.013572683398987656 
439 1 -0.6215278449353941 -0.6302408979119128 -0.2858984477415198 -0.21031010955250087 0.02873143657377571 -0.8336252365555022 -0.29828820996706146 
440 1 0.7722863881136969 0.8708467836855639 1.2741669501808304 -0.523722355241368 0.9934673567196243 1.3083122576516255 1.172742010634653 
441 -1 0.7722863881136969 0.6059489575213033 0.5461364311504003 -0.41925160667841227 -0.4343418050962316 0.05884871936413426 -0.013572683398987656 
442 1 0.3434204702524381 0.5176496821332164 0.9621538705963604 -0.10583936098954518 0.6461624254671188 0.05884871936413426 0.6982161330211968 
443 -1 -1.4792596806579117 -1.778131477957042 -1.689957305871635 -0.8371346009302351 -1.8235615301062535 -1.190614818923357 -1.626960667284739 
444 1 -0.0854454476088207 0.16445258058086892 0.5981386110811453 -0.21031010955250087 -0.009858000232058234 1.3083122576516255 0.41350060645312303 
445 1 -0.7287443244007089 -0.6302408979119128 -0.44190498753375484 -1.568429840870925 -0.9360044835720729 1.3083122576516255 -0.6304563242964808 
446 -1 1.093935826509641 1.0474453344617376 0.6501407910118903 -0.9416053494931909 0.14449974699127754 -0.47663565418764764 0.9354790718279249 
447 -1 0.9867193470443263 0.6059489575213033 -0.1298919079492848 0.31204363326227763 -1.1289516676012425 -1.0121200277394296 -1.1049822019099371 
448 -1 -0.5143113654700795 -1.2483358256285209 -0.9099246069104598 -0.8371346009302351 -1.4376671620479142 -0.6551304453715749 -0.9151718508645547 
449 -1 0.7722863881136969 0.6942482329093901 0.8581495107348703 -1.0460760980561465 -0.2413946210670619 0.5943330929159162 0.08133249212370361 
450 1 0.4506369497177528 0.6942482329093901 0.9101516906656153 0.31204363326227763 2.0353821504771408 1.3083122576516255 1.694720476009455 
451 1 -0.1926619270741354 -0.36534307174765224 -0.1298919079492848 -0.0013686124265894644 0.33744693102044726 0.9513226752837708 0.03387990436235797 
452 -1 -1.1576102422619676 -1.4249343764046947 -1.3779442262871648 -1.4639590923079693 -1.7463826564945857 -1.3691096101072842 -1.484602904000702 
453 -1 -0.0854454476088207 0.07615330519278207 0.07811681177369523 0.41651438182523337 -0.4343418050962316 -0.6551304453715749 -0.5355511487737896 
454 1 -0.6215278449353941 -0.4536423471357391 -0.5459093473952449 0.520985130388189 -1.0903622307954086 -0.6551304453715749 -1.8167710183301216 
455 -1 -0.6215278449353941 -0.8951387240761735 -0.8059202470489699 0.9388681246400119 -0.35716293148456374 -0.6551304453715749 -0.44064597325109833 
456 1 0.7722863881136969 1.0474453344617376 1.2221647702500853 0.10310213613636625 1.958203276865473 1.4868070488355527 1.6472678882481093 
457 -1 0.4506369497177528 0.5176496821332164 0.28612553149667524 0.520985130388189 0.1059103101854436 -0.6551304453715749 0.2711428431690861 
