id label data 
0 -1 0.22551769144297448 -0.017357033600301212 0.014915005222834432 -0.30335056368597346 -0.6886129028993546 0.7789196131168037 -0.17952553022792425 
1 1 -0.5231737362536816 -0.549387846131273 -0.3485691961336453 -0.7248576292658914 -0.7273592292925902 0.5981333325415451 -0.7000790867497246 
2 1 -0.9509974092231993 -0.6380596482197682 -0.8159060264491192 1.1719241658437392 0.12505995135859255 0.0557744908157692 -0.3214946820065971 
3 -1 0.5463854461701128 0.4260019768421753 0.37839920657931414 0.11815650189394444 0.28004525693153487 -0.4865843509100067 0.5303202286654399 
4 1 -0.630129654496061 -0.6380596482197682 -0.2966428816541482 -0.19797379729099399 0.008820972178885807 -0.8481569120605239 -0.3214946820065971 
5 1 0.33247360968535394 0.33733017475367993 0.9495886658537823 0.6450403338688419 1.7136593334812513 1.3212784548425796 1.287489038151695 
6 1 0.8672532008972511 1.1353763935501375 1.4688518106487534 0.6450403338688419 1.4036887223353667 1.1404921742673209 0.8615815828156765 
7 -1 0.6533413644124922 0.8693609872846517 0.6899570934562967 -0.30335056368597346 0.3187915833247705 1.1404921742673209 1.0981968357801313 
8 1 -0.20230598152654325 -0.1947006377772918 -0.14086393821565688 0.7504171002638214 1.7136593334812513 1.1404921742673209 0.43567412747965806 
9 -1 2.8994156475024604 2.0220944144350907 1.364999181689759 0.5396635674738623 0.5125232152909484 -0.8481569120605239 1.0981968357801313 
10 -1 1.2950768738667688 0.6033455810191658 0.27454657762032 -2.3055091251905835 -1.0760761668317105 1.1404921742673209 -0.46346383378526995 
11 -1 -0.30926189976892265 -0.2833724398657871 -0.14086393821565688 -1.0409879284508299 -1.114822493224946 0.0557744908157692 -0.7947251879355065 
12 1 0.7602972826548716 0.6033455810191658 0.7418834079357939 0.012779735498964965 -1.0760761668317105 -0.30579807033474804 -0.9366943397141794 
13 1 0.011605854958215627 0.15998657057668939 0.48225183553830836 -0.40872733008095297 1.2099570903691887 1.682851015993097 1.1928429369659133 
14 -1 -0.20230598152654325 -0.2833724398657871 -0.8159060264491192 2.5418221289784726 -0.06867168060758536 0.23656077139102782 -0.416140783192379 
15 1 1.2950768738667688 1.8447508102580998 1.9881149554437243 0.22353326828892392 1.093718111189482 1.8636372965683554 0.9562276840014584 
16 -1 0.11856177320059506 -0.017357033600301212 0.32647289209981706 -0.6194808628709119 0.008820972178885807 -0.12501178975948943 0.009766672143639528 
17 1 0.22551769144297448 0.15998657057668939 0.22262026314082284 0.22353326828892392 1.5199277015150736 0.23656077139102782 1.0508737851872403 
18 1 0.22551769144297448 0.5146737789306706 0.37839920657931414 0.11815650189394444 -0.6111202501128835 0.7789196131168037 -0.9366943397141794 
19 -1 0.5463854461701128 -0.017357033600301212 -0.2447165671746511 -1.8840020596106657 -1.3473004515843596 0.0557744908157692 -0.8893712891212885 
20 1 -2.0205565916469936 -2.056808481635693 -2.165990202916044 -0.6194808628709119 -1.579778409943773 -0.8481569120605239 -2.0251245033506713 
21 1 -1.2718651639503376 -0.9927468565737494 -1.231316542285096 2.225691829793534 -0.1849106597872921 -1.0289431926357826 -0.6054329855639428 
22 1 -1.0579533274655788 -0.9927468565737494 -1.0236112843671077 0.6450403338688419 -0.4561349445399412 0.5981333325415451 -0.6054329855639428 
23 -1 0.011605854958215627 -0.10602883568879651 0.06684131970233154 0.012779735498964965 0.3187915833247705 -0.30579807033474804 0.482997178072549 
24 1 -0.20230598152654325 0.07131476848819408 0.27454657762032 0.4342868010788829 0.7450011736503619 -1.2097294732110413 0.43567412747965806 
25 1 -1.1649092457079582 -1.0814186586622447 -1.4909481146825816 3.490213026533288 -0.4173886181467056 -1.3905157537862998 -1.3626017950501979 
26 -1 0.33247360968535394 0.6920173831076611 0.6899570934562967 0.11815650189394444 -0.5336275973264123 0.7789196131168037 -0.3214946820065971 
27 1 -0.0953500632841638 -0.46071604404277766 -0.2447165671746511 -1.0409879284508299 0.2025526041450637 0.5981333325415451 0.34102802629387613 
28 1 0.33247360968535394 0.4260019768421753 1.1053676092922735 -0.7248576292658914 0.16380627775182813 2.5867824188693898 0.2937049757009852 
29 1 -0.20230598152654325 -0.1947006377772918 0.014915005222834432 -0.40872733008095297 -0.06867168060758536 0.0557744908157692 -0.27417163141370615 
30 -1 -0.4162178180113021 -0.1947006377772918 0.06684131970233154 0.11815650189394444 0.6287621944706551 1.1404921742673209 0.34102802629387613 
31 1 0.8672532008972511 1.0467045914616424 1.1053676092922735 0.7504171002638214 2.411093208559492 1.3212784548425796 1.7133964934877135 
32 -1 -0.0953500632841638 0.07131476848819408 -0.08893762373615978 -0.5141040964759325 -0.3398959653602344 -0.30579807033474804 -0.368817732599488 
33 1 0.4394295279277334 0.4260019768421753 0.5341781500178054 0.3289100346839034 0.39628423611124164 1.1404921742673209 0.34102802629387613 
34 -1 0.4394295279277334 0.6033455810191658 0.6380307789767997 0.22353326828892392 -0.3398959653602344 -0.6673706314852653 0.10441277332942142 
35 1 0.22551769144297448 0.5146737789306706 0.6380307789767997 -0.19797379729099399 0.551269541684184 2.044423577143614 0.9562276840014584 
36 1 -0.630129654496061 -0.46071604404277766 0.11876763418182863 -0.40872733008095297 0.28004525693153487 -1.2097294732110413 0.43567412747965806 
37 -1 0.11856177320059506 0.5146737789306706 0.11876763418182863 -0.8302343956608709 -0.8823445348655325 -0.6673706314852653 -0.3214946820065971 
38 1 -1.592732918677476 -1.790793075370207 -1.7505796870800672 -1.1463646948458093 -1.5410320835505376 -1.3905157537862998 -1.7411861997933256 
39 -1 -0.0953500632841638 -0.1947006377772918 -0.2966428816541482 -0.30335056368597346 0.2025526041450637 -1.0289431926357826 0.7196124310370037 
40 -1 -0.630129654496061 -0.7267314503082636 -0.4524218250926395 -0.09259703089601451 -0.6498665765061191 -1.2097294732110413 -0.5107868843781609 
41 1 -1.4857770004350965 -1.2587622628392354 -1.2832428567645933 0.7504171002638214 -0.6498665765061191 0.23656077139102782 -1.220632643271525 
42 1 0.011605854958215627 0.6033455810191658 1.1053676092922735 1.0665473994487598 2.1786152502000786 1.1404921742673209 1.7607195440806045 
43 -1 1.0811650373820099 1.2240481956386329 0.9495886658537823 1.4880544650286776 1.1712107639759533 0.0557744908157692 0.8615815828156765 
44 -1 -0.20230598152654325 0.07131476848819408 -0.08893762373615978 -0.09259703089601451 -0.14616433339405652 -0.30579807033474804 -0.27417163141370615 
45 -1 0.33247360968535394 -0.017357033600301212 -0.3485691961336453 -1.989378826005645 -1.2698077987978884 -0.12501178975948943 -0.7474021373426156 
46 1 -0.630129654496061 -0.46071604404277766 -0.5562744540516337 0.5396635674738623 -1.114822493224946 -0.6673706314852653 -1.8358323009791073 
47 1 -0.5231737362536816 -1.2587622628392354 -1.127463913326102 0.5396635674738623 0.7062548472571263 -0.12501178975948943 0.05708972273653047 
48 1 -1.8066447551622347 -1.790793075370207 -1.4390218002030846 0.22353326828892392 -0.6498665765061191 -1.5713020343615585 -1.5992170480146526 
49 1 0.4394295279277334 0.4260019768421753 0.793809722415291 0.8557938666588008 2.3723468821662563 2.044423577143614 1.9026886958592775 
50 1 0.6533413644124922 0.8693609872846517 1.261146552730765 0.7504171002638214 3.147273410030968 1.682851015993097 2.423242252381078 
51 -1 0.33247360968535394 -0.017357033600301212 -0.14086393821565688 -0.5141040964759325 -0.7661055556858258 0.41734705196628646 -0.3214946820065971 
52 -1 -1.2718651639503376 -1.436105867016226 -1.231316542285096 -0.7248576292658914 -1.3860467779775951 -0.8481569120605239 -1.315278744457307 
53 -1 1.5089887103515276 2.1107662165235856 2.299672842320707 1.6988079978186366 1.1324644375827178 0.41734705196628646 1.0981968357801313 
54 -1 0.4394295279277334 0.6920173831076611 0.6380307789767997 0.5396635674738623 0.4737768888977128 -0.12501178975948943 0.15173582392231236 
55 1 -0.0953500632841638 0.07131476848819408 0.37839920657931414 -1.989378826005645 -0.8823445348655325 1.682851015993097 -0.368817732599488 
56 -1 0.11856177320059506 -0.017357033600301212 -0.2966428816541482 -0.09259703089601451 -0.4173886181467056 -0.8481569120605239 -0.27417163141370615 
57 -1 -0.7370855727384404 -0.2833724398657871 0.11876763418182863 0.22353326828892392 -0.6111202501128835 -1.0289431926357826 -0.27417163141370615 
58 -1 0.6533413644124922 0.5146737789306706 0.6899570934562967 0.11815650189394444 2.2561079029865496 0.23656077139102782 1.7607195440806045 
59 -1 1.5089887103515276 1.6674072060811094 1.2092202382512678 -1.3571182276357683 -0.4173886181467056 0.0557744908157692 0.2937049757009852 
60 -1 -0.30926189976892265 -0.2833724398657871 -0.2447165671746511 -0.5141040964759325 -0.37864229175347003 0.23656077139102782 -0.368817732599488 
61 -1 -1.1649092457079582 -1.436105867016226 -1.3870954857235873 -1.4624949940307477 -1.773510041909951 -1.3905157537862998 -1.5045709468288708 
62 1 0.11856177320059506 0.15998657057668939 0.4303255210588113 -0.8302343956608709 0.16380627775182813 0.7789196131168037 0.19905887451520332 
63 -1 0.22551769144297448 -0.017357033600301212 -0.14086393821565688 -0.9356111620558504 -0.8048518820790614 0.23656077139102782 -0.5581099349710519 
64 -1 -0.20230598152654325 0.15998657057668939 0.32647289209981706 -0.09259703089601451 0.28004525693153487 0.23656077139102782 0.6722893804441128 
65 1 -1.6996888369198553 -1.790793075370207 -2.0102112594775527 0.3289100346839034 -1.5022857571573018 -1.5713020343615585 -2.0251245033506713 
66 -1 0.33247360968535394 0.33733017475367993 0.11876763418182863 -0.09259703089601451 -0.029925354214349775 0.0557744908157692 0.24638192510809426 
67 -1 0.6533413644124922 0.4260019768421753 0.4303255210588113 -0.6194808628709119 0.08631362496535697 -0.12501178975948943 0.34102802629387613 
68 1 0.5463854461701128 0.5146737789306706 0.6380307789767997 0.3289100346839034 1.7911519862677225 1.3212784548425796 1.6187503923019317 
69 1 0.22551769144297448 0.6033455810191658 1.261146552730765 1.8041847642136162 1.093718111189482 0.41734705196628646 0.15173582392231236 
70 1 -0.630129654496061 -0.3720442419542824 -0.4004955106131424 0.4342868010788829 1.093718111189482 -1.0289431926357826 0.482997178072549 
71 1 -0.0953500632841638 0.07131476848819408 -0.08893762373615978 1.5934312314236572 0.6675085208638907 -0.8481569120605239 -0.13220247963503332 
72 -1 -0.4162178180113021 -0.017357033600301212 -0.3485691961336453 1.1719241658437392 -1.037329840438475 -1.2097294732110413 -1.173309592678634 
73 1 -0.20230598152654325 -0.017357033600301212 0.5341781500178054 -1.989378826005645 -0.6498665765061191 1.3212784548425796 0.24638192510809426 
74 1 -0.8440414909808198 -0.3720442419542824 -0.5043481395721366 2.5418221289784726 0.4737768888977128 0.7789196131168037 -0.27417163141370615 
75 1 -1.1649092457079582 -0.8154032523967588 -0.7639797119696221 0.22353326828892392 -0.49488127093317674 0.5981333325415451 -0.8893712891212885 
76 -1 -0.4162178180113021 -0.46071604404277766 -0.14086393821565688 -0.30335056368597346 0.5900158680774196 -1.3905157537862998 1.5241042911161498 
77 1 2.6855038110177016 3.1748278415855293 3.0785675595131634 0.6450403338688419 1.093718111189482 0.7789196131168037 1.8080425946734955 
78 -1 0.6533413644124922 0.4260019768421753 0.32647289209981706 0.5396635674738623 -0.4561349445399412 -0.4865843509100067 -0.13220247963503332 
79 -1 0.5463854461701128 -0.1947006377772918 -0.08893762373615978 -2.5162626579805423 -1.4635394307640663 -0.30579807033474804 -0.8420482385283975 
80 1 -2.127512509889373 -2.145480283724188 -2.217916517395541 -0.30335056368597346 -1.0760761668317105 -2.294447156662593 -1.6938631492004346 
81 1 -0.8440414909808198 -0.9040750544852542 -0.2447165671746511 -2.7270161907705015 -1.1535688196181817 1.682851015993097 -0.368817732599488 
82 1 -0.4162178180113021 0.15998657057668939 0.06684131970233154 -0.40872733008095297 -0.4561349445399412 1.5020647354178382 -0.46346383378526995 
83 1 -0.4162178180113021 -0.1947006377772918 -0.03701130925666267 -1.5678717604257273 0.7837475000435975 1.1404921742673209 1.287489038151695 
84 1 0.6533413644124922 0.6920173831076611 1.2092202382512678 -0.5141040964759325 1.2487034167624245 1.682851015993097 1.5241042911161498 
85 1 -0.30926189976892265 0.24865837266518467 0.48225183553830836 -1.989378826005645 -0.843598208472297 1.8636372965683554 -0.3214946820065971 
86 -1 -1.0579533274655788 -1.0814186586622447 -1.0755375988466047 -0.40872733008095297 -0.30114963896699887 -1.5713020343615585 0.10441277332942142 
87 1 -1.0579533274655788 -0.9927468565737494 -1.0755375988466047 0.3289100346839034 -0.4561349445399412 0.41734705196628646 -0.416140783192379 
88 1 -2.127512509889373 -1.8794648774587024 -2.0102112594775527 1.6988079978186366 -1.308554125191124 -0.4865843509100067 -1.9304784021648893 
89 1 -1.0579533274655788 -1.790793075370207 -1.7505796870800672 -0.19797379729099399 -1.308554125191124 -1.7520883149368172 -1.315278744457307 
90 -1 -0.9509974092231993 -0.9040750544852542 -0.8678323409286164 -0.19797379729099399 -1.0760761668317105 -0.6673706314852653 -0.9366943397141794 
91 1 0.6533413644124922 1.4013917998156236 1.364999181689759 1.0665473994487598 0.3187915833247705 2.044423577143614 0.2937049757009852 
92 1 -0.7370855727384404 -0.6380596482197682 -0.712053397490125 1.0665473994487598 0.08631362496535697 0.0557744908157692 -0.6054329855639428 
93 -1 0.33247360968535394 0.4260019768421753 0.5341781500178054 -0.5141040964759325 -0.26240331257376326 -0.4865843509100067 0.24638192510809426 
94 1 -0.4162178180113021 -0.2833724398657871 -0.19279025269515399 -0.30335056368597346 -0.3398959653602344 0.41734705196628646 -0.5581099349710519 
95 1 -1.592732918677476 -1.3474340649277305 -1.5428744291620786 1.3826776986336982 -0.9985835140452394 -1.5713020343615585 -1.7885092503862163 
96 1 0.7602972826548716 0.6920173831076611 0.9495886658537823 0.11815650189394444 0.551269541684184 1.1404921742673209 0.19905887451520332 
97 1 -1.2718651639503376 -1.436105867016226 -1.8025060015595642 1.4880544650286776 -0.7273592292925902 -0.8481569120605239 -1.267955693864416 
98 1 -0.8440414909808198 -0.7267314503082636 -1.3870954857235873 1.8041847642136162 0.5900158680774196 -1.5713020343615585 -0.13220247963503332 
99 1 -1.0579533274655788 -1.5247776691047212 -1.3870954857235873 0.22353326828892392 -0.4561349445399412 -1.2097294732110413 -1.173309592678634 
100 1 0.011605854958215627 0.4260019768421753 0.793809722415291 -1.5678717604257273 -0.6886129028993546 1.3212784548425796 0.15173582392231236 
101 1 -0.9509974092231993 -0.1947006377772918 -0.660127083010628 1.4880544650286776 1.1324644375827178 0.0557744908157692 1.1928429369659133 
102 1 -0.20230598152654325 0.07131476848819408 0.4303255210588113 -0.19797379729099399 1.093718111189482 0.41734705196628646 0.6249663298512218 
103 1 0.33247360968535394 0.5146737789306706 0.9495886658537823 -0.09259703089601451 0.6287621944706551 0.0557744908157692 0.6722893804441128 
104 1 -0.630129654496061 -0.46071604404277766 -0.2966428816541482 0.6450403338688419 0.9387328056165398 0.41734705196628646 0.3883510768867671 
105 -1 1.1881209556243895 0.5146737789306706 0.32647289209981706 -1.1463646948458093 -0.6111202501128835 -1.5713020343615585 -0.08487942904214237 
106 1 0.6533413644124922 1.0467045914616424 1.1572939237717708 -0.19797379729099399 1.28744974315566 1.1404921742673209 1.287489038151695 
107 1 0.011605854958215627 -0.017357033600301212 0.11876763418182863 0.22353326828892392 1.4036887223353667 0.5981333325415451 0.8142585322227857 
108 1 0.33247360968535394 0.7806891851961564 0.5341781500178054 -0.9356111620558504 -0.9598371876520038 0.23656077139102782 -0.46346383378526995 
109 1 -0.20230598152654325 -0.3720442419542824 -0.4524218250926395 1.9095615306085956 0.5900158680774196 -0.6673706314852653 -0.03755637844925142 
110 1 -1.378821082192717 -1.2587622628392354 -1.3870954857235873 1.0665473994487598 -0.7661055556858258 -0.4865843509100067 -0.9366943397141794 
111 1 0.22551769144297448 0.24865837266518467 0.17069394866132576 0.11815650189394444 1.28744974315566 0.0557744908157692 0.8142585322227857 
112 -1 -0.4162178180113021 -0.46071604404277766 -0.5043481395721366 0.4342868010788829 0.28004525693153487 -1.0289431926357826 0.34102802629387613 
113 -1 0.5463854461701128 0.6920173831076611 0.27454657762032 0.5396635674738623 -0.49488127093317674 0.23656077139102782 -0.6054329855639428 
114 -1 1.1881209556243895 0.6033455810191658 0.4303255210588113 -0.8302343956608709 -1.0760761668317105 -0.8481569120605239 -0.8420482385283975 
115 -1 0.7602972826548716 0.9580327893731471 0.5861044644973026 0.8557938666588008 -0.22365698618052768 -0.30579807033474804 -0.03755637844925142 
116 1 0.5463854461701128 0.7806891851961564 1.2092202382512678 0.4342868010788829 1.752405659874487 0.41734705196628646 1.0035507345943493 
117 -1 -0.630129654496061 -0.46071604404277766 -0.08893762373615978 -1.6732485268207067 -1.6185247363370086 0.23656077139102782 -1.1259865420857431 
118 -1 0.5463854461701128 0.7806891851961564 0.8976623513742852 0.3289100346839034 1.0549717847962465 0.9597058936920624 1.0508737851872403 
119 -1 0.33247360968535394 -0.10602883568879651 0.014915005222834432 -0.5141040964759325 -0.3398959653602344 -1.3905157537862998 -0.17952553022792425 
120 -1 -1.0579533274655788 -0.8154032523967588 -0.8159060264491192 0.8557938666588008 -0.4561349445399412 -0.6673706314852653 -0.368817732599488 
121 1 0.011605854958215627 -0.1947006377772918 0.32647289209981706 0.5396635674738623 1.4424350487286024 1.3212784548425796 1.0035507345943493 
122 -1 0.011605854958215627 -0.46071604404277766 -0.5562744540516337 -1.1463646948458093 0.28004525693153487 -0.6673706314852653 0.8615815828156765 
123 1 -0.30926189976892265 0.33733017475367993 -0.2966428816541482 -0.5141040964759325 -0.7273592292925902 0.9597058936920624 -0.7474021373426156 
124 1 0.33247360968535394 0.33733017475367993 0.5341781500178054 -0.19797379729099399 1.2099570903691887 1.682851015993097 1.0981968357801313 
125 1 -0.8440414909808198 -1.17009046075074 -1.127463913326102 -0.40872733008095297 0.3187915833247705 -0.12501178975948943 -0.17952553022792425 
126 1 -1.0579533274655788 -1.2587622628392354 -1.3351691712440903 -1.4624949940307477 -0.843598208472297 0.0557744908157692 -0.7474021373426156 
127 -1 1.9368123833210453 1.578735403992614 0.9495886658537823 0.3289100346839034 -0.26240331257376326 -0.30579807033474804 0.2937049757009852 
128 -1 -0.5231737362536816 -0.7267314503082636 -0.712053397490125 -0.30335056368597346 -0.5336275973264123 -1.5713020343615585 -0.13220247963503332 
129 1 -0.9509974092231993 -1.2587622628392354 -1.179390227805599 -0.30335056368597346 -1.1535688196181817 -0.8481569120605239 -1.0313404408999614 
130 -1 -0.4162178180113021 -0.549387846131273 -0.4004955106131424 -0.7248576292658914 -0.029925354214349775 -0.6673706314852653 0.8142585322227857 
131 1 0.11856177320059506 0.4260019768421753 0.7418834079357939 0.11815650189394444 1.016225458403011 0.41734705196628646 0.7196124310370037 
132 -1 -0.30926189976892265 -0.46071604404277766 -0.8159060264491192 -1.2517414612407887 -1.037329840438475 1.3212784548425796 -0.7000790867497246 
133 1 -1.8066447551622347 -2.056808481635693 -2.0621375739570498 0.7504171002638214 -0.9985835140452394 -0.8481569120605239 -1.7411861997933256 
134 1 -0.8440414909808198 -0.9927468565737494 -1.0236112843671077 0.6450403338688419 0.3187915833247705 0.7789196131168037 -0.08487942904214237 
135 -1 1.9368123833210453 1.578735403992614 0.9495886658537823 -0.5141040964759325 -0.4173886181467056 -0.6673706314852653 0.15173582392231236 
136 -1 0.11856177320059506 0.15998657057668939 0.22262026314082284 -0.5141040964759325 0.9774791320097753 0.7789196131168037 0.8615815828156765 
137 1 -0.4162178180113021 -0.3720442419542824 -0.5043481395721366 1.1719241658437392 1.1712107639759533 0.5981333325415451 0.43567412747965806 
138 1 -1.4857770004350965 -1.3474340649277305 -1.4909481146825816 0.4342868010788829 -1.114822493224946 -0.12501178975948943 -1.5518939974217616 
139 -1 0.33247360968535394 -0.10602883568879651 -0.2966428816541482 -0.7248576292658914 -0.14616433339405652 -0.8481569120605239 0.10441277332942142 
140 1 -0.0953500632841638 -0.3720442419542824 -0.03701130925666267 0.6450403338688419 2.2561079029865496 0.23656077139102782 1.7133964934877135 
141 -1 1.2950768738667688 0.8693609872846517 1.0534412948127765 -0.5141040964759325 -0.26240331257376326 -0.12501178975948943 0.34102802629387613 
142 1 -1.6996888369198553 -1.5247776691047212 -1.646727058121073 2.436445362583493 -1.1923151460114172 0.23656077139102782 -1.5518939974217616 
143 1 0.33247360968535394 0.24865837266518467 0.4303255210588113 0.4342868010788829 0.35753790971800603 1.3212784548425796 -0.22684858082081522 
144 -1 0.33247360968535394 0.33733017475367993 0.6899570934562967 0.11815650189394444 0.5900158680774196 -0.4865843509100067 1.382135139337477 
145 -1 0.011605854958215627 -0.017357033600301212 0.06684131970233154 -0.30335056368597346 0.2412989305382993 -0.12501178975948943 0.24638192510809426 
146 -1 0.11856177320059506 0.33733017475367993 0.48225183553830836 -0.40872733008095297 -0.10741800700082094 0.41734705196628646 0.19905887451520332 
147 1 0.6533413644124922 0.9580327893731471 1.4169254961692563 -0.8302343956608709 -0.06867168060758536 1.8636372965683554 0.6249663298512218 
148 1 -0.9509974092231993 -0.8154032523967588 -1.0755375988466047 -0.40872733008095297 -0.8048518820790614 -0.4865843509100067 -1.173309592678634 
149 -1 1.2950768738667688 1.0467045914616424 0.9495886658537823 -0.5141040964759325 0.3187915833247705 0.41734705196628646 0.6249663298512218 
150 -1 -0.0953500632841638 -0.1947006377772918 -0.5562744540516337 0.22353326828892392 -0.8823445348655325 -1.0289431926357826 -0.5107868843781609 
151 -1 -0.5231737362536816 -1.2587622628392354 -0.9197586554081134 -0.8302343956608709 -1.4635394307640663 -0.6673706314852653 -0.9366943397141794 
152 -1 2.043768301563425 1.9334226123465952 1.6765570685667417 0.012779735498964965 0.6287621944706551 0.41734705196628646 0.9562276840014584 
153 -1 2.6855038110177016 2.5541252269660624 1.9361886409642273 0.5396635674738623 0.6675085208638907 -0.30579807033474804 0.9562276840014584 
154 1 -1.378821082192717 -1.436105867016226 -1.5948007436415759 0.8557938666588008 1.5199277015150736 -0.30579807033474804 -1.4099248456430888 
155 -1 0.8672532008972511 0.7806891851961564 0.6380307789767997 -0.5141040964759325 -0.22365698618052768 -0.4865843509100067 -0.17952553022792425 
156 1 -0.630129654496061 -0.7267314503082636 -0.660127083010628 -0.19797379729099399 0.7837475000435975 0.5981333325415451 0.19905887451520332 
157 -1 -0.0953500632841638 -0.017357033600301212 0.014915005222834432 0.012779735498964965 0.04756729857212139 -0.4865843509100067 0.34102802629387613 
158 1 1.1881209556243895 1.6674072060811094 1.9881149554437243 1.0665473994487598 1.9848836182339005 1.682851015993097 1.6187503923019317 
159 -1 -0.20230598152654325 -0.10602883568879651 0.845736036894788 0.11815650189394444 1.093718111189482 -0.30579807033474804 1.8553656452663865 
160 -1 0.11856177320059506 -0.10602883568879651 0.014915005222834432 0.3289100346839034 -0.10741800700082094 -0.12501178975948943 0.15173582392231236 
161 -1 0.6533413644124922 0.33733017475367993 0.32647289209981706 -0.8302343956608709 -0.5336275973264123 -0.8481569120605239 -0.08487942904214237 
162 -1 -0.5231737362536816 -0.9927468565737494 -0.9716849698876106 -0.6194808628709119 -1.114822493224946 -0.30579807033474804 -1.0786634914928523 
163 1 -1.9136006734046143 -1.9681366795471977 -2.217916517395541 1.8041847642136162 -1.3473004515843596 -1.9328745955120756 -2.072447553943562 
164 -1 0.011605854958215627 -0.10602883568879651 0.17069394866132576 -0.40872733008095297 0.9774791320097753 0.0557744908157692 0.9562276840014584 
165 1 1.0811650373820099 1.0467045914616424 1.4688518106487534 -0.09259703089601451 1.5586740279083091 0.9597058936920624 1.4767812405232588 
166 -1 -1.378821082192717 -1.436105867016226 -1.4390218002030846 0.012779735498964965 -0.843598208472297 -1.5713020343615585 -0.6527560361568338 
167 1 0.9742091191396305 1.0467045914616424 1.5727044396077476 1.0665473994487598 1.6361666806947803 1.5020647354178382 1.0981968357801313 
168 -1 0.7602972826548716 0.6033455810191658 0.22262026314082284 -1.5678717604257273 -0.4561349445399412 0.0557744908157692 0.05708972273653047 
169 -1 0.33247360968535394 -0.017357033600301212 -0.4004955106131424 -0.9356111620558504 -2.0447343266626 -1.5713020343615585 -1.7411861997933256 
170 -1 -1.2718651639503376 -1.0814186586622447 -1.3870954857235873 1.4880544650286776 0.008820972178885807 -0.6673706314852653 -0.5581099349710519 
171 1 -0.5231737362536816 -0.1947006377772918 0.014915005222834432 0.8557938666588008 -0.26240331257376326 0.9597058936920624 -0.6054329855639428 
172 1 -0.8440414909808198 -0.7267314503082636 -0.9716849698876106 1.3826776986336982 0.2025526041450637 -0.12501178975948943 -0.9840173903070704 
173 -1 -1.378821082192717 -1.17009046075074 -1.0755375988466047 0.3289100346839034 -0.4173886181467056 -1.7520883149368172 0.05708972273653047 
174 1 0.4394295279277334 0.6033455810191658 0.7418834079357939 -0.5141040964759325 2.2948542293797853 1.682851015993097 1.8080425946734955 
175 -1 -0.20230598152654325 0.33733017475367993 -0.3485691961336453 0.012779735498964965 -0.14616433339405652 0.0557744908157692 0.009766672143639528 
176 1 1.2950768738667688 1.4900636019041187 1.832336012005233 -0.19797379729099399 1.093718111189482 0.41734705196628646 2.2812731006024047 
177 1 1.5089887103515276 -0.8154032523967588 -0.7639797119696221 0.5396635674738623 0.28004525693153487 -0.30579807033474804 -0.13220247963503332 
178 -1 -0.5231737362536816 -0.46071604404277766 -0.2447165671746511 0.5396635674738623 -0.029925354214349775 0.0557744908157692 -0.3214946820065971 
179 -1 1.829856465078666 1.6674072060811094 1.364999181689759 -0.30335056368597346 0.28004525693153487 -0.6673706314852653 0.7196124310370037 
180 -1 1.7229005468362866 1.0467045914616424 0.4303255210588113 -1.6732485268207067 -0.4173886181467056 0.5981333325415451 0.482997178072549 
181 1 -1.4857770004350965 -1.8794648774587024 -1.5428744291620786 -0.8302343956608709 -1.6572710627302443 -0.6673706314852653 -1.8831553515719983 
182 1 -2.0205565916469936 -2.056808481635693 -2.165990202916044 2.1203150633985546 -0.9598371876520038 -1.7520883149368172 -1.7885092503862163 
183 -1 0.22551769144297448 0.07131476848819408 0.014915005222834432 -0.9356111620558504 -0.06867168060758536 -0.30579807033474804 -0.08487942904214237 
184 -1 1.2950768738667688 0.9580327893731471 0.793809722415291 -0.30335056368597346 0.35753790971800603 -0.12501178975948943 0.7669354816298947 
185 1 -0.8440414909808198 -0.8154032523967588 -0.712053397490125 -0.5141040964759325 -0.9985835140452394 1.3212784548425796 -0.8420482385283975 
186 1 -0.5231737362536816 -1.0814186586622447 -0.660127083010628 -2.621639424375522 -1.037329840438475 1.5020647354178382 -0.5581099349710519 
187 1 0.7602972826548716 0.8693609872846517 1.261146552730765 -0.5141040964759325 0.9774791320097753 1.3212784548425796 1.1455198863730223 
188 -1 0.33247360968535394 0.6033455810191658 0.17069394866132576 -0.5141040964759325 -0.30114963896699887 0.5981333325415451 0.34102802629387613 
189 -1 -0.0953500632841638 -0.2833724398657871 -0.3485691961336453 0.5396635674738623 -0.6498665765061191 -0.6673706314852653 -0.9840173903070704 
190 1 -0.30926189976892265 -0.7267314503082636 -0.4004955106131424 -1.0409879284508299 0.822493826436833 0.41734705196628646 0.6249663298512218 
191 1 -0.20230598152654325 -0.46071604404277766 -0.08893762373615978 -0.6194808628709119 1.1324644375827178 0.7789196131168037 0.34102802629387613 
192 -1 2.3646360562905633 2.5541252269660624 1.9881149554437243 0.6450403338688419 0.7450011736503619 -0.12501178975948943 1.429458189930368 
193 -1 0.9742091191396305 0.33733017475367993 0.37839920657931414 -2.0947555924006247 -1.0760761668317105 0.23656077139102782 -0.368817732599488 
194 -1 0.4394295279277334 0.07131476848819408 -0.3485691961336453 2.225691829793534 0.7062548472571263 -1.3905157537862998 0.7669354816298947 
195 -1 -0.30926189976892265 -1.0814186586622447 -1.0755375988466047 -1.5678717604257273 -1.114822493224946 -0.8481569120605239 -0.7000790867497246 
196 1 0.4394295279277334 0.4260019768421753 0.8976623513742852 0.4342868010788829 1.6749130070880158 1.682851015993097 1.1928429369659133 
197 1 0.5463854461701128 0.7806891851961564 0.9495886658537823 -0.19797379729099399 1.0549717847962465 1.682851015993097 1.382135139337477 
198 1 0.11856177320059506 0.6920173831076611 1.0534412948127765 -1.2517414612407887 -0.6498665765061191 1.3212784548425796 0.05708972273653047 
199 -1 0.22551769144297448 0.4260019768421753 1.5207781251282504 -0.19797379729099399 1.1712107639759533 0.5981333325415451 2.186626999416623 
200 -1 0.011605854958215627 0.24865837266518467 0.11876763418182863 -0.19797379729099399 -0.26240331257376326 0.0557744908157692 -0.03755637844925142 
201 1 0.011605854958215627 0.4260019768421753 0.5861044644973026 1.3826776986336982 2.1786152502000786 1.3212784548425796 1.5714273417090407 
202 1 0.8672532008972511 1.1353763935501375 0.9495886658537823 0.012779735498964965 1.481181375121838 0.5981333325415451 1.5241042911161498 
203 -1 0.5463854461701128 0.15998657057668939 0.32647289209981706 -0.5141040964759325 -0.7273592292925902 -0.6673706314852653 -0.13220247963503332 
204 1 -1.8066447551622347 -2.056808481635693 -1.9582849449980555 0.5396635674738623 -1.114822493224946 -1.0289431926357826 -1.5518939974217616 
205 -1 -0.20230598152654325 0.07131476848819408 0.11876763418182863 -0.09259703089601451 0.551269541684184 0.23656077139102782 0.24638192510809426 
206 1 -0.4162178180113021 -0.7267314503082636 -0.6082007685311308 0.012779735498964965 -1.6960173891234798 -0.6673706314852653 -1.8831553515719983 
207 -1 -0.20230598152654325 -0.6380596482197682 -0.660127083010628 -1.8840020596106657 -1.308554125191124 -0.6673706314852653 -1.0786634914928523 
208 1 0.5463854461701128 0.5146737789306706 0.793809722415291 0.012779735498964965 1.093718111189482 1.3212784548425796 1.0508737851872403 
209 1 -0.20230598152654325 -0.3720442419542824 -0.14086393821565688 0.012779735498964965 0.3187915833247705 0.9597058936920624 0.009766672143639528 
210 -1 -0.630129654496061 -0.3720442419542824 -0.08893762373615978 -1.0409879284508299 0.7837475000435975 -0.6673706314852653 1.5714273417090407 
211 -1 -0.9509974092231993 -0.9927468565737494 -0.9716849698876106 1.1719241658437392 -0.14616433339405652 0.23656077139102782 -0.6054329855639428 
212 1 -1.1649092457079582 -1.0814186586622447 -1.0755375988466047 -0.6194808628709119 -0.6111202501128835 -1.0289431926357826 -0.8893712891212885 
213 -1 -0.30926189976892265 0.07131476848819408 -0.19279025269515399 0.3289100346839034 0.16380627775182813 -0.8481569120605239 0.3883510768867671 
214 1 -0.5231737362536816 -0.017357033600301212 0.06684131970233154 -1.3571182276357683 -0.7273592292925902 0.41734705196628646 -0.27417163141370615 
215 1 1.1881209556243895 1.4013917998156236 1.6765570685667417 0.7504171002638214 2.139868923806843 1.682851015993097 1.6660734428948227 
216 1 0.22551769144297448 0.15998657057668939 -0.8678323409286164 1.3826776986336982 -0.14616433339405652 -1.5713020343615585 -0.08487942904214237 
217 -1 0.22551769144297448 0.15998657057668939 0.17069394866132576 -1.0409879284508299 0.3187915833247705 0.23656077139102782 0.43567412747965806 
218 1 -1.1649092457079582 -0.9927468565737494 -1.4909481146825816 0.4342868010788829 -1.8122563683031865 -1.2097294732110413 -2.0251245033506713 
219 -1 -0.0953500632841638 -0.017357033600301212 0.014915005222834432 -1.2517414612407887 -1.0760761668317105 -0.30579807033474804 -0.5581099349710519 
220 -1 0.33247360968535394 0.24865837266518467 0.27454657762032 0.3289100346839034 0.4350305625044772 -0.6673706314852653 0.43567412747965806 
221 -1 0.22551769144297448 0.07131476848819408 0.17069394866132576 0.012779735498964965 -1.037329840438475 -0.6673706314852653 -0.9366943397141794 
222 1 -1.6996888369198553 -1.17009046075074 -1.4390218002030846 0.9611706330537803 -0.14616433339405652 -1.0289431926357826 -1.0786634914928523 
223 -1 0.6533413644124922 0.6920173831076611 0.4303255210588113 -0.19797379729099399 -0.10741800700082094 -0.4865843509100067 0.10441277332942142 
224 1 0.7602972826548716 0.4260019768421753 0.11876763418182863 0.4342868010788829 -0.6886129028993546 0.7789196131168037 -0.5581099349710519 
225 -1 -0.630129654496061 -0.2833724398657871 -0.2447165671746511 -0.19797379729099399 0.2412989305382993 -1.0289431926357826 0.6722893804441128 
226 -1 -0.9509974092231993 -0.7267314503082636 -0.9716849698876106 -1.6732485268207067 -1.8122563683031865 -1.2097294732110413 -1.4099248456430888 
227 -1 1.0811650373820099 0.6033455810191658 0.4303255210588113 -0.8302343956608709 -0.9598371876520038 -0.30579807033474804 -0.6527560361568338 
228 -1 1.829856465078666 1.6674072060811094 1.2092202382512678 -0.30335056368597346 -0.029925354214349775 -0.4865843509100067 0.482997178072549 
229 1 -1.8066447551622347 -2.145480283724188 -2.0102112594775527 0.3289100346839034 -1.037329840438475 -0.8481569120605239 -1.7411861997933256 
230 -1 1.7229005468362866 1.4013917998156236 0.793809722415291 -0.7248576292658914 0.08631362496535697 0.5981333325415451 0.6249663298512218 
231 -1 0.11856177320059506 0.15998657057668939 0.37839920657931414 -0.19797379729099399 -0.14616433339405652 0.0557744908157692 0.43567412747965806 
232 -1 0.33247360968535394 1.4013917998156236 2.6112307291976897 1.4880544650286776 2.876049125278319 0.23656077139102782 4.126872073725152 
233 1 0.33247360968535394 0.4260019768421753 0.4303255210588113 0.5396635674738623 1.1712107639759533 0.7789196131168037 0.9089046334085675 
234 1 -0.8440414909808198 -0.46071604404277766 -0.6082007685311308 1.2773009322387188 0.6675085208638907 -0.30579807033474804 -0.08487942904214237 
235 -1 -0.630129654496061 -0.9040750544852542 -0.8159060264491192 0.9611706330537803 -0.37864229175347003 -0.6673706314852653 -0.46346383378526995 
236 1 -1.2718651639503376 -0.46071604404277766 -0.6082007685311308 0.6450403338688419 0.7062548472571263 -0.12501178975948943 -0.17952553022792425 
237 -1 -0.30926189976892265 -0.549387846131273 -0.660127083010628 -1.3571182276357683 0.04756729857212139 -0.12501178975948943 1.0035507345943493 
238 1 0.7602972826548716 0.5146737789306706 1.2092202382512678 0.3289100346839034 2.0623762710203715 0.23656077139102782 1.287489038151695 
239 -1 -1.378821082192717 -1.2587622628392354 -1.3870954857235873 -0.19797379729099399 -0.9210908612587682 -1.9328745955120756 -1.0313404408999614 
240 1 0.7602972826548716 0.7806891851961564 1.1053676092922735 0.6450403338688419 1.8298983126609583 1.682851015993097 1.5241042911161498 
241 -1 -0.7370855727384404 -0.549387846131273 -0.712053397490125 -0.6194808628709119 -0.26240331257376326 -0.30579807033474804 0.15173582392231236 
242 -1 0.7602972826548716 0.7806891851961564 1.0534412948127765 -0.30335056368597346 -0.14616433339405652 -0.4865843509100067 0.6249663298512218 
243 1 -1.2718651639503376 -1.5247776691047212 -1.4909481146825816 -0.19797379729099399 0.4350305625044772 0.0557744908157692 0.6249663298512218 
244 1 1.6159446285939072 2.2881098207005763 2.715083358156684 1.4880544650286776 2.101122597413607 1.8636372965683554 1.9500117464521682 
245 1 -0.4162178180113021 -0.46071604404277766 -0.4524218250926395 0.22353326828892392 0.6287621944706551 1.1404921742673209 0.6249663298512218 
246 -1 0.9742091191396305 0.6033455810191658 -0.14086393821565688 0.3289100346839034 -1.1535688196181817 -1.0289431926357826 -1.1259865420857431 
247 -1 0.7602972826548716 0.5146737789306706 0.17069394866132576 -0.09259703089601451 -0.22365698618052768 0.0557744908157692 -0.17952553022792425 
248 1 -0.9509974092231993 -1.17009046075074 -1.231316542285096 0.22353326828892392 0.7837475000435975 -0.4865843509100067 -0.03755637844925142 
249 1 -2.0205565916469936 -2.145480283724188 -2.165990202916044 0.7504171002638214 -1.773510041909951 -1.9328745955120756 -2.214416705722235 
250 1 -1.2718651639503376 -1.0814186586622447 -1.179390227805599 -0.09259703089601451 -0.7661055556858258 -1.2097294732110413 -0.46346383378526995 
251 -1 2.150724219805804 1.9334226123465952 1.5727044396077476 0.8557938666588008 0.35753790971800603 -0.30579807033474804 0.6722893804441128 
252 1 0.11856177320059506 0.33733017475367993 0.37839920657931414 0.4342868010788829 0.8612401528300686 1.3212784548425796 0.5303202286654399 
253 -1 0.7602972826548716 0.6033455810191658 0.5341781500178054 -0.40872733008095297 -0.4561349445399412 0.0557744908157692 -0.03755637844925142 
254 -1 0.5463854461701128 -0.017357033600301212 -0.2447165671746511 -1.8840020596106657 -1.231061472404653 -0.6673706314852653 -0.5107868843781609 
255 -1 -0.4162178180113021 -0.3720442419542824 -0.2447165671746511 -0.7248576292658914 0.008820972178885807 -0.12501178975948943 -0.17952553022792425 
256 1 0.22551769144297448 0.33733017475367993 0.48225183553830836 0.7504171002638214 1.3261960695488957 1.5020647354178382 0.6249663298512218 
257 1 -1.2718651639503376 -0.9927468565737494 -0.9716849698876106 1.5934312314236572 -0.5336275973264123 0.23656077139102782 -1.220632643271525 
258 1 0.11856177320059506 -0.017357033600301212 0.11876763418182863 -2.0947555924006247 -1.114822493224946 0.5981333325415451 -0.5581099349710519 
259 1 0.11856177320059506 0.33733017475367993 0.5341781500178054 0.6450403338688419 0.28004525693153487 1.3212784548425796 0.43567412747965806 
260 1 -0.8440414909808198 -0.9040750544852542 -0.9197586554081134 -0.9356111620558504 -0.7273592292925902 -0.12501178975948943 -0.7000790867497246 
261 1 -0.30926189976892265 -0.2833724398657871 0.11876763418182863 -0.9356111620558504 -0.30114963896699887 2.044423577143614 -0.3214946820065971 
262 1 -1.1649092457079582 -1.0814186586622447 -1.127463913326102 0.5396635674738623 0.16380627775182813 -0.30579807033474804 -0.5581099349710519 
263 -1 0.9742091191396305 0.9580327893731471 1.1053676092922735 0.012779735498964965 0.4350305625044772 -0.6673706314852653 1.1928429369659133 
264 -1 0.7602972826548716 0.8693609872846517 0.793809722415291 0.22353326828892392 0.7062548472571263 0.7789196131168037 1.5241042911161498 
265 1 0.22551769144297448 -0.1947006377772918 0.22262026314082284 -0.30335056368597346 1.6361666806947803 0.5981333325415451 1.0981968357801313 
266 -1 0.33247360968535394 -0.10602883568879651 -0.2966428816541482 -0.09259703089601451 -0.3398959653602344 -1.0289431926357826 0.19905887451520332 
267 -1 0.5463854461701128 0.15998657057668939 -0.03701130925666267 0.012779735498964965 0.08631362496535697 -0.30579807033474804 -0.13220247963503332 
268 -1 -1.2718651639503376 -1.2587622628392354 -1.3870954857235873 -0.6194808628709119 -1.3860467779775951 -0.8481569120605239 -1.4572478962359798 
269 -1 0.5463854461701128 0.5146737789306706 0.32647289209981706 -0.5141040964759325 -0.7661055556858258 -0.6673706314852653 -0.22684858082081522 
270 1 0.6533413644124922 1.3127199977271282 1.5727044396077476 -0.09259703089601451 1.8298983126609583 2.044423577143614 1.1928429369659133 
271 1 0.22551769144297448 0.33733017475367993 0.6380307789767997 0.4342868010788829 2.1786152502000786 1.5020647354178382 1.7133964934877135 
272 -1 -0.0953500632841638 0.15998657057668939 0.06684131970233154 0.5396635674738623 0.16380627775182813 -0.12501178975948943 0.19905887451520332 
273 -1 0.011605854958215627 -0.2833724398657871 -0.4004955106131424 -1.3571182276357683 -1.1535688196181817 -0.4865843509100067 -0.7947251879355065 
274 1 -1.378821082192717 -1.2587622628392354 -1.127463913326102 2.1203150633985546 -0.49488127093317674 -0.8481569120605239 -1.315278744457307 
275 -1 0.33247360968535394 -0.017357033600301212 -0.2447165671746511 -0.5141040964759325 -0.6111202501128835 -0.12501178975948943 -0.416140783192379 
276 1 0.5463854461701128 0.15998657057668939 0.7418834079357939 -0.7248576292658914 1.2487034167624245 0.9597058936920624 1.287489038151695 
277 -1 -0.0953500632841638 -0.10602883568879651 -0.03701130925666267 -0.40872733008095297 -0.30114963896699887 0.23656077139102782 -0.5581099349710519 
278 -1 0.5463854461701128 0.4260019768421753 0.22262026314082284 -0.09259703089601451 -0.22365698618052768 -1.0289431926357826 -0.46346383378526995 
279 -1 1.5089887103515276 1.6674072060811094 1.364999181689759 0.8557938666588008 0.7450011736503619 -0.30579807033474804 1.0035507345943493 
280 -1 2.150724219805804 1.6674072060811094 1.364999181689759 -1.2517414612407887 -0.22365698618052768 -0.30579807033474804 0.43567412747965806 
281 1 1.2950768738667688 1.578735403992614 1.4169254961692563 1.9095615306085956 1.752405659874487 1.8636372965683554 0.9089046334085675 
282 -1 0.33247360968535394 0.15998657057668939 0.6899570934562967 -0.6194808628709119 0.5900158680774196 -1.0289431926357826 1.6187503923019317 
283 1 -1.0579533274655788 -0.6380596482197682 -0.5043481395721366 0.012779735498964965 -1.1923151460114172 -0.8481569120605239 -1.4099248456430888 
284 -1 2.043768301563425 1.7560790081696047 1.313072867210262 -1.0409879284508299 -0.4173886181467056 -0.6673706314852653 0.34102802629387613 
285 1 0.7602972826548716 1.0467045914616424 1.2092202382512678 0.11815650189394444 1.946137291840665 1.5020647354178382 1.6187503923019317 
286 -1 0.011605854958215627 -0.017357033600301212 -0.4004955106131424 -1.1463646948458093 -0.3398959653602344 0.41734705196628646 -0.03755637844925142 
287 1 0.4394295279277334 0.4260019768421753 0.7418834079357939 0.5396635674738623 2.139868923806843 1.3212784548425796 1.4767812405232588 
288 1 -0.20230598152654325 -0.46071604404277766 -0.3485691961336453 -0.09259703089601451 -0.029925354214349775 -0.6673706314852653 -0.368817732599488 
289 1 0.011605854958215627 -0.10602883568879651 -0.5043481395721366 0.6450403338688419 0.822493826436833 2.225209857718873 0.3883510768867671 
290 -1 0.4394295279277334 0.5146737789306706 0.27454657762032 0.5396635674738623 0.08631362496535697 -0.6673706314852653 0.24638192510809426 
291 1 0.33247360968535394 0.5146737789306706 0.6899570934562967 0.11815650189394444 1.8298983126609583 1.3212784548425796 1.4767812405232588 
292 -1 -0.630129654496061 -0.9040750544852542 -0.9197586554081134 -1.1463646948458093 -0.6111202501128835 -1.2097294732110413 -0.6054329855639428 
293 -1 -0.20230598152654325 -0.2833724398657871 -0.6082007685311308 0.9611706330537803 0.008820972178885807 -1.2097294732110413 -0.5581099349710519 
294 1 -0.9509974092231993 -0.7267314503082636 -0.4524218250926395 -1.1463646948458093 -0.6111202501128835 0.9597058936920624 -0.5581099349710519 
295 -1 0.22551769144297448 0.33733017475367993 0.06684131970233154 -0.30335056368597346 -0.37864229175347003 -0.30579807033474804 0.24638192510809426 
296 -1 6.322005031258602 5.834981904240388 3.286272817431152 0.9611706330537803 0.7837475000435975 0.7789196131168037 1.6660734428948227 
297 1 -0.4162178180113021 -0.017357033600301212 0.11876763418182863 0.9611706330537803 0.6675085208638907 -0.12501178975948943 0.05708972273653047 
298 -1 -0.630129654496061 -0.9040750544852542 -1.0236112843671077 0.11815650189394444 -0.7273592292925902 -0.6673706314852653 -0.6054329855639428 
299 1 -0.630129654496061 -0.549387846131273 -0.6082007685311308 0.7504171002638214 0.7450011736503619 0.41734705196628646 0.009766672143639528 
300 -1 -0.8440414909808198 -0.9040750544852542 -0.8678323409286164 -0.7248576292658914 -0.14616433339405652 -1.3905157537862998 0.5303202286654399 
301 -1 1.0811650373820099 0.6920173831076611 0.32647289209981706 -1.1463646948458093 -0.4173886181467056 0.0557744908157692 -0.13220247963503332 
302 -1 0.011605854958215627 0.15998657057668939 0.17069394866132576 -0.8302343956608709 0.12505995135859255 0.0557744908157692 0.43567412747965806 
303 -1 3.327239320471978 1.3127199977271282 -0.712053397490125 -1.2517414612407887 -1.4635394307640663 -1.0289431926357826 -1.3626017950501979 
304 1 -0.30926189976892265 -0.1947006377772918 -0.03701130925666267 -0.8302343956608709 -0.8048518820790614 0.41734705196628646 -0.6527560361568338 
305 -1 1.1881209556243895 0.9580327893731471 1.1053676092922735 -1.2517414612407887 -0.30114963896699887 0.0557744908157692 0.6722893804441128 
306 1 0.7602972826548716 1.3127199977271282 1.4169254961692563 0.8557938666588008 1.752405659874487 1.5020647354178382 1.240165987558804 
307 -1 1.829856465078666 1.3127199977271282 1.1053676092922735 0.3289100346839034 -0.10741800700082094 -0.6673706314852653 0.34102802629387613 
308 -1 -0.5231737362536816 -0.549387846131273 -0.712053397490125 -0.6194808628709119 -0.7661055556858258 -1.5713020343615585 -0.27417163141370615 
309 1 0.4394295279277334 0.6920173831076611 0.8976623513742852 0.3289100346839034 2.023629944627136 1.3212784548425796 1.6660734428948227 
310 1 0.011605854958215627 0.07131476848819408 -0.14086393821565688 0.6450403338688419 1.0549717847962465 0.5981333325415451 0.482997178072549 
311 -1 0.6533413644124922 0.5146737789306706 0.22262026314082284 0.012779735498964965 -0.7661055556858258 -0.4865843509100067 -0.416140783192379 
312 -1 0.6533413644124922 0.33733017475367993 0.32647289209981706 -0.8302343956608709 -0.5336275973264123 -0.8481569120605239 -0.08487942904214237 
313 1 0.33247360968535394 0.24865837266518467 0.22262026314082284 -0.30335056368597346 1.2487034167624245 1.1404921742673209 0.7196124310370037 
314 -1 1.2950768738667688 0.8693609872846517 0.5341781500178054 -0.9356111620558504 0.2025526041450637 -0.6673706314852653 0.9562276840014584 
315 -1 -0.20230598152654325 -0.3720442419542824 -0.6082007685311308 -0.40872733008095297 -0.7661055556858258 -0.4865843509100067 -0.9366943397141794 
316 -1 -0.5231737362536816 -0.8154032523967588 -1.3870954857235873 -0.9356111620558504 -1.6185247363370086 -1.0289431926357826 -1.315278744457307 
317 -1 0.5463854461701128 0.7806891851961564 0.48225183553830836 -0.30335056368597346 -0.37864229175347003 -0.4865843509100067 -0.08487942904214237 
318 1 1.4020327921091482 1.6674072060811094 2.1438938988822156 0.9611706330537803 1.8686446390541938 0.7789196131168037 1.382135139337477 
319 -1 -0.0953500632841638 -0.3720442419542824 -0.03701130925666267 0.22353326828892392 -0.4173886181467056 0.0557744908157692 -0.416140783192379 
320 1 1.1881209556243895 1.3127199977271282 0.9495886658537823 -0.09259703089601451 0.35753790971800603 1.1404921742673209 0.3883510768867671 
321 -1 1.6159446285939072 0.6033455810191658 0.27454657762032 -1.5678717604257273 -0.9598371876520038 1.8636372965683554 -0.5107868843781609 
322 -1 0.011605854958215627 0.07131476848819408 -0.19279025269515399 -0.40872733008095297 -1.037329840438475 0.7789196131168037 -1.173309592678634 
323 1 0.5463854461701128 0.33733017475367993 0.5341781500178054 0.3289100346839034 1.4036887223353667 2.044423577143614 0.6722893804441128 
324 -1 -0.5231737362536816 -0.6380596482197682 -0.5562744540516337 -1.989378826005645 -0.9985835140452394 -0.4865843509100067 -0.3214946820065971 
325 1 -1.592732918677476 -1.6134494711932166 -2.0102112594775527 0.22353326828892392 -1.1923151460114172 -1.5713020343615585 -1.7411861997933256 
326 -1 0.7602972826548716 0.7806891851961564 0.4303255210588113 0.11815650189394444 0.12505995135859255 -0.6673706314852653 0.5776432792583309 
327 -1 -0.20230598152654325 -0.8154032523967588 -0.6082007685311308 -0.09259703089601451 -0.5336275973264123 -1.0289431926357826 -0.46346383378526995 
328 -1 1.0811650373820099 0.6920173831076611 0.8976623513742852 -0.6194808628709119 0.12505995135859255 -1.0289431926357826 0.482997178072549 
329 -1 -0.0953500632841638 -0.2833724398657871 -0.14086393821565688 -0.40872733008095297 0.12505995135859255 -0.30579807033474804 0.24638192510809426 
330 1 -1.9136006734046143 -1.790793075370207 -2.0621375739570498 2.6471988953734518 -0.8823445348655325 -2.113660876087334 -1.7885092503862163 
331 1 -0.20230598152654325 -0.017357033600301212 0.5341781500178054 -1.6732485268207067 -0.8048518820790614 0.5981333325415451 -0.27417163141370615 
332 1 -1.8066447551622347 -1.9681366795471977 -2.0102112594775527 2.1203150633985546 -1.037329840438475 -1.5713020343615585 -1.8831553515719983 
333 1 1.829856465078666 2.6427970290545577 2.455451785759198 0.9611706330537803 1.4424350487286024 0.41734705196628646 1.5241042911161498 
334 1 0.011605854958215627 0.4260019768421753 0.48225183553830836 0.4342868010788829 0.35753790971800603 0.23656077139102782 0.5303202286654399 
335 -1 -0.5231737362536816 -0.3720442419542824 -0.14086393821565688 -0.30335056368597346 0.5900158680774196 -0.6673706314852653 0.19905887451520332 
336 1 0.22551769144297448 0.9580327893731471 1.313072867210262 1.3826776986336982 2.217361576593314 0.5981333325415451 1.287489038151695 
337 -1 0.8672532008972511 0.5146737789306706 0.37839920657931414 -0.6194808628709119 -0.4561349445399412 -0.6673706314852653 -0.03755637844925142 
338 -1 0.7602972826548716 0.6920173831076611 0.845736036894788 -1.0409879284508299 -0.26240331257376326 0.5981333325415451 0.05708972273653047 
339 -1 -0.30926189976892265 -0.549387846131273 -0.7639797119696221 2.014938297003575 -0.6498665765061191 -0.6673706314852653 -0.8893712891212885 
340 -1 -1.2718651639503376 -1.5247776691047212 -1.4909481146825816 -2.621639424375522 -1.8510026946964222 -1.2097294732110413 -1.4572478962359798 
341 1 0.5463854461701128 0.6920173831076611 0.6380307789767997 0.3289100346839034 1.5199277015150736 1.8636372965683554 1.0981968357801313 
342 -1 -0.0953500632841638 -0.3720442419542824 -0.4524218250926395 -1.5678717604257273 -0.9210908612587682 -0.4865843509100067 -0.7000790867497246 
343 -1 0.4394295279277334 0.33733017475367993 -0.03701130925666267 0.012779735498964965 -0.3398959653602344 0.5981333325415451 -0.3214946820065971 
344 1 -1.2718651639503376 -1.17009046075074 -1.0236112843671077 -0.40872733008095297 0.39628423611124164 -1.5713020343615585 -0.368817732599488 
345 1 -1.6996888369198553 -1.436105867016226 -1.8025060015595642 1.8041847642136162 -0.6498665765061191 -0.6673706314852653 -1.4572478962359798 
346 -1 0.011605854958215627 0.07131476848819408 0.06684131970233154 0.22353326828892392 0.16380627775182813 0.0557744908157692 -0.03755637844925142 
347 -1 1.1881209556243895 1.3127199977271282 1.0534412948127765 1.5934312314236572 1.2487034167624245 0.0557744908157692 1.6187503923019317 
348 -1 0.011605854958215627 -0.1947006377772918 -0.14086393821565688 -0.6194808628709119 0.2412989305382993 0.23656077139102782 0.5303202286654399 
349 -1 -0.30926189976892265 -0.2833724398657871 -0.19279025269515399 0.5396635674738623 0.16380627775182813 0.0557744908157692 -0.22684858082081522 
350 1 -0.4162178180113021 -0.46071604404277766 -0.4524218250926395 0.3289100346839034 -0.4173886181467056 1.1404921742673209 -0.6527560361568338 
351 -1 -0.20230598152654325 -0.2833724398657871 -0.14086393821565688 0.6450403338688419 -0.10741800700082094 -0.6673706314852653 0.19905887451520332 
352 -1 -0.0953500632841638 0.24865837266518467 0.014915005222834432 1.0665473994487598 0.551269541684184 -1.0289431926357826 0.482997178072549 
353 -1 0.7602972826548716 0.6920173831076611 0.5861044644973026 0.5396635674738623 0.8612401528300686 -0.6673706314852653 0.8615815828156765 
354 1 -0.630129654496061 -0.10602883568879651 0.5341781500178054 -1.778625293215686 -0.8823445348655325 2.225209857718873 -0.03755637844925142 
355 1 0.4394295279277334 0.7806891851961564 0.9495886658537823 0.5396635674738623 1.5199277015150736 1.1404921742673209 1.0508737851872403 
356 1 -1.0579533274655788 -1.0814186586622447 -0.660127083010628 0.4342868010788829 -0.6111202501128835 -0.4865843509100067 -1.0313404408999614 
357 -1 1.0811650373820099 0.5146737789306706 0.27454657762032 -1.1463646948458093 -0.26240331257376326 0.23656077139102782 -0.3214946820065971 
358 1 0.33247360968535394 0.6033455810191658 0.48225183553830836 0.5396635674738623 0.39628423611124164 1.5020647354178382 0.3883510768867671 
359 -1 1.1881209556243895 1.4900636019041187 1.1053676092922735 0.6450403338688419 0.9774791320097753 0.0557744908157692 0.6249663298512218 
360 1 -1.592732918677476 -1.7021212732817117 -1.9063586305185585 1.5934312314236572 -1.037329840438475 -1.5713020343615585 -1.6938631492004346 
361 1 -0.0953500632841638 0.15998657057668939 0.6899570934562967 -0.5141040964759325 0.2025526041450637 2.225209857718873 0.10441277332942142 
362 1 0.6533413644124922 1.4900636019041187 1.4688518106487534 2.1203150633985546 -0.6498665765061191 -0.8481569120605239 -1.5045709468288708 
363 -1 -0.5231737362536816 -0.8154032523967588 -0.660127083010628 0.5396635674738623 -0.37864229175347003 0.0557744908157692 -0.8420482385283975 
364 1 -0.7370855727384404 -0.9927468565737494 -1.0755375988466047 0.4342868010788829 -0.8823445348655325 -1.0289431926357826 -0.9366943397141794 
365 -1 -0.20230598152654325 -0.1947006377772918 0.27454657762032 0.8557938666588008 0.4737768888977128 -1.3905157537862998 0.9089046334085675 
366 -1 0.33247360968535394 0.4260019768421753 0.37839920657931414 -0.8302343956608709 -0.9598371876520038 -1.0289431926357826 -0.3214946820065971 
367 -1 4.075930748168634 4.593576675001454 4.117093849103106 2.5418221289784726 3.1860197364242033 0.23656077139102782 3.890256820760697 
368 -1 -0.9509974092231993 -0.9927468565737494 -0.8159060264491192 -0.30335056368597346 -0.8823445348655325 -1.2097294732110413 -0.6527560361568338 
369 1 -1.8066447551622347 -1.8794648774587024 -1.8544323160390612 0.5396635674738623 -2.0059880002693644 -1.2097294732110413 -2.214416705722235 
370 1 0.011605854958215627 0.33733017475367993 0.5861044644973026 0.012779735498964965 0.5125232152909484 -0.8481569120605239 0.43567412747965806 
371 1 -0.4162178180113021 -0.017357033600301212 0.37839920657931414 -1.778625293215686 -1.114822493224946 1.1404921742673209 -0.416140783192379 
372 -1 1.829856465078666 1.4900636019041187 0.9495886658537823 -0.30335056368597346 0.2025526041450637 -0.6673706314852653 0.6722893804441128 
373 -1 -1.4857770004350965 -1.17009046075074 -1.646727058121073 0.6450403338688419 -1.231061472404653 -1.3905157537862998 -1.5992170480146526 
374 -1 2.6855038110177016 2.2881098207005763 1.728483383046239 -0.09259703089601451 -0.5723739237196479 -0.8481569120605239 -0.27417163141370615 
375 -1 0.22551769144297448 -0.10602883568879651 -0.2447165671746511 2.225691829793534 -0.26240331257376326 -1.5713020343615585 -0.5107868843781609 
376 -1 -0.4162178180113021 -0.1947006377772918 0.22262026314082284 -0.19797379729099399 0.6675085208638907 0.23656077139102782 0.6722893804441128 
377 -1 -0.0953500632841638 0.07131476848819408 0.27454657762032 -0.6194808628709119 -0.6111202501128835 0.5981333325415451 -0.3214946820065971 
378 -1 0.4394295279277334 -0.1947006377772918 -0.14086393821565688 0.012779735498964965 0.8612401528300686 0.41734705196628646 1.0981968357801313 
379 1 -1.4857770004350965 -1.2587622628392354 -1.0236112843671077 0.3289100346839034 -1.231061472404653 -0.4865843509100067 -1.267955693864416 
380 1 0.33247360968535394 0.9580327893731471 1.1572939237717708 0.5396635674738623 1.1712107639759533 0.7789196131168037 1.382135139337477 
381 1 0.11856177320059506 0.4260019768421753 0.014915005222834432 2.3310685961885134 0.3187915833247705 -0.8481569120605239 0.24638192510809426 
382 -1 -0.30926189976892265 -0.46071604404277766 -0.8159060264491192 -0.8302343956608709 -1.0760761668317105 -0.6673706314852653 -0.8893712891212885 
383 -1 0.8672532008972511 0.5146737789306706 0.27454657762032 -1.4624949940307477 -0.6886129028993546 -1.0289431926357826 0.05708972273653047 
384 1 0.33247360968535394 0.5146737789306706 0.845736036894788 0.22353326828892392 1.5974203543015446 1.8636372965683554 1.1455198863730223 
385 -1 -1.2718651639503376 -1.17009046075074 -1.3351691712440903 -0.9356111620558504 -1.6185247363370086 -1.5713020343615585 -1.5045709468288708 
386 1 1.1881209556243895 1.6674072060811094 2.0919675844027186 1.5934312314236572 2.101122597413607 1.5020647354178382 1.382135139337477 
387 1 0.5463854461701128 1.1353763935501375 1.1053676092922735 0.9611706330537803 0.2025526041450637 1.5020647354178382 0.009766672143639528 
388 1 0.5463854461701128 -0.46071604404277766 -0.19279025269515399 -0.19797379729099399 -1.1923151460114172 0.23656077139102782 -1.5045709468288708 
389 1 -1.8066447551622347 -1.790793075370207 -1.9582849449980555 2.857952428163411 -0.49488127093317674 -1.2097294732110413 -1.6938631492004346 
390 -1 1.1881209556243895 1.9334226123465952 1.8842623264847302 1.6988079978186366 1.4424350487286024 0.23656077139102782 1.9026886958592775 
391 1 -1.0579533274655788 -0.9927468565737494 -1.0236112843671077 -0.09259703089601451 -0.5336275973264123 -0.6673706314852653 -0.6527560361568338 
392 1 -1.1649092457079582 -0.549387846131273 -0.19279025269515399 -1.0409879284508299 -1.0760761668317105 1.8636372965683554 -0.368817732599488 
393 -1 0.7602972826548716 0.6033455810191658 0.32647289209981706 -0.8302343956608709 -0.26240331257376326 -0.6673706314852653 0.05708972273653047 
394 1 0.9742091191396305 1.6674072060811094 1.8842623264847302 -0.40872733008095297 0.35753790971800603 1.1404921742673209 1.1455198863730223 
395 -1 -0.630129654496061 -0.8154032523967588 -0.9716849698876106 -0.09259703089601451 -0.9598371876520038 -0.8481569120605239 -0.7000790867497246 
396 1 -0.5231737362536816 -0.2833724398657871 0.06684131970233154 -0.8302343956608709 -0.6111202501128835 1.1404921742673209 -0.5581099349710519 
397 -1 0.9742091191396305 0.8693609872846517 0.8976623513742852 -0.5141040964759325 0.39628423611124164 -0.4865843509100067 0.6249663298512218 
398 1 0.011605854958215627 0.15998657057668939 0.22262026314082284 -0.6194808628709119 -0.10741800700082094 0.41734705196628646 0.5776432792583309 
399 -1 -0.4162178180113021 -0.3720442419542824 0.11876763418182863 0.012779735498964965 0.822493826436833 -0.4865843509100067 0.43567412747965806 
400 -1 0.22551769144297448 0.24865837266518467 -0.3485691961336453 0.3289100346839034 -0.7661055556858258 -0.4865843509100067 -0.6054329855639428 
401 1 -0.4162178180113021 -0.549387846131273 -0.3485691961336453 0.7504171002638214 -0.6886129028993546 -1.3905157537862998 -0.08487942904214237 
402 1 -0.20230598152654325 0.07131476848819408 0.5341781500178054 -0.8302343956608709 0.2025526041450637 0.9597058936920624 -0.13220247963503332 
403 -1 0.7602972826548716 0.4260019768421753 0.22262026314082284 -0.5141040964759325 0.551269541684184 -0.8481569120605239 1.240165987558804 
404 1 -0.7370855727384404 -0.46071604404277766 -0.08893762373615978 -2.410885891585563 -1.5410320835505376 2.225209857718873 -0.8893712891212885 
405 1 -1.4857770004350965 -1.0814186586622447 -1.5428744291620786 1.4880544650286776 -0.6498665765061191 -0.8481569120605239 -1.3626017950501979 
406 -1 -0.0953500632841638 -0.3720442419542824 -0.4004955106131424 -0.9356111620558504 -1.3860467779775951 -0.12501178975948943 -0.9366943397141794 
407 -1 -0.5231737362536816 -0.46071604404277766 -0.3485691961336453 0.3289100346839034 -0.26240331257376326 -1.2097294732110413 -0.5581099349710519 
408 -1 0.6533413644124922 0.15998657057668939 0.22262026314082284 -0.9356111620558504 -0.9598371876520038 0.23656077139102782 -0.46346383378526995 
409 -1 -0.4162178180113021 -0.549387846131273 -0.4004955106131424 0.11815650189394444 0.35753790971800603 -1.3905157537862998 0.5303202286654399 
410 1 -1.6996888369198553 -2.2341520858126835 -2.2698428318750383 0.6450403338688419 -1.114822493224946 -1.5713020343615585 -1.6938631492004346 
411 -1 0.4394295279277334 0.6033455810191658 0.4303255210588113 -0.30335056368597346 -0.029925354214349775 1.3212784548425796 0.2937049757009852 
412 1 0.4394295279277334 0.7806891851961564 1.1572939237717708 0.4342868010788829 1.9848836182339005 1.3212784548425796 3.03844191008866 
413 1 0.011605854958215627 0.4260019768421753 0.6899570934562967 0.7504171002638214 -1.5022857571573018 0.5981333325415451 -1.9304784021648893 
414 1 2.043768301563425 1.4900636019041187 0.48225183553830836 0.8557938666588008 -0.5723739237196479 -1.2097294732110413 -0.13220247963503332 
415 1 -1.592732918677476 -1.5247776691047212 -1.5428744291620786 1.6988079978186366 -0.6886129028993546 -1.0289431926357826 -1.9304784021648893 
416 -1 1.5089887103515276 1.4013917998156236 1.6246307540872447 0.3289100346839034 1.5199277015150736 0.9597058936920624 1.7133964934877135 
417 1 0.9742091191396305 0.6920173831076611 1.0534412948127765 0.11815650189394444 2.6435711669189055 1.8636372965683554 1.8553656452663865 
418 -1 0.11856177320059506 0.33733017475367993 0.17069394866132576 0.8557938666588008 0.822493826436833 -0.4865843509100067 0.482997178072549 
419 -1 0.11856177320059506 -0.3720442419542824 -0.6082007685311308 -1.3571182276357683 -1.4247931043708306 0.23656077139102782 -0.7474021373426156 
420 -1 -0.30926189976892265 -0.549387846131273 -0.4004955106131424 -1.0409879284508299 -0.7661055556858258 -1.2097294732110413 -0.5581099349710519 
421 -1 0.11856177320059506 0.6033455810191658 0.845736036894788 0.9611706330537803 1.3261960695488957 -0.4865843509100067 2.04465784763795 
422 -1 0.11856177320059506 -0.017357033600301212 0.5861044644973026 -0.8302343956608709 0.008820972178885807 0.0557744908157692 0.15173582392231236 
423 1 -0.30926189976892265 0.15998657057668939 0.37839920657931414 -0.40872733008095297 -0.4173886181467056 0.23656077139102782 -0.416140783192379 
424 1 -0.4162178180113021 -0.3720442419542824 -0.2966428816541482 0.11815650189394444 0.16380627775182813 1.3212784548425796 -0.08487942904214237 
425 1 -0.7370855727384404 -0.6380596482197682 -0.4524218250926395 -1.5678717604257273 -0.9598371876520038 1.3212784548425796 -0.6527560361568338 
426 -1 -0.4162178180113021 -0.6380596482197682 -0.660127083010628 -0.19797379729099399 -0.49488127093317674 -1.0289431926357826 0.15173582392231236 
427 1 -0.20230598152654325 0.15998657057668939 0.014915005222834432 2.014938297003575 0.822493826436833 1.8636372965683554 0.10441277332942142 
428 1 1.4020327921091482 0.9580327893731471 0.5861044644973026 -1.5678717604257273 -1.231061472404653 1.1404921742673209 -0.6054329855639428 
429 1 -0.4162178180113021 -0.7267314503082636 -0.660127083010628 -0.5141040964759325 -0.6886129028993546 0.7789196131168037 -0.9366943397141794 
430 -1 -0.30926189976892265 -0.1947006377772918 0.11876763418182863 -1.0409879284508299 -0.4173886181467056 -1.0289431926357826 0.3883510768867671 
431 1 -0.630129654496061 -0.8154032523967588 -1.3870954857235873 0.9611706330537803 -1.231061472404653 -1.2097294732110413 -1.267955693864416 
432 -1 -0.7370855727384404 -0.6380596482197682 -0.7639797119696221 0.4342868010788829 -0.06867168060758536 0.41734705196628646 -0.5581099349710519 
433 1 -0.4162178180113021 -0.6380596482197682 -0.660127083010628 1.0665473994487598 -0.4173886181467056 -0.6673706314852653 0.19905887451520332 
434 -1 -1.4857770004350965 -1.790793075370207 -1.69865337260057 -0.8302343956608709 -1.8510026946964222 -1.2097294732110413 -1.6465400986075436 
435 -1 0.4394295279277334 0.5146737789306706 0.22262026314082284 0.6450403338688419 0.12505995135859255 -0.4865843509100067 -0.5581099349710519 
436 -1 -0.0953500632841638 -0.017357033600301212 0.014915005222834432 0.012779735498964965 0.04756729857212139 -0.4865843509100067 0.34102802629387613 
437 -1 0.011605854958215627 0.07131476848819408 0.11876763418182863 -0.8302343956608709 -0.30114963896699887 -0.8481569120605239 0.24638192510809426 
438 1 0.8672532008972511 1.3127199977271282 1.5727044396077476 1.3826776986336982 1.752405659874487 1.5020647354178382 1.0508737851872403 
439 1 -0.7370855727384404 -0.7267314503082636 -0.7639797119696221 1.0665473994487598 0.16380627775182813 -0.30579807033474804 -0.27417163141370615 
440 1 -1.378821082192717 -1.5247776691047212 -1.5948007436415759 -0.5141040964759325 -0.10741800700082094 0.7789196131168037 -0.46346383378526995 
441 1 -1.0579533274655788 -0.8154032523967588 -0.660127083010628 -0.5141040964759325 -0.37864229175347003 0.7789196131168037 -0.27417163141370615 
442 -1 1.829856465078666 1.9334226123465952 1.9881149554437243 0.6450403338688419 1.8686446390541938 -0.6673706314852653 1.9500117464521682 
443 -1 0.22551769144297448 -0.1947006377772918 -0.19279025269515399 -1.1463646948458093 -0.1849106597872921 -0.6673706314852653 0.24638192510809426 
444 -1 -0.4162178180113021 -0.3720442419542824 -0.2966428816541482 -0.5141040964759325 -0.6111202501128835 1.1404921742673209 -0.8893712891212885 
445 1 0.9742091191396305 1.1353763935501375 1.6765570685667417 0.7504171002638214 1.8686446390541938 1.3212784548425796 1.0508737851872403 
446 -1 0.22551769144297448 -0.017357033600301212 0.11876763418182863 -0.40872733008095297 -0.3398959653602344 -0.8481569120605239 0.10441277332942142 
447 1 -1.9136006734046143 -2.056808481635693 -2.0621375739570498 0.3289100346839034 -1.4247931043708306 -1.5713020343615585 -1.7411861997933256 
448 -1 0.4394295279277334 -0.017357033600301212 -0.14086393821565688 -0.8302343956608709 -1.1923151460114172 -0.30579807033474804 -0.7000790867497246 
449 1 -0.30926189976892265 -0.46071604404277766 -0.6082007685311308 1.4880544650286776 0.008820972178885807 -1.5713020343615585 -0.17952553022792425 
450 1 0.9742091191396305 1.6674072060811094 1.780409697525736 0.11815650189394444 1.2099570903691887 1.682851015993097 1.0035507345943493 
451 1 -0.30926189976892265 0.07131476848819408 0.37839920657931414 -1.1463646948458093 -0.843598208472297 0.9597058936920624 -0.3214946820065971 
452 -1 -0.0953500632841638 -0.017357033600301212 0.06684131970233154 -0.19797379729099399 0.7837475000435975 0.5981333325415451 0.7196124310370037 
453 -1 1.6159446285939072 1.4013917998156236 0.8976623513742852 -1.4624949940307477 -0.5723739237196479 -0.30579807033474804 -0.03755637844925142 
454 1 -1.6996888369198553 -1.790793075370207 -2.165990202916044 0.4342868010788829 -1.231061472404653 -1.7520883149368172 -1.9304784021648893 
455 1 -2.0205565916469936 -1.9681366795471977 -1.9582849449980555 0.8557938666588008 -0.843598208472297 0.41734705196628646 -1.6465400986075436 
456 1 -1.1649092457079582 -0.9040750544852542 -0.9197586554081134 0.11815650189394444 -0.5336275973264123 -0.30579807033474804 -1.1259865420857431 
457 1 -0.4162178180113021 -0.3720442419542824 -0.2966428816541482 -1.989378826005645 -0.7273592292925902 1.3212784548425796 -0.17952553022792425 
458 -1 0.7602972826548716 0.6033455810191658 0.32647289209981706 0.012779735498964965 -0.22365698618052768 -0.8481569120605239 -0.13220247963503332 
459 1 -0.9509974092231993 -0.549387846131273 -0.660127083010628 0.8557938666588008 0.3187915833247705 -1.2097294732110413 -0.46346383378526995 
460 1 -0.8440414909808198 -1.2587622628392354 -1.0755375988466047 0.22353326828892392 0.28004525693153487 -0.4865843509100067 0.2937049757009852 
461 -1 1.0811650373820099 1.0467045914616424 0.6380307789767997 -0.9356111620558504 0.12505995135859255 -0.4865843509100067 0.9089046334085675 
462 -1 0.22551769144297448 0.33733017475367993 0.48225183553830836 0.5396635674738623 -0.6111202501128835 -0.8481569120605239 -0.5581099349710519 
463 -1 0.6533413644124922 0.8693609872846517 0.4303255210588113 1.1719241658437392 -0.3398959653602344 -1.0289431926357826 -1.0313404408999614 
464 1 -0.8440414909808198 -0.46071604404277766 -0.03701130925666267 -2.3055091251905835 -1.2698077987978884 1.1404921742673209 -0.6527560361568338 
465 1 0.11856177320059506 0.07131476848819408 0.48225183553830836 -2.0947555924006247 -0.843598208472297 1.3212784548425796 -0.03755637844925142 
466 1 -0.30926189976892265 0.07131476848819408 0.11876763418182863 1.6988079978186366 1.5974203543015446 0.5981333325415451 0.8615815828156765 
467 1 -1.8066447551622347 -1.7021212732817117 -1.8025060015595642 0.7504171002638214 -0.8823445348655325 -0.30579807033474804 -1.5992170480146526 
468 1 -0.9509974092231993 -0.9040750544852542 -1.179390227805599 0.22353326828892392 -0.14616433339405652 -0.8481569120605239 -0.27417163141370615 
469 -1 -0.20230598152654325 0.24865837266518467 0.37839920657931414 0.11815650189394444 -0.4173886181467056 0.41734705196628646 -0.03755637844925142 
