id label data 
0 1 0.5477567791143163 0.5807251802647507 0.9683394635125233 0.0849411985729376 0.9859375703317917 1.356384945369945 0.4213844890945519 
1 -1 1.665627756898634 1.6513358477919444 1.2444818960731288 -0.2548235957188128 0.26918166298234725 -0.5610178569854724 0.7615154668390332 
2 -1 0.43596968133588454 0.3860686952598064 0.6921970309519178 0.0849411985729376 3.088421565223496 0.29116116628360206 2.2921048666891983 
3 -1 0.9949051702280434 0.48339693776227854 0.4160545983913122 -0.6795295885835008 -1.020978970246653 -0.9871073686200096 -0.8257624293018792 
4 1 0.5477567791143163 0.48339693776227854 0.7474255174640388 0.0 -1.020978970246653 -0.3479731011682038 -0.9391394218833728 
5 -1 -0.6819012964484331 -0.7818702147698594 -0.46760118580262544 0.0849411985729376 0.7470189345486437 -1.6262416360718155 0.8182039631297799 
6 1 -1.4644109808974555 -1.3658396697846924 -1.6273994025571688 2.8030595529069404 -0.20865560858394908 -1.6262416360718155 -1.4493358885000946 
7 1 -2.0233464697896144 -1.852480882297053 -1.793084862093532 1.9536475671775646 -1.1643301517165419 0.29116116628360206 -1.676089873663082 
8 1 0.7713309746711798 1.6513358477919444 1.9624522207307031 -0.3397647942917504 0.7470189345486437 1.356384945369945 1.5551544149094891 
9 1 0.3241825835574528 -0.6845419722673873 -0.24668723975414103 -0.1698823971458752 -1.1643301517165419 0.29116116628360206 -1.6194013773723352 
10 -1 -0.45832710089156964 -0.489885487262443 -0.9094290778995943 2.0385887657505024 0.22139793582571762 0.29116116628360206 -0.31556596268515735 
11 -1 0.5477567791143163 0.6780534227672229 1.0787964365367655 -0.2548235957188128 0.12583048151245835 -0.5610178569854724 0.9315809557112736 
12 1 -1.7997722742327509 -1.5604961547896368 -1.1303430239480787 0.2548235957188128 -1.2121138788731713 -0.5610178569854724 -1.3359588959186008 
13 1 -1.687985176454319 -1.5604961547896368 -1.5169424295329264 0.8494119857293759 -0.6387091529936157 -0.5610178569854724 -0.9391394218833728 
14 1 -0.23475290533470608 -0.003244274750082221 0.47128308490343335 -0.3397647942917504 1.7982609319944955 1.995519212821751 1.6118429112002362 
15 -1 -0.01117870977784254 -0.19790075975502652 -0.02577329370565662 -0.2548235957188128 -0.5431416986803566 0.9302954337354079 -0.03212348123142301 
16 -1 -0.01117870977784254 -0.003244274750082221 0.1399121658307067 -0.8494119857293759 0.699235207392014 0.29116116628360206 0.7048269705482862 
17 -1 -0.12296580755627431 0.3860686952598064 0.08468367931858559 -0.6795295885835008 -0.7820603344635046 -0.774062612802741 -0.2021889701036636 
18 -1 -0.5701141986700013 -0.10057251725255438 -0.24668723975414103 0.2548235957188128 0.5081002987654955 -0.9871073686200096 0.6481384742575393 
19 -1 -0.5701141986700013 -0.6845419722673873 -0.9094290778995943 -1.0192943828752512 -0.9731952430900233 1.5694297011872136 -0.6556969404296386 
20 -1 0.9949051702280434 1.456679362787 1.1340249230488866 0.5096471914376256 1.5115585690547177 0.07811641046633344 0.9315809557112736 
21 -1 0.8831180724496116 0.8727099077721672 0.7474255174640388 -0.5945883900105632 -0.20865560858394908 -0.774062612802741 0.4213844890945519 
22 1 -1.240836785340592 -1.171183184779748 -1.296028483484442 0.1698823971458752 0.12583048151245835 -0.9871073686200096 -0.14550047381291673 
23 -1 1.5538406591202023 1.3593511202845279 0.8026540039761599 -0.5945883900105632 0.41253284445223615 0.7172506779181392 0.9315809557112736 
24 -1 0.3241825835574528 -0.19790075975502652 -0.3019157262662621 -1.5289415743128767 -1.2121138788731713 -0.774062612802741 -0.42894295526665105 
25 -1 1.1066922680064752 0.48339693776227854 0.2503691388549489 -1.868706368604627 -1.020978970246653 1.356384945369945 -0.3722544589759042 
26 -1 0.5477567791143163 0.48339693776227854 0.30559762536707 -0.6795295885835008 -0.01752069995743055 -0.774062612802741 0.2513190002223113 
27 1 0.3241825835574528 1.0673663927771115 1.1340249230488866 0.7644707871564383 0.555884025922125 1.7824744570044824 0.19463050393156445 
28 -1 0.8831180724496116 0.3860686952598064 0.2503691388549489 -0.9343531843023135 -0.01752069995743055 0.29116116628360206 -0.2021889701036636 
29 1 -1.5761980786758873 -1.755152639794581 -1.9587703216298953 1.1891767800211264 -0.5909254258369862 -0.9871073686200096 -1.3359588959186008 
