id label data 
0 -1 0.7449422505904482 0.7341182741713711 0.43126893090924695 -0.37439604752697536 -0.2504359681072087 -0.6142349675004366 0.06719244194768342 
1 1 -0.2607297877066561 -0.1261765783732046 -0.009801566611573937 -1.0837780323149275 -0.9006062699240003 0.28905174941196865 -0.7194507808544678 
2 -1 2.309320976830388 1.938531067733777 1.5094412581823646 0.807907260452945 0.1830108997706523 -0.4335776241179556 0.6571748590492968 
3 1 -1.0429191508266262 -0.9864714309177803 -0.5978955633060018 0.3349859372609769 -0.7200034083082248 -0.6142349675004366 -1.1127723922555433 
4 1 -1.2664018260037604 -1.4166188571900682 -1.3820208922319057 -0.37439604752697536 0.2552520444169625 -0.07226293735299345 0.6080096576241624 
5 -1 0.18623556264761243 0.3900003331535408 0.48027676396711594 -0.6108567091229594 -0.2504359681072087 0.28905174941196865 0.16552284479795232 
6 1 0.8566835881790154 1.336324670952574 1.3624177590087578 0.807907260452945 1.4833515034042353 1.372995809706855 1.2471572761509102 
7 1 1.7506142888875524 2.2826490087516076 2.5876135854554825 1.5172892452408973 1.8084366543126311 1.7343104964718172 1.984635297527927 
8 1 -0.8194364756494918 -0.2982355488821197 -0.45087206413239483 2.6995925532208176 0.29137261674011755 0.6503664361769308 -0.32612916945339215 
9 1 0.4097182378247467 0.4760298184079984 0.43126893090924695 0.4532162680589689 0.9415429185569091 0.6503664361769308 0.903000866174969 
10 -1 -0.48421246288379044 -0.9004419456633227 -0.8919425616532157 -0.8473173707189435 -1.1895708485092409 -0.4335776241179556 -1.1619375936806777 
11 -1 0.8566835881790154 0.5620593036624559 0.186229765619902 -0.2561657167289833 -0.358797685076674 -0.07226293735299345 -0.22779876660312326 
12 1 -1.9368498515351633 -1.9327957687168136 -1.9211070558684644 0.21675560646298486 -1.4785354270944815 -1.698179027795323 -1.8502504136325602 
13 1 0.29797690023617956 0.3900003331535408 0.627300263140723 0.3349859372609769 1.8806777989589412 1.372995809706855 1.7388092904022547 
14 -1 1.303648938533284 0.5620593036624559 0.333253264793509 -1.4384690247089038 -0.7200034083082248 -1.698179027795323 -0.12946836375285437 
15 -1 -1.3781431635923276 -1.1585304014266955 -1.2840052261161676 -0.37439604752697536 -1.0089679868934656 -2.059493714560285 -1.1127723922555433 
16 1 0.5214595754133139 0.7341182741713711 0.8723394284300678 0.21675560646298486 1.7361955096663209 1.192338466324374 1.6896440889771203 
17 1 0.29797690023617956 -0.1261765783732046 0.235237598677771 -0.4926263783249674 1.37498978643477 0.4697090927944497 1.0996616718755068 
18 1 -1.601625838769462 -1.5026483424445258 -1.8720992228105955 0.0985252756649928 -1.2618119931555511 -1.698179027795323 -1.8502504136325602 
19 1 0.29797690023617956 0.6480887889169136 1.2153942598351508 1.8719802376348735 0.8693017739105989 0.28905174941196865 0.11635764337281787 
20 1 -0.3724711252952233 -0.3842650341365773 -0.40186423107452585 0.0985252756649928 0.43585490603273785 1.011681122941893 0.6080096576241624 
21 1 0.8566835881790154 0.4760298184079984 0.13722193256203302 0.3349859372609769 -0.792244552954535 0.6503664361769308 -0.6211203780041988 
22 1 -0.931177813238059 -0.5563240046454925 -0.7449190624796088 1.1625982528469212 -0.03371253416827821 -0.07226293735299345 -0.37529437087852663 
23 1 -0.2607297877066561 -0.64235348989995 -0.35285639801665686 -1.3202386939109116 0.6164577676485133 0.28905174941196865 0.6080096576241624 
24 -1 0.4097182378247467 0.4760298184079984 0.529284597024985 -0.7290870399209515 -0.39491825739982905 -0.6142349675004366 0.21468804622308676 
25 -1 1.303648938533284 1.5083836414614893 1.0683707606615438 0.571446598856961 0.7609400569411336 -0.07226293735299345 0.6080096576241624 
26 -1 -0.931177813238059 -0.9004419456633227 -0.7449190624796088 -0.4926263783249674 -0.9728474145703104 -1.336864341030361 -0.7194507808544678 
27 1 -0.148988450118089 -0.2982355488821197 -0.10781723272731192 -0.13793538593099128 0.1468903274474972 0.8310237795594119 -0.031137960902585478 
28 -1 -0.148988450118089 -0.5563240046454925 -0.5978955633060018 -2.266081340294848 -1.3701737101250164 -0.7948923108829177 -1.1619375936806777 
29 1 -0.8194364756494918 -0.7283829751544076 -0.6469033963638708 -0.7290870399209515 -1.0812091315397756 1.192338466324374 -0.9161115865550056 
