id label data 
0 -1 1.2626433811514512 0.9230170326987528 0.7585426797172979 -0.3245205593564825 0.3587350212492892 -0.12568836813525028 0.7634164599312651 
1 -1 -0.10862413730488905 -0.12127906848900377 -0.052986833936718394 -0.42956509303247886 -0.29388174099611636 0.23561764424131748 -0.5464349889208145 
2 -1 1.1571612643471174 0.4878936572038542 0.30205732828691373 -1.1648768287644533 -0.6009955114645426 -1.5709124176415212 -0.07863090004507187 
3 -1 0.1023400963037787 0.13979495680793536 0.35277792289028975 -0.21947602568048616 -0.1403248557619033 0.05496463805303361 0.43595359771824516 
4 -1 0.41878644671678034 0.574918332302834 0.6063808959071698 0.20070210902349925 -0.3322709623046696 -0.6676473867001019 0.10849073550522523 
5 -1 -1.4798916557612294 -1.7747478953696183 -1.676045861244751 -0.8497432277364643 -1.829450593338247 -1.2096064052649536 -1.6223843933350228 
6 -1 0.20782221310811258 0.3138443070058948 0.048454355270033646 -0.3245205593564825 -0.3706601836132229 -0.30634137432353414 0.24883196216794806 
7 -1 0.735232797129782 0.4008689821048745 0.2006161390801617 -0.5346096267084752 0.5506811277920556 -0.8483003928883858 1.2312205488070078 
8 1 1.2626433811514512 1.5321897583916106 1.3671898149578101 1.8814146478394407 1.7407469883572069 1.8614946999358724 0.9037576865939879 
9 1 0.31330432991244644 0.4008689821048745 1.062866247337554 -0.7446986940604678 0.16678891470652285 2.584106724689008 0.29561237105552235 
10 1 1.4736076147601191 -0.8174764692808415 -0.7630751583839827 0.5158357100514883 0.28195657863218265 -0.30634137432353414 -0.12541130893264613 
11 1 -0.8469989549352263 -0.8174764692808415 -0.7123545637806067 -0.5346096267084752 -0.9848877245500752 1.3195356813710208 -0.8271174422462603 
12 -1 1.7900539651731207 1.6192144334905905 1.3164692203544341 -0.3245205593564825 0.28195657863218265 -0.6676473867001019 0.7166360510436908 
13 -1 -0.4250704877178907 -0.4693777688849226 -0.15442802314347043 -0.3245205593564825 0.5890703491006088 -1.3902594114532374 1.5119030021324533 
14 -1 0.31330432991244644 -0.03425439339002406 -0.15442802314347043 -0.5346096267084752 -0.7545523966987556 0.4162706504296014 -0.3125329444829432 
15 -1 0.6297506803254481 0.4008689821048745 0.14989554447678569 -0.9547877614124606 -0.44743862623032943 -0.30634137432353414 -0.21897212670779467 
16 -1 -0.9524810717395601 -0.7304517941818618 -0.9659575367974867 -1.690099497144435 -1.7910613720296937 -1.2096064052649536 -1.3884823488971516 
17 1 -0.3195883709135568 0.13979495680793536 0.35277792289028975 -0.42956509303247886 -0.40904940492177616 0.23561764424131748 -0.4060937622580918 
18 -1 -0.003142020500555181 -0.2953284186869632 -0.40803099616035055 -1.374965896116446 -1.1384446097842882 -0.48699438051181804 -0.780337033358686 
19 1 -1.7963380061742311 -1.6877232202706385 -1.777487050451503 0.7259247774034809 -0.8697200606244154 -0.30634137432353414 -1.5756039844474485 
20 1 1.579089731564453 2.2283871591834483 2.6352046800422104 1.4612365131354554 2.0862499801341863 1.8614946999358724 1.932926682120622 
21 -1 0.9461970307384497 0.9230170326987528 1.062866247337554 -0.009386958328493455 0.4355134638663957 -0.6676473867001019 1.1844401399194335 
22 1 -1.3744095389568955 -1.25259984477574 -1.1181193206076148 2.0915037151914335 -0.4858278475388827 -0.8483003928883858 -1.294921531122003 
23 1 0.41878644671678034 0.6619430074018137 0.85998386892405 0.3057466426994956 2.0094715375170797 1.3195356813710208 1.6522442287951762 
24 -1 1.0516791475427836 0.9230170326987528 0.7078220851139219 -0.7446986940604678 -0.40904940492177616 -0.6676473867001019 0.20205155328037377 
25 -1 -0.10862413730488905 -0.3823530937859429 -0.40803099616035055 -0.9547877614124606 -1.3687799376356078 -0.12568836813525028 -0.9206782600214087 
26 -1 0.31330432991244644 -0.03425439339002406 -0.3573104015569745 -2.005233098172424 -1.253612273709948 -0.12568836813525028 -0.7335566244711117 
27 -1 -1.2689274221525617 -1.0785504945777806 -1.3717222936244948 1.4612365131354554 0.01323202947230977 -0.6676473867001019 -0.5464349889208145 
28 1 -1.6908558893698973 -2.2098712708645167 -2.2339724018818874 0.6208802437274846 -1.100055388475735 -1.5709124176415212 -1.669164802222597 
29 1 -2.1127843565872326 -1.861772570468598 -1.980369428865007 1.671325580487448 -1.2920014950185013 -0.48699438051181804 -1.9030668466604685 
30 1 -0.3195883709135568 -0.4693777688849226 -0.6109133745738546 1.4612365131354554 0.01323202947230977 -1.5709124176415212 -0.1721917178202204 
31 1 -2.007302239782899 -2.0358219206665575 -2.132531212675135 -0.6396541603844715 -1.5607260441783741 -0.8483003928883858 -1.9966276644356171 
32 1 0.31330432991244644 0.4878936572038542 0.8092632743206739 0.20070210902349925 1.5871901031229938 1.8614946999358724 1.1376597310318592 
33 -1 -0.3195883709135568 -0.5564024439839024 -0.7630751583839827 1.986459181515437 -0.6393847327730958 -0.6676473867001019 -0.8738978511338346 
34 1 -1.057963188543894 -0.9915258194788009 -1.0673987260042388 0.3057466426994956 -0.44743862623032943 0.4162706504296014 -0.4060937622580918 
35 1 0.41878644671678034 0.4008689821048745 0.7078220851139219 0.5158357100514883 2.1246392014427395 1.3195356813710208 1.4651225932448793 
36 -1 0.8407149139341158 0.7489676825007934 0.6063808959071698 -0.5346096267084752 -0.21710329837900985 -0.48699438051181804 -0.1721917178202204 
37 -1 -0.7415168381308923 -0.5564024439839024 -0.7123545637806067 -0.6396541603844715 -0.2554925196875631 -0.30634137432353414 0.15527114439279951 
38 1 -1.901820122978565 -1.7747478953696183 -2.031090023468383 2.6167263835714154 -0.8697200606244154 -2.112871436206373 -1.7627256199977457 
39 1 0.9461970307384497 1.6192144334905905 1.7222339771814423 0.0956575753475029 1.2032978900374611 1.6808416937475885 0.9973185043691364 
40 -1 -1.4798916557612294 -1.1655751696767602 -1.6253252666413749 0.6208802437274846 -1.2152230524013947 -1.3902594114532374 -1.5756039844474485 
41 -1 2.6339108996077916 2.489461184480388 1.8743957609915705 0.5158357100514883 0.6658487917177154 -0.30634137432353414 0.9505380954815621 
42 1 0.6297506803254481 1.445165083292631 1.417910409561186 2.0915037151914335 -0.6393847327730958 -0.8483003928883858 -1.4820431666723 
43 -1 -1.3744095389568955 -1.25259984477574 -1.3717222936244948 -0.21947602568048616 -0.9081092819329687 -1.9322184300180891 -1.0142390777965573 
44 1 2.6339108996077916 3.0986339101732456 2.9902488422658426 0.6208802437274846 1.0881302261118013 0.7775766628061691 1.792585455457899 
45 -1 0.41878644671678034 0.6619430074018137 0.6063808959071698 0.5158357100514883 0.473902685174949 -0.12568836813525028 0.15527114439279951 
46 -1 -0.21410625410922293 0.05277028170895565 0.09917494987340966 -0.11443149200448981 0.5506811277920556 0.23561764424131748 0.24883196216794806 
47 -1 0.31330432991244644 0.6619430074018137 0.6571014905105459 0.0956575753475029 -0.524217068847436 0.7775766628061691 -0.3125329444829432 
48 -1 1.6845718483687868 1.3581404081936512 0.7585426797172979 -0.7446986940604678 0.0900104720894163 0.5969236566178853 0.6230752332685422 
49 1 -1.2689274221525617 -1.513673870072679 -1.473163482831247 -0.21947602568048616 0.4355134638663957 0.05496463805303361 0.6230752332685422 
50 1 -0.3195883709135568 0.05277028170895565 0.35277792289028975 -1.1648768287644533 -0.8313308393158622 0.958229668994453 -0.3125329444829432 
51 1 -1.1634453053482279 -0.5564024439839024 -0.20514861774684645 -1.0598322950884569 -1.0616661671671817 1.8614946999358724 -0.3593133533705175 
52 1 -1.1634453053482279 -0.9045011443798212 -0.9152369421941107 0.0956575753475029 -0.524217068847436 -0.30634137432353414 -1.1077998955717059 
53 1 -1.057963188543894 -0.9915258194788009 -1.0166781314008628 -0.11443149200448981 -0.524217068847436 -0.6676473867001019 -0.6399958066959631 
54 1 0.1023400963037787 0.6619430074018137 1.0121456527341781 -1.2699213624404495 -0.6393847327730958 1.3195356813710208 0.061710326617650954 
55 1 0.1023400963037787 0.4008689821048745 0.7078220851139219 0.0956575753475029 1.0113517834946948 0.4162706504296014 0.7166360510436908 
56 1 0.6297506803254481 0.8359923575997731 1.215028031147682 0.7259247774034809 3.1227589554651245 1.6808416937475885 2.400730770996365 
57 1 1.2626433811514512 1.7932637836885499 1.9251163555949464 0.20070210902349925 1.0881302261118013 1.8614946999358724 0.9505380954815621 
58 1 -1.7963380061742311 -2.122846595765537 -1.980369428865007 0.3057466426994956 -1.0232769458586284 -0.8483003928883858 -1.7159452111101714 
59 -1 -0.10862413730488905 -0.2953284186869632 -0.15442802314347043 -0.42956509303247886 0.12839969339796958 -0.30634137432353414 0.24883196216794806 
60 1 -1.4798916557612294 -1.25259984477574 -1.0166781314008628 0.3057466426994956 -1.2152230524013947 -0.48699438051181804 -1.2481411222344287 
61 -1 2.1065003155861226 1.6192144334905905 1.3164692203544341 -1.2699213624404495 -0.21710329837900985 -0.30634137432353414 0.43595359771824516 
62 -1 -0.5305526045222245 -0.8174764692808415 -1.3717222936244948 -0.9547877614124606 -1.5991152654869274 -1.0289533990766697 -1.294921531122003 
63 -1 -0.003142020500555181 -0.03425439339002406 0.048454355270033646 -0.3245205593564825 0.24356735732362939 -0.12568836813525028 0.24883196216794806 
64 1 -0.8469989549352263 -1.25259984477574 -1.0673987260042388 0.20070210902349925 0.28195657863218265 -0.48699438051181804 0.29561237105552235 
65 1 1.7900539651731207 2.576485859579367 2.3816017070253306 0.9360138447554737 1.4336332178887807 0.4162706504296014 1.5119030021324533 
66 -1 0.41878644671678034 0.574918332302834 0.4034985174936658 -0.3245205593564825 -0.025157191836243497 1.3195356813710208 0.29561237105552235 
67 1 -0.8469989549352263 -0.9915258194788009 -1.0166781314008628 0.6208802437274846 0.3203457999407359 0.7775766628061691 -0.07863090004507187 
68 -1 -0.10862413730488905 -0.03425439339002406 -0.0022662393333423726 -1.2699213624404495 -1.0616661671671817 -0.30634137432353414 -0.5464349889208145 
69 1 0.20782221310811258 0.574918332302834 1.215028031147682 1.7763701141634445 1.0881302261118013 0.4162706504296014 0.15527114439279951 
70 1 -0.6360347213265585 -0.8174764692808415 -1.3717222936244948 0.9360138447554737 -1.2152230524013947 -1.2096064052649536 -1.2481411222344287 
71 1 0.9461970307384497 1.0970663828967122 1.6207927879746902 0.7259247774034809 1.8559146522828667 1.3195356813710208 1.0440989132567107 
72 -1 1.7900539651731207 1.8802884587875295 1.9251163555949464 0.6208802437274846 1.8559146522828667 -0.6676473867001019 1.932926682120622 
73 -1 0.41878644671678034 -0.20830374358798348 -0.15442802314347043 -0.009386958328493455 0.8577948982604817 0.4162706504296014 1.090879322144285 
74 1 0.6297506803254481 0.6619430074018137 1.164307436544306 -0.5346096267084752 1.2416871113460144 1.6808416937475885 1.5119030021324533 
75 1 0.41878644671678034 0.574918332302834 0.7078220851139219 -0.5346096267084752 2.2781960866769526 1.6808416937475885 1.792585455457899 
76 -1 -0.10862413730488905 0.05277028170895565 0.048454355270033646 0.41079117637549195 -0.44743862623032943 -0.6676473867001019 -0.5464349889208145 
77 -1 -0.4250704877178907 -0.3823530937859429 0.09917494987340966 -0.009386958328493455 0.8194056769519285 -0.48699438051181804 0.43595359771824516 
78 -1 0.20782221310811258 0.13979495680793536 0.14989554447678569 -1.0598322950884569 0.3203457999407359 0.23561764424131748 0.43595359771824516 
79 1 0.8407149139341158 1.2711157330946716 1.5193515987679382 1.356191979459459 1.7407469883572069 1.5001886875593047 1.0440989132567107 
80 1 -1.057963188543894 -1.0785504945777806 -0.6616339691772306 0.41079117637549195 -0.6009955114645426 -0.48699438051181804 -1.0142390777965573 
81 1 -1.3744095389568955 -1.25259984477574 -1.3717222936244948 1.04105837843147 -0.7545523966987556 -0.48699438051181804 -0.9206782600214087 
82 -1 -0.4250704877178907 -0.5564024439839024 -0.40803099616035055 0.0956575753475029 0.3587350212492892 -1.3902594114532374 0.5295144154933937 
83 -1 -0.5305526045222245 -0.5564024439839024 -0.7123545637806067 -0.6396541603844715 -0.7545523966987556 -1.5709124176415212 -0.26575253559536893 
84 1 1.1571612643471174 1.6192144334905905 2.0265575448016984 1.5662810468114516 2.0862499801341863 1.5001886875593047 1.3715617754697307 
85 1 -0.10862413730488905 -0.4693777688849226 -0.2558692123502225 -1.0598322950884569 0.20517813601507612 0.5969236566178853 0.3423927799430966 
86 1 -1.6908558893698973 -1.513673870072679 -1.6253252666413749 2.4066373162194226 -1.1768338310928415 0.23561764424131748 -1.5288235755598742 
87 -1 0.735232797129782 0.9230170326987528 0.5556603013037938 0.8309693110794774 -0.21710329837900985 -0.30634137432353414 -0.03185049115749759 
88 -1 0.735232797129782 0.6619430074018137 0.8092632743206739 -1.0598322950884569 -0.2554925196875631 0.5969236566178853 0.061710326617650954 
89 1 0.5242685635211142 -0.4693777688849226 -0.20514861774684645 -0.21947602568048616 -1.1768338310928415 0.23561764424131748 -1.4820431666723 
90 -1 0.41878644671678034 -0.03425439339002406 -0.15442802314347043 -0.8497432277364643 -1.1768338310928415 -0.30634137432353414 -0.6867762155835374 
91 -1 -0.003142020500555181 -0.03425439339002406 -0.40803099616035055 -1.1648768287644533 -0.3322709623046696 0.4162706504296014 -0.03185049115749759 
92 -1 0.735232797129782 0.7489676825007934 1.0121456527341781 -0.3245205593564825 -0.1403248557619033 -0.48699438051181804 0.6230752332685422 
93 1 -1.4798916557612294 -1.861772570468598 -1.523884077434623 -0.8497432277364643 -1.6375044867954807 -0.6676473867001019 -1.8562864377728943 
94 -1 1.4736076147601191 1.6192144334905905 1.3164692203544341 0.8309693110794774 0.7426272343348219 -0.30634137432353414 0.9973185043691364 
95 -1 1.0516791475427836 0.574918332302834 0.4034985174936658 -0.8497432277364643 -0.946498503241522 -0.30634137432353414 -0.6399958066959631 
96 -1 0.6297506803254481 0.4878936572038542 0.2006161390801617 -0.009386958328493455 -0.7545523966987556 -0.48699438051181804 -0.4060937622580918 
97 -1 -0.003142020500555181 0.22681963190691506 0.09917494987340966 -0.21947602568048616 -0.2554925196875631 0.05496463805303361 -0.03185049115749759 
98 -1 -0.21410625410922293 -0.2953284186869632 -0.8137957529873587 2.5116818498954188 -0.06354641314479677 0.23561764424131748 -0.4060937622580918 
99 -1 -0.10862413730488905 -0.03425439339002406 0.048454355270033646 -0.21947602568048616 0.7810164556433752 0.5969236566178853 0.7166360510436908 
100 1 -1.1634453053482279 -1.0785504945777806 -1.473163482831247 3.457082652979386 -0.40904940492177616 -1.3902594114532374 -1.3417019400095773 
101 -1 0.735232797129782 0.574918332302834 0.30205732828691373 -0.8497432277364643 -0.2554925196875631 -0.6676473867001019 0.061710326617650954 
102 1 -0.7415168381308923 -0.6434271190828821 -0.7123545637806067 1.04105837843147 0.0900104720894163 0.05496463805303361 -0.5932153978083888 
103 -1 -0.6360347213265585 -0.3823530937859429 -0.10370742854009442 -1.0598322950884569 0.7810164556433752 -0.6676473867001019 1.5586834110200276 
104 -1 -0.3195883709135568 -0.20830374358798348 0.09917494987340966 -1.0598322950884569 -0.40904940492177616 -1.0289533990766697 0.38917318883067087 
105 -1 -0.4250704877178907 -0.6434271190828821 -0.6616339691772306 -0.21947602568048616 -0.4858278475388827 -1.0289533990766697 0.15527114439279951 
106 1 -1.1634453053482279 -0.8174764692808415 -0.7630751583839827 0.20070210902349925 -0.4858278475388827 0.5969236566178853 -0.8738978511338346 
107 1 -0.003142020500555181 0.4008689821048745 0.7585426797172979 -1.5850549634684385 -0.6777739540816491 1.3195356813710208 0.15527114439279951 
108 -1 2.6339108996077916 2.2283871591834483 1.6715133825780664 -0.11443149200448981 -0.5626062901559893 -0.8483003928883858 -0.26575253559536893 
109 -1 0.5242685635211142 0.6619430074018137 0.2513367336835377 0.5158357100514883 -0.4858278475388827 0.23561764424131748 -0.5932153978083888 
110 -1 -0.3195883709135568 -0.2953284186869632 -0.15442802314347043 -1.0598322950884569 -1.100055388475735 0.05496463805303361 -0.780337033358686 
111 -1 0.6297506803254481 0.4008689821048745 0.30205732828691373 0.5158357100514883 -0.44743862623032943 -0.48699438051181804 -0.12541130893264613 
112 -1 -1.3744095389568955 -1.1655751696767602 -1.0673987260042388 0.3057466426994956 -0.40904940492177616 -1.7515654238298053 0.061710326617650954 
113 -1 1.0516791475427836 1.0100417077977324 0.6063808959071698 -0.9547877614124606 0.12839969339796958 -0.48699438051181804 0.9037576865939879 
114 1 -1.6908558893698973 -1.7747478953696183 -2.132531212675135 0.41079117637549195 -1.2152230524013947 -1.7515654238298053 -1.9030668466604685 
115 -1 0.8407149139341158 0.4878936572038542 0.2513367336835377 -1.4800104297924424 -0.6777739540816491 -1.0289533990766697 0.061710326617650954 
116 -1 -0.3195883709135568 -0.4693777688849226 -0.8137957529873587 -1.2699213624404495 -1.0232769458586284 1.3195356813710208 -0.6867762155835374 
117 -1 1.8955360819774547 1.5321897583916106 0.910704463527426 -0.5346096267084752 -0.40904940492177616 -0.6676473867001019 0.15527114439279951 
118 1 -0.21410625410922293 -0.20830374358798348 -0.15442802314347043 0.7259247774034809 1.7023577670486536 1.1388826751827368 0.43595359771824516 
119 -1 0.5242685635211142 0.7489676825007934 0.85998386892405 0.3057466426994956 1.049741004803248 0.958229668994453 1.0440989132567107 
120 -1 1.2626433811514512 0.8359923575997731 0.5049397067004178 -0.9547877614124606 0.20517813601507612 -0.6676473867001019 0.9505380954815621 
121 -1 0.20782221310811258 0.3138443070058948 0.4542191120970418 0.5158357100514883 -0.6009955114645426 -0.8483003928883858 -0.5464349889208145 
122 1 -1.2689274221525617 -0.9915258194788009 -0.9659575367974867 1.5662810468114516 -0.524217068847436 0.23561764424131748 -1.2013607133468545 
123 -1 0.31330432991244644 -0.03425439339002406 -0.2558692123502225 -0.5346096267084752 -0.6009955114645426 -0.12568836813525028 -0.4060937622580918 
124 -1 -0.003142020500555181 -0.4693777688849226 -0.5601927799704786 -1.1648768287644533 0.28195657863218265 -0.6676473867001019 0.8569772777064136 
125 1 -0.4250704877178907 -0.03425439339002406 0.09917494987340966 0.9360138447554737 0.6658487917177154 -0.12568836813525028 0.061710326617650954 
126 1 -0.6360347213265585 -0.4693777688849226 -0.5601927799704786 0.5158357100514883 -1.100055388475735 -0.6676473867001019 -1.80950602888532 
127 -1 0.1023400963037787 0.574918332302834 0.8092632743206739 0.9360138447554737 1.318465553963121 -0.48699438051181804 2.0264874998957705 
128 -1 -0.7415168381308923 -0.2953284186869632 -0.3065898069535985 -0.3245205593564825 -0.2554925196875631 -1.5709124176415212 0.5762948243809679 
129 -1 0.5242685635211142 0.13979495680793536 0.30205732828691373 -0.5346096267084752 -0.7161631753902024 -0.6676473867001019 -0.12541130893264613 
130 1 -1.901820122978565 -1.9487972455675777 -2.1832518072785114 1.7763701141634445 -1.3303907163270545 -1.9322184300180891 -2.0434080733231914 
131 1 0.20782221310811258 0.3138443070058948 0.4542191120970418 0.7259247774034809 1.318465553963121 1.5001886875593047 0.6230752332685422 
132 1 0.20782221310811258 0.4008689821048745 0.4034985174936658 -0.7446986940604678 -0.7929416180073089 0.05496463805303361 -0.8271174422462603 
133 1 -0.5305526045222245 -1.0785504945777806 -0.6616339691772306 -2.635500300228402 -1.0232769458586284 1.5001886875593047 -0.5464349889208145 
134 -1 0.735232797129782 0.7489676825007934 0.4034985174936658 0.0956575753475029 0.12839969339796958 -0.6676473867001019 0.5762948243809679 
135 -1 -0.3195883709135568 -0.4693777688849226 -0.8137957529873587 -0.8497432277364643 -1.0616661671671817 -0.6676473867001019 -0.8738978511338346 
136 -1 -0.10862413730488905 -0.20830374358798348 -0.3065898069535985 -0.3245205593564825 0.20517813601507612 -1.0289533990766697 0.7166360510436908 
137 -1 -0.003142020500555181 0.05277028170895565 -0.20514861774684645 -0.42956509303247886 -1.0232769458586284 0.7775766628061691 -1.1545803044592802 
138 -1 0.41878644671678034 0.05277028170895565 -0.3573104015569745 2.1965482488674297 0.7042380130262686 -1.3902594114532374 0.7634164599312651 
139 -1 0.20782221310811258 -0.12127906848900377 -0.2558692123502225 2.1965482488674297 -0.2554925196875631 -1.5709124176415212 -0.4996545800332403 
140 1 -0.6360347213265585 -0.4693777688849226 -0.3065898069535985 0.6208802437274846 0.9345733408775883 0.4162706504296014 0.38917318883067087 
141 1 0.735232797129782 0.7489676825007934 1.062866247337554 0.6208802437274846 1.8175254309743134 1.6808416937475885 1.5119030021324533 
142 1 -0.7415168381308923 -0.4693777688849226 -0.10370742854009442 -2.4254112328764093 -1.5223368228698209 2.22280071231244 -0.8738978511338346 
143 -1 -0.21410625410922293 -0.2953284186869632 -0.6109133745738546 0.9360138447554737 0.01323202947230977 -1.2096064052649536 -0.5464349889208145 
144 -1 -0.10862413730488905 -0.12127906848900377 0.048454355270033646 -0.11443149200448981 0.5122919064835022 0.4162706504296014 0.29561237105552235 
145 1 0.735232797129782 0.4878936572038542 1.164307436544306 0.3057466426994956 2.047860758825633 0.23561764424131748 1.278000957694582 
146 -1 -0.9524810717395601 -0.9045011443798212 -0.8645163475907347 -0.21947602568048616 -1.0616661671671817 -0.6676473867001019 -0.9206782600214087 
147 1 0.20782221310811258 -0.20830374358798348 0.2006161390801617 -0.3245205593564825 1.625579324431547 0.5969236566178853 1.090879322144285 
148 -1 -1.057963188543894 -1.0785504945777806 -1.0673987260042388 -0.42956509303247886 -0.29388174099611636 -1.5709124176415212 0.10849073550522523 
149 -1 0.31330432991244644 -0.12127906848900377 -0.3065898069535985 -0.11443149200448981 -0.3322709623046696 -1.0289533990766697 0.20205155328037377 
150 -1 -0.21410625410922293 -0.20830374358798348 0.2513367336835377 0.8309693110794774 0.473902685174949 -1.3902594114532374 0.9037576865939879 
151 1 -1.6908558893698973 -1.1655751696767602 -1.422442888227871 0.9360138447554737 -0.1403248557619033 -1.0289533990766697 -1.0610194866841316 
152 -1 -0.10862413730488905 0.05277028170895565 -0.10370742854009442 -0.5346096267084752 -0.3322709623046696 -0.30634137432353414 -0.3593133533705175 
153 1 1.1571612643471174 1.3581404081936512 1.6207927879746902 0.7259247774034809 2.1246392014427395 1.6808416937475885 1.6522442287951762 
154 1 0.735232797129782 0.4008689821048745 0.09917494987340966 0.41079117637549195 -0.6777739540816491 0.7775766628061691 -0.5464349889208145 
155 -1 0.20782221310811258 -0.03425439339002406 0.09917494987340966 -0.42956509303247886 -0.3322709623046696 -0.8483003928883858 0.10849073550522523 
156 1 0.20782221310811258 0.4878936572038542 0.35277792289028975 0.0956575753475029 -0.6009955114645426 0.7775766628061691 -0.9206782600214087 
157 -1 0.20782221310811258 0.22681963190691506 -0.3573104015569745 0.3057466426994956 -0.7545523966987556 -0.48699438051181804 -0.5932153978083888 
158 1 -0.10862413730488905 0.05277028170895565 0.35277792289028975 -2.005233098172424 -0.8697200606244154 1.6808416937475885 -0.3593133533705175 
159 1 -0.6360347213265585 -0.4693777688849226 0.09917494987340966 -0.42956509303247886 0.28195657863218265 -1.2096064052649536 0.43595359771824516 
160 1 0.20782221310811258 0.13979495680793536 -0.8645163475907347 1.356191979459459 -0.1403248557619033 -1.5709124176415212 -0.07863090004507187 
161 -1 0.31330432991244644 1.3581404081936512 2.5337634908354585 1.4612365131354554 2.8540344063052516 0.23561764424131748 4.084825490949038 
162 -1 -0.21410625410922293 -0.12127906848900377 0.8092632743206739 0.0956575753475029 1.0881302261118013 -0.30634137432353414 1.8393658643454733 
163 1 -1.7963380061742311 -2.0358219206665575 -2.031090023468383 0.7259247774034809 -0.9848877245500752 -0.8483003928883858 -1.7159452111101714 
164 -1 2.1065003155861226 1.8802884587875295 1.5193515987679382 0.8309693110794774 0.3587350212492892 -0.30634137432353414 0.6698556421561165 
165 1 0.5242685635211142 0.4878936572038542 0.6063808959071698 0.3057466426994956 1.7791362096657601 1.3195356813710208 1.605463819907602 
166 1 0.41878644671678034 0.4008689821048745 0.5049397067004178 0.3057466426994956 0.39712424255784246 1.1388826751827368 0.3423927799430966 
167 1 0.41878644671678034 0.7489676825007934 0.910704463527426 0.5158357100514883 1.5104116605058873 1.1388826751827368 1.0440989132567107 
168 -1 1.1571612643471174 0.574918332302834 0.4034985174936658 -0.8497432277364643 -1.0616661671671817 -0.8483003928883858 -0.8271174422462603 
169 -1 -0.5305526045222245 -0.3823530937859429 -0.15442802314347043 -0.3245205593564825 0.5890703491006088 -0.6676473867001019 0.20205155328037377 
170 1 1.3681254979557853 2.402436509381408 3.091690031472595 2.826815450923408 3.314705062007891 1.3195356813710208 2.2603895443336417 
171 1 -0.5305526045222245 -0.20830374358798348 -0.0022662393333423726 0.8309693110794774 -0.2554925196875631 0.958229668994453 -0.5932153978083888 
172 -1 1.579089731564453 1.3581404081936512 0.85998386892405 -1.4800104297924424 -0.5626062901559893 -0.30634137432353414 -0.03185049115749759 
173 1 1.6845718483687868 1.7932637836885499 2.2294399232152027 0.9360138447554737 1.5104116605058873 0.05496463805303361 1.3715617754697307 
174 1 -1.7963380061742311 -2.0358219206665575 -1.9296488342616311 0.5158357100514883 -1.100055388475735 -1.0289533990766697 -1.5288235755598742 
175 -1 -0.5305526045222245 -0.6434271190828821 -0.5601927799704786 -2.005233098172424 -0.9848877245500752 -0.48699438051181804 -0.3125329444829432 
176 1 1.2626433811514512 1.445165083292631 1.7729545717848183 -0.21947602568048616 1.0881302261118013 0.4162706504296014 2.2603895443336417 
177 1 -0.6360347213265585 -0.5564024439839024 -0.6109133745738546 0.7259247774034809 0.7426272343348219 0.4162706504296014 0.014929917730076684 
178 -1 0.735232797129782 0.4878936572038542 0.14989554447678569 -0.11443149200448981 -0.21710329837900985 0.05496463805303361 -0.1721917178202204 
179 1 -0.21410625410922293 0.13979495680793536 -0.0022662393333423726 1.986459181515437 0.8194056769519285 1.8614946999358724 0.10849073550522523 
180 -1 -0.10862413730488905 -0.3823530937859429 -0.45875159076372657 -1.5850549634684385 -0.9081092819329687 -0.48699438051181804 -0.6867762155835374 
181 1 0.41878644671678034 0.4008689821048745 0.85998386892405 0.41079117637549195 1.6639685457401003 1.6808416937475885 1.1844401399194335 
182 -1 -0.6360347213265585 -0.9045011443798212 -0.9152369421941107 -1.1648768287644533 -0.6009955114645426 -1.2096064052649536 -0.5932153978083888 
183 1 -0.9524810717395601 -0.9045011443798212 -1.1688399152109907 0.20070210902349925 -0.1403248557619033 -0.8483003928883858 -0.26575253559536893 
184 -1 -0.21410625410922293 -0.2953284186869632 -0.15442802314347043 0.6208802437274846 -0.10193563445335004 -0.6676473867001019 0.20205155328037377 
185 1 -1.057963188543894 -0.8174764692808415 -0.6616339691772306 -0.5346096267084752 -0.3706601836132229 0.7775766628061691 -0.26575253559536893 
186 -1 -0.3195883709135568 0.05277028170895565 -0.20514861774684645 0.3057466426994956 0.16678891470652285 -0.8483003928883858 0.38917318883067087 
187 -1 -0.4250704877178907 -0.20830374358798348 0.2006161390801617 -0.21947602568048616 0.6658487917177154 0.23561764424131748 0.6698556421561165 
188 1 1.0516791475427836 1.0100417077977324 1.417910409561186 -0.11443149200448981 1.5488008818144405 0.958229668994453 1.4651225932448793 
189 -1 0.20782221310811258 -0.03425439339002406 -0.15442802314347043 -0.9547877614124606 -0.7929416180073089 0.23561764424131748 -0.5464349889208145 
190 1 0.31330432991244644 0.3138443070058948 0.5049397067004178 -0.21947602568048616 1.2032978900374611 1.6808416937475885 1.090879322144285 
191 -1 -0.3195883709135568 -1.0785504945777806 -1.0673987260042388 -1.5850549634684385 -1.100055388475735 -0.8483003928883858 -0.6867762155835374 
192 -1 0.41878644671678034 0.4878936572038542 0.2513367336835377 0.5158357100514883 0.0900104720894163 -0.6676473867001019 0.24883196216794806 
193 1 -2.007302239782899 -1.9487972455675777 -1.9296488342616311 0.8309693110794774 -0.8313308393158622 0.4162706504296014 -1.6223843933350228 
194 1 -1.2689274221525617 -0.9915258194788009 -1.219560509814367 2.1965482488674297 -0.17871407707045656 -1.0289533990766697 -0.5932153978083888 
195 -1 -0.10862413730488905 -0.03425439339002406 -0.0022662393333423726 -0.009386958328493455 0.05162125078086304 -0.48699438051181804 0.3423927799430966 
196 1 -0.21410625410922293 0.05277028170895565 0.4034985174936658 -0.21947602568048616 1.0881302261118013 0.4162706504296014 0.6230752332685422 
197 -1 -0.7415168381308923 -0.6434271190828821 -0.7630751583839827 0.41079117637549195 -0.06354641314479677 0.4162706504296014 -0.5464349889208145 
198 -1 -1.057963188543894 -0.8174764692808415 -0.8137957529873587 0.8309693110794774 -0.44743862623032943 -0.6676473867001019 -0.3593133533705175 
199 1 -0.4250704877178907 -0.3823530937859429 -0.5094721853671026 1.1461029121074664 1.1649086687289079 0.5969236566178853 0.43595359771824516 
200 -1 -1.2689274221525617 -1.25259984477574 -1.3717222936244948 -0.6396541603844715 -1.3687799376356078 -0.8483003928883858 -1.435262757784726 
201 -1 1.4736076147601191 1.3581404081936512 1.5700721933713142 0.3057466426994956 1.5104116605058873 0.958229668994453 1.6990246376827505 
202 -1 0.9461970307384497 0.3138443070058948 0.35277792289028975 -2.11027763184842 -1.0616661671671817 0.23561764424131748 -0.3593133533705175 
203 -1 -0.003142020500555181 0.05277028170895565 -0.0022662393333423726 0.0956575753475029 -0.7161631753902024 -0.6676473867001019 -0.7335566244711117 
204 -1 0.1023400963037787 -0.12127906848900377 -0.0022662393333423726 0.3057466426994956 -0.10193563445335004 -0.12568836813525028 0.15527114439279951 
205 -1 -0.21410625410922293 0.13979495680793536 0.30205732828691373 -0.11443149200448981 0.28195657863218265 0.23561764424131748 0.6698556421561165 
206 -1 1.4736076147601191 1.6192144334905905 1.164307436544306 -1.374965896116446 -0.40904940492177616 0.05496463805303361 0.29561237105552235 
207 1 0.31330432991244644 0.4008689821048745 0.4034985174936658 0.5158357100514883 1.1649086687289079 0.7775766628061691 0.9037576865939879 
208 1 -0.003142020500555181 0.574918332302834 1.062866247337554 1.04105837843147 2.163028422751293 1.1388826751827368 1.7458050465703248 
209 -1 -1.3744095389568955 -1.4266491949736995 -1.422442888227871 -0.009386958328493455 -0.8313308393158622 -1.5709124176415212 -0.6399958066959631 
210 1 0.20782221310811258 0.4878936572038542 0.6063808959071698 -0.21947602568048616 0.5506811277920556 2.0421477061241564 0.9505380954815621 
211 1 0.9461970307384497 0.6619430074018137 1.0121456527341781 0.0956575753475029 2.623699078453932 1.8614946999358724 1.8393658643454733 
212 -1 -0.5305526045222245 -0.4693777688849226 -0.3573104015569745 0.3057466426994956 -0.2554925196875631 -1.2096064052649536 -0.5464349889208145 
213 1 -0.7415168381308923 -0.7304517941818618 -0.7630751583839827 1.04105837843147 0.16678891470652285 -0.30634137432353414 -0.26575253559536893 
214 1 -1.6908558893698973 -1.7747478953696183 -1.980369428865007 0.3057466426994956 -1.4839476015612676 -1.5709124176415212 -1.9966276644356171 
215 1 0.31330432991244644 0.22681963190691506 0.4034985174936658 0.41079117637549195 0.3587350212492892 1.3195356813710208 -0.21897212670779467 
216 1 -0.8469989549352263 -1.1655751696767602 -1.1181193206076148 -0.42956509303247886 0.3203457999407359 -0.12568836813525028 -0.1721917178202204 
217 -1 0.6297506803254481 0.6619430074018137 0.4034985174936658 -0.21947602568048616 -0.10193563445335004 -0.48699438051181804 0.10849073550522523 
218 -1 -0.10862413730488905 0.05277028170895565 0.09917494987340966 0.0956575753475029 -0.21710329837900985 1.5001886875593047 0.014929917730076684 
219 1 0.6297506803254481 1.0100417077977324 1.11358684194093 -0.21947602568048616 1.2800763326545677 1.1388826751827368 1.278000957694582 
220 1 0.31330432991244644 0.22681963190691506 0.2006161390801617 -0.3245205593564825 1.2416871113460144 1.1388826751827368 0.7166360510436908 
221 -1 0.1023400963037787 -0.3823530937859429 -0.6109133745738546 -1.374965896116446 -1.407169158944161 0.23561764424131748 -0.7335566244711117 
222 -1 -0.3195883709135568 -0.2953284186869632 -0.2558692123502225 -0.5346096267084752 -0.3706601836132229 0.23561764424131748 -0.3593133533705175 
223 -1 0.31330432991244644 -0.12127906848900377 -0.3065898069535985 -0.7446986940604678 -0.1403248557619033 -0.8483003928883858 0.10849073550522523 
224 -1 -0.4250704877178907 -0.20830374358798348 0.048454355270033646 0.0956575753475029 0.6274595704091621 1.1388826751827368 0.3423927799430966 
225 -1 0.20782221310811258 -0.20830374358798348 -0.20514861774684645 -1.1648768287644533 -0.17871407707045656 -0.6676473867001019 0.24883196216794806 
226 1 0.5242685635211142 0.7489676825007934 0.910704463527426 -0.21947602568048616 1.049741004803248 1.6808416937475885 1.3715617754697307 
227 1 -1.7963380061742311 -1.7747478953696183 -1.828207645054879 0.41079117637549195 -0.7545523966987556 1.1388826751827368 -1.7627256199977457 
228 1 0.735232797129782 0.8359923575997731 1.215028031147682 -0.5346096267084752 0.9729625621861415 1.3195356813710208 1.1376597310318592 
229 1 -1.5853737725655634 -1.6006985451716589 -1.980369428865007 0.20070210902349925 -1.1768338310928415 -1.5709124176415212 -1.7159452111101714 
230 1 0.1023400963037787 -0.03425439339002406 0.09917494987340966 -2.11027763184842 -1.100055388475735 0.5969236566178853 -0.5464349889208145 
231 1 -1.6908558893698973 -1.4266491949736995 -1.777487050451503 1.7763701141634445 -0.6393847327730958 -0.6676473867001019 -1.435262757784726 
232 1 -0.9524810717395601 -0.8174764692808415 -1.0673987260042388 -0.42956509303247886 -0.7929416180073089 -0.48699438051181804 -1.1545803044592802 
233 1 -0.3195883709135568 -0.2953284186869632 0.09917494987340966 -0.9547877614124606 -0.29388174099611636 2.0421477061241564 -0.3125329444829432 
234 -1 -0.10862413730488905 0.13979495680793536 0.048454355270033646 0.5158357100514883 0.16678891470652285 -0.12568836813525028 0.20205155328037377 
235 1 2.0010181987817885 1.445165083292631 0.4542191120970418 0.8309693110794774 -0.5626062901559893 -1.2096064052649536 -0.12541130893264613 
236 1 -1.057963188543894 -1.7747478953696183 -1.726766455848127 -0.21947602568048616 -1.2920014950185013 -1.7515654238298053 -1.294921531122003 
237 -1 -0.4250704877178907 -0.3823530937859429 -0.3065898069535985 -0.5346096267084752 -0.6009955114645426 1.1388826751827368 -0.8738978511338346 
238 1 0.31330432991244644 0.574918332302834 0.4542191120970418 0.5158357100514883 0.39712424255784246 1.5001886875593047 0.38917318883067087 
239 -1 0.1023400963037787 0.13979495680793536 0.2006161390801617 -0.5346096267084752 0.9729625621861415 0.7775766628061691 0.8569772777064136 
240 1 0.735232797129782 1.2711157330946716 1.3671898149578101 0.8309693110794774 1.7407469883572069 1.5001886875593047 1.2312205488070078 
241 -1 0.5242685635211142 0.4008689821048745 0.2006161390801617 -0.11443149200448981 -0.21710329837900985 -1.0289533990766697 -0.452874171145666 
242 -1 0.6297506803254481 0.7489676825007934 0.2006161390801617 -1.2699213624404495 -0.5626062901559893 1.1388826751827368 -0.03185049115749759 
243 1 0.31330432991244644 0.9230170326987528 1.11358684194093 0.5158357100514883 1.1649086687289079 0.7775766628061691 1.3715617754697307 
244 1 -0.4250704877178907 -0.7304517941818618 -0.6109133745738546 -0.009386958328493455 -1.675893708104034 -0.6676473867001019 -1.8562864377728943 
245 1 -0.9524810717395601 -1.25259984477574 -1.1688399152109907 -0.3245205593564825 -1.1384446097842882 -0.8483003928883858 -1.0142390777965573 
246 1 -1.5853737725655634 -1.3396245198747196 -1.523884077434623 1.356191979459459 -0.9848877245500752 -1.5709124176415212 -1.7627256199977457 
247 -1 -0.10862413730488905 -0.2953284186869632 -0.3573104015569745 0.5158357100514883 -0.6393847327730958 -0.6676473867001019 -0.967458668908983 
248 -1 3.266803600433795 1.2711157330946716 -0.7123545637806067 -1.2699213624404495 -1.4455583802527143 -1.0289533990766697 -1.3417019400095773 
249 1 0.735232797129782 0.574918332302834 0.7078220851139219 -0.009386958328493455 -1.0616661671671817 -0.30634137432353414 -0.9206782600214087 
250 1 -1.1634453053482279 -1.0785504945777806 -1.0673987260042388 -0.6396541603844715 -0.6009955114645426 -1.0289533990766697 -0.8738978511338346 
251 -1 0.6297506803254481 0.8359923575997731 0.4034985174936658 1.1461029121074664 -0.3322709623046696 -1.0289533990766697 -1.0142390777965573 
252 1 -0.6360347213265585 -0.7304517941818618 -0.6616339691772306 -0.21947602568048616 0.7810164556433752 0.5969236566178853 0.20205155328037377 
253 -1 4.0051784180641326 4.491028711756921 4.004660734333363 2.5116818498954188 3.1611481767736778 0.23561764424131748 3.850923446511167 
254 -1 1.0516791475427836 1.1840910579956918 0.910704463527426 1.4612365131354554 1.1649086687289079 0.05496463805303361 0.8569772777064136 
255 1 -0.6360347213265585 -0.6434271190828821 -0.3065898069535985 -0.21947602568048616 0.01323202947230977 -0.8483003928883858 -0.3125329444829432 
256 1 0.41878644671678034 0.4008689821048745 0.30205732828691373 -0.11443149200448981 0.0900104720894163 0.05496463805303361 0.29561237105552235 
257 -1 -0.5305526045222245 -0.9915258194788009 -0.9659575367974867 -0.6396541603844715 -1.100055388475735 -0.30634137432353414 -1.0610194866841316 
258 1 0.5242685635211142 0.4878936572038542 0.7585426797172979 -0.009386958328493455 1.0881302261118013 1.3195356813710208 1.0440989132567107 
259 -1 0.9461970307384497 0.8359923575997731 0.85998386892405 -0.5346096267084752 0.39712424255784246 -0.48699438051181804 0.6230752332685422 
260 1 -1.5853737725655634 -1.7747478953696183 -1.726766455848127 -1.1648768287644533 -1.5223368228698209 -1.3902594114532374 -1.7159452111101714 
261 -1 0.31330432991244644 -0.12127906848900377 -0.0022662393333423726 -0.5346096267084752 -0.3322709623046696 -1.3902594114532374 -0.1721917178202204 
262 1 0.5242685635211142 0.13979495680793536 0.7078220851139219 -0.7446986940604678 1.2416871113460144 0.958229668994453 1.278000957694582 
263 -1 -0.9524810717395601 -0.9915258194788009 -0.9659575367974867 1.1461029121074664 -0.1403248557619033 0.23561764424131748 -0.5932153978083888 
264 1 -1.3744095389568955 -1.0785504945777806 -1.0166781314008628 -0.5346096267084752 -1.253612273709948 -0.12568836813525028 -1.2013607133468545 
265 1 0.5242685635211142 0.3138443070058948 0.5049397067004178 0.3057466426994956 1.3952439965802275 2.0421477061241564 0.6698556421561165 
266 -1 -0.003142020500555181 -0.20830374358798348 -0.15442802314347043 -0.6396541603844715 0.24356735732362939 0.23561764424131748 0.5295144154933937 
267 -1 -0.4250704877178907 -0.4693777688849226 -0.5094721853671026 0.41079117637549195 0.28195657863218265 -1.0289533990766697 0.3423927799430966 
268 -1 0.6297506803254481 0.3138443070058948 0.30205732828691373 -0.8497432277364643 -0.524217068847436 -0.8483003928883858 -0.07863090004507187 
269 1 -0.3195883709135568 -0.7304517941818618 -0.40803099616035055 -1.0598322950884569 0.8194056769519285 0.4162706504296014 0.6230752332685422 
270 1 0.735232797129782 1.0100417077977324 1.164307436544306 0.0956575753475029 1.9326930948999732 1.5001886875593047 1.605463819907602 
271 -1 0.31330432991244644 0.13979495680793536 0.6571014905105459 -0.6396541603844715 0.5890703491006088 -1.0289533990766697 1.605463819907602 
272 -1 0.5242685635211142 -0.03425439339002406 -0.2558692123502225 -1.9001885644964276 -1.2152230524013947 -0.6676473867001019 -0.4996545800332403 
273 1 -0.21410625410922293 -0.4693777688849226 -0.6616339691772306 -0.21947602568048616 -0.9081092819329687 -0.8483003928883858 -0.4996545800332403 
274 -1 1.1571612643471174 1.2711157330946716 1.0121456527341781 1.5662810468114516 1.2416871113460144 0.05496463805303361 1.605463819907602 
275 1 -1.1634453053482279 -0.9045011443798212 -1.0673987260042388 1.1461029121074664 -0.6009955114645426 -0.12568836813525028 -1.0610194866841316 
276 -1 -1.1634453053482279 -0.9915258194788009 -0.9152369421941107 0.6208802437274846 -0.4858278475388827 -0.6676473867001019 -0.6867762155835374 
277 -1 1.7900539651731207 1.6192144334905905 1.164307436544306 -0.3245205593564825 -0.025157191836243497 -0.48699438051181804 0.4827340066058194 
278 -1 0.5242685635211142 0.4878936572038542 0.30205732828691373 -0.5346096267084752 -0.7545523966987556 -0.6676473867001019 -0.21897212670779467 
279 -1 1.2626433811514512 0.8359923575997731 1.0121456527341781 -0.5346096267084752 -0.2554925196875631 -0.12568836813525028 0.3423927799430966 
280 -1 -0.10862413730488905 0.22681963190691506 -0.0022662393333423726 1.04105837843147 0.5506811277920556 -1.0289533990766697 0.4827340066058194 
281 -1 0.735232797129782 0.574918332302834 0.2006161390801617 -1.5850549634684385 -0.44743862623032943 0.05496463805303361 0.061710326617650954 
282 -1 6.220302870955144 5.709374163142637 3.193131220679347 0.9360138447554737 0.7810164556433752 0.7775766628061691 1.6522442287951762 
283 -1 0.20782221310811258 0.05277028170895565 0.14989554447678569 -0.009386958328493455 -1.0232769458586284 -0.6676473867001019 -0.9206782600214087 
284 -1 -0.3195883709135568 -0.5564024439839024 -0.7123545637806067 -1.7951440308204314 -2.09817514249812 -0.8483003928883858 -1.9030668466604685 
285 1 -0.21410625410922293 0.05277028170895565 0.5049397067004178 -0.8497432277364643 0.20517813601507612 0.958229668994453 -0.12541130893264613 
286 -1 -0.7415168381308923 -0.2953284186869632 0.09917494987340966 0.20070210902349925 -0.6009955114645426 -1.0289533990766697 -0.26575253559536893 
287 1 -0.003142020500555181 -0.20830374358798348 0.30205732828691373 0.5158357100514883 1.4336332178887807 1.3195356813710208 0.9973185043691364 
288 -1 1.8955360819774547 1.9673131338865093 1.8743957609915705 1.8814146478394407 0.5506811277920556 1.1388826751827368 0.24883196216794806 
289 -1 2.8448751332164597 1.9673131338865093 1.3164692203544341 0.5158357100514883 0.5122919064835022 -0.8483003928883858 1.090879322144285 
290 -1 1.4736076147601191 2.054337808985489 2.2294399232152027 1.671325580487448 1.1265194474203546 0.4162706504296014 1.090879322144285 
291 1 -1.901820122978565 -2.0358219206665575 -2.031090023468383 0.3057466426994956 -1.407169158944161 -1.5709124176415212 -1.7159452111101714 
292 1 -0.21410625410922293 -0.4693777688849226 -0.3573104015569745 -0.11443149200448981 -0.025157191836243497 -0.6676473867001019 -0.3593133533705175 
293 1 0.6297506803254481 0.9230170326987528 1.3671898149578101 -0.8497432277364643 -0.06354641314479677 1.8614946999358724 0.6230752332685422 
294 1 0.8407149139341158 1.0970663828967122 1.417910409561186 0.6208802437274846 1.3952439965802275 1.1388826751827368 0.8569772777064136 
295 1 0.31330432991244644 0.4878936572038542 0.910704463527426 -0.11443149200448981 0.6274595704091621 0.05496463805303361 0.6698556421561165 
296 -1 -0.10862413730488905 -0.3823530937859429 -0.052986833936718394 0.20070210902349925 -0.40904940492177616 0.05496463805303361 -0.4060937622580918 
297 1 -1.3744095389568955 -1.4266491949736995 -1.574604672037999 0.8309693110794774 1.5104116605058873 -0.30634137432353414 -1.3884823488971516 
298 1 -0.4250704877178907 0.13979495680793536 0.048454355270033646 -0.42956509303247886 -0.44743862623032943 1.5001886875593047 -0.452874171145666 
299 1 -0.21410625410922293 -0.20830374358798348 -0.0022662393333423726 -0.42956509303247886 -0.06354641314479677 0.05496463805303361 -0.26575253559536893 
300 1 0.6297506803254481 1.3581404081936512 1.3164692203544341 1.04105837843147 0.3203457999407359 2.0421477061241564 0.29561237105552235 
301 -1 1.7900539651731207 1.445165083292631 0.910704463527426 -0.3245205593564825 0.20517813601507612 -0.6676473867001019 0.6698556421561165 
302 1 -1.2689274221525617 -1.1655751696767602 -1.0166781314008628 -0.42956509303247886 0.39712424255784246 -1.5709124176415212 -0.3593133533705175 
303 1 -2.1127843565872326 -1.9487972455675777 -2.031090023468383 -0.6396541603844715 -1.3687799376356078 -1.7515654238298053 -1.6223843933350228 
304 -1 0.5242685635211142 -0.03425439339002406 -0.2558692123502225 -1.9001885644964276 -1.3303907163270545 0.05496463805303361 -0.8738978511338346 
305 1 0.735232797129782 0.6619430074018137 0.910704463527426 0.0956575753475029 0.5506811277920556 1.1388826751827368 0.20205155328037377 
306 -1 0.9461970307384497 0.574918332302834 -0.15442802314347043 0.3057466426994956 -1.1384446097842882 -1.0289533990766697 -1.1077998955717059 
307 1 -0.003142020500555181 0.4008689821048745 0.5556603013037938 1.356191979459459 2.163028422751293 1.3195356813710208 1.5586834110200276 
308 1 -0.003142020500555181 0.4008689821048745 0.6571014905105459 0.7259247774034809 -1.4839476015612676 0.5969236566178853 -1.9030668466604685 
309 1 -1.7963380061742311 -1.861772570468598 -1.828207645054879 0.5158357100514883 -1.98300747857246 -1.2096064052649536 -2.183749299985914 
310 1 0.8407149139341158 1.0100417077977324 1.062866247337554 0.7259247774034809 2.3933637506026124 1.3195356813710208 1.6990246376827505 
311 1 -1.2689274221525617 -1.4266491949736995 -1.777487050451503 1.4612365131354554 -0.7161631753902024 -0.8483003928883858 -1.2481411222344287 
312 -1 0.1023400963037787 0.4878936572038542 0.09917494987340966 -0.8497432277364643 -0.8697200606244154 -0.6676473867001019 -0.3125329444829432 
313 1 -0.8469989549352263 -0.9045011443798212 -0.2558692123502225 -2.7405448339043983 -1.1384446097842882 1.6808416937475885 -0.3593133533705175 
314 1 -0.003142020500555181 0.13979495680793536 0.4542191120970418 -0.42956509303247886 1.2032978900374611 1.6808416937475885 1.1844401399194335 
315 -1 -0.5305526045222245 -0.4693777688849226 -0.2558692123502225 0.5158357100514883 -0.025157191836243497 0.05496463805303361 -0.3125329444829432 
316 -1 0.31330432991244644 0.3138443070058948 0.6571014905105459 0.0956575753475029 0.5890703491006088 -0.48699438051181804 1.3715617754697307 
317 1 -0.8469989549352263 -0.4693777688849226 -0.052986833936718394 -2.320366699200413 -1.253612273709948 1.1388826751827368 -0.6399958066959631 
318 -1 -0.21410625410922293 0.3138443070058948 -0.3573104015569745 -0.009386958328493455 -0.1403248557619033 0.05496463805303361 0.014929917730076684 
319 1 0.5242685635211142 0.7489676825007934 1.164307436544306 0.41079117637549195 1.7407469883572069 0.4162706504296014 0.9973185043691364 
320 -1 0.8407149139341158 0.6619430074018137 0.6063808959071698 -0.11443149200448981 -0.2554925196875631 -0.6676473867001019 0.29561237105552235 
321 -1 -0.4250704877178907 -0.3823530937859429 -0.2558692123502225 -0.7446986940604678 0.01323202947230977 -0.12568836813525028 -0.1721917178202204 
322 -1 0.31330432991244644 0.4008689821048745 0.5049397067004178 -0.5346096267084752 -0.2554925196875631 -0.48699438051181804 0.24883196216794806 
323 1 -0.8469989549352263 -0.3823530937859429 -0.5094721853671026 2.5116818498954188 0.473902685174949 0.7775766628061691 -0.26575253559536893 
324 -1 0.5242685635211142 0.4008689821048745 0.35277792289028975 0.0956575753475029 0.28195657863218265 -0.48699438051181804 0.5295144154933937 
325 -1 -0.21410625410922293 -0.8174764692808415 -0.6109133745738546 -0.11443149200448981 -0.524217068847436 -1.0289533990766697 -0.452874171145666 
326 -1 1.6845718483687868 1.0100417077977324 0.4034985174936658 -1.690099497144435 -0.40904940492177616 0.5969236566178853 0.4827340066058194 
327 1 -1.2689274221525617 -1.0785504945777806 -1.1688399152109907 -0.11443149200448981 -0.7545523966987556 -1.2096064052649536 -0.452874171145666 
328 1 -1.2689274221525617 -1.3396245198747196 -1.523884077434623 2.3015927825434264 -0.7161631753902024 -1.0289533990766697 -1.5288235755598742 
329 -1 0.1023400963037787 -0.03425439339002406 0.5556603013037938 -0.8497432277364643 0.01323202947230977 0.05496463805303361 0.15527114439279951 
330 -1 1.2626433811514512 0.574918332302834 0.2513367336835377 -2.320366699200413 -1.0616661671671817 1.1388826751827368 -0.452874171145666 
331 -1 -0.4250704877178907 -0.03425439339002406 -0.3573104015569745 1.1461029121074664 -1.0232769458586284 -1.2096064052649536 -1.1545803044592802 
332 -1 -0.6360347213265585 -0.9045011443798212 -0.8137957529873587 0.9360138447554737 -0.3706601836132229 -0.6676473867001019 -0.452874171145666 
333 1 -1.4798916557612294 -1.3396245198747196 -1.473163482831247 0.41079117637549195 -1.100055388475735 -0.12568836813525028 -1.5288235755598742 
334 -1 0.20782221310811258 0.05277028170895565 -0.0022662393333423726 -0.9547877614124606 -0.06354641314479677 -0.30634137432353414 -0.07863090004507187 
335 1 -1.057963188543894 -0.6434271190828821 -0.5094721853671026 -0.009386958328493455 -1.1768338310928415 -0.8483003928883858 -1.3884823488971516 
336 1 -0.9524810717395601 -0.7304517941818618 -0.45875159076372657 -1.1648768287644533 -0.6009955114645426 0.958229668994453 -0.5464349889208145 
337 -1 1.0516791475427836 0.6619430074018137 0.30205732828691373 -1.1648768287644533 -0.40904940492177616 0.05496463805303361 -0.12541130893264613 
338 1 -0.003142020500555181 -0.03425439339002406 0.09917494987340966 0.20070210902349925 1.3952439965802275 0.5969236566178853 0.8101968688188393 
339 -1 0.5242685635211142 0.574918332302834 0.8092632743206739 0.0956575753475029 1.0113517834946948 1.3195356813710208 1.5119030021324533 
340 1 0.1023400963037787 0.05277028170895565 0.4542191120970418 -2.11027763184842 -0.8313308393158622 1.3195356813710208 -0.03185049115749759 
341 1 -1.4798916557612294 -1.25259984477574 -1.270281104417743 0.7259247774034809 -0.6393847327730958 0.23561764424131748 -1.2013607133468545 
342 1 -0.6360347213265585 -0.3823530937859429 -0.40803099616035055 0.41079117637549195 1.0881302261118013 -1.0289533990766697 0.4827340066058194 
343 -1 0.6297506803254481 0.3138443070058948 0.30205732828691373 -0.8497432277364643 -0.524217068847436 -0.8483003928883858 -0.07863090004507187 
344 1 -0.4250704877178907 -0.20830374358798348 -0.052986833936718394 -1.5850549634684385 0.7810164556433752 1.1388826751827368 1.278000957694582 
345 1 0.20782221310811258 0.22681963190691506 0.14989554447678569 0.0956575753475029 1.2800763326545677 0.05496463805303361 0.8101968688188393 
346 1 0.5242685635211142 0.6619430074018137 0.6063808959071698 0.3057466426994956 1.5104116605058873 1.8614946999358724 1.090879322144285 
347 -1 -1.2689274221525617 -1.4266491949736995 -1.219560509814367 -0.7446986940604678 -1.3687799376356078 -0.8483003928883858 -1.294921531122003 
348 -1 0.1023400963037787 -0.3823530937859429 -0.052986833936718394 -1.5850549634684385 -1.100055388475735 0.05496463805303361 -0.6399958066959631 
349 -1 2.0010181987817885 1.8802884587875295 1.6207927879746902 -0.009386958328493455 0.6274595704091621 0.4162706504296014 0.9505380954815621 
350 -1 0.31330432991244644 0.3138443070058948 0.09917494987340966 -0.11443149200448981 -0.025157191836243497 0.05496463805303361 0.24883196216794806 
351 -1 0.735232797129782 0.574918332302834 0.30205732828691373 -0.009386958328493455 -0.21710329837900985 -0.8483003928883858 -0.12541130893264613 
352 1 -0.7415168381308923 -0.9915258194788009 -1.0673987260042388 0.41079117637549195 -0.8697200606244154 -1.0289533990766697 -0.9206782600214087 
353 -1 1.579089731564453 0.574918332302834 0.2513367336835377 -1.5850549634684385 -0.946498503241522 1.8614946999358724 -0.4996545800332403 
354 -1 -0.003142020500555181 0.13979495680793536 0.14989554447678569 -0.8497432277364643 0.12839969339796958 0.05496463805303361 0.43595359771824516 
355 -1 -0.6360347213265585 -0.8174764692808415 -0.9659575367974867 -0.11443149200448981 -0.946498503241522 -0.8483003928883858 -0.6867762155835374 
356 1 -0.3195883709135568 -0.20830374358798348 -0.052986833936718394 -0.8497432277364643 -0.7929416180073089 0.4162706504296014 -0.6399958066959631 
357 1 -0.10862413730488905 -0.3823530937859429 -0.052986833936718394 0.6208802437274846 2.2398068653683993 0.23561764424131748 1.6990246376827505 
358 -1 0.1023400963037787 0.3138443070058948 0.14989554447678569 0.8309693110794774 0.8194056769519285 -0.48699438051181804 0.4827340066058194 
359 1 1.1571612643471174 1.2711157330946716 0.910704463527426 -0.11443149200448981 0.3587350212492892 1.1388826751827368 0.38917318883067087 
360 1 -1.057963188543894 -1.513673870072679 -1.3717222936244948 0.20070210902349925 -0.44743862623032943 -1.2096064052649536 -1.1545803044592802 
361 1 -0.003142020500555181 0.4008689821048745 0.4542191120970418 0.41079117637549195 0.3587350212492892 0.23561764424131748 0.5295144154933937 
362 1 -0.21410625410922293 -0.03425439339002406 0.5049397067004178 -1.690099497144435 -0.7929416180073089 0.5969236566178853 -0.26575253559536893 
363 1 0.9461970307384497 1.0100417077977324 1.5193515987679382 1.04105837843147 1.625579324431547 1.5001886875593047 1.090879322144285 
364 1 -1.5853737725655634 -1.6877232202706385 -1.8789282396582552 1.5662810468114516 -1.0232769458586284 -1.5709124176415212 -1.669164802222597 
365 -1 0.6297506803254481 0.13979495680793536 0.2006161390801617 -0.9547877614124606 -0.946498503241522 0.23561764424131748 -0.452874171145666 
366 1 -2.007302239782899 -2.0358219206665575 -2.132531212675135 2.0915037151914335 -0.946498503241522 -1.7515654238298053 -1.7627256199977457 
367 -1 0.6297506803254481 0.8359923575997731 0.6571014905105459 -0.3245205593564825 0.3203457999407359 1.1388826751827368 1.090879322144285 
368 1 -1.2689274221525617 -0.4693777688849226 -0.6109133745738546 0.6208802437274846 0.7042380130262686 -0.12568836813525028 -0.1721917178202204 
369 1 -0.9524810717395601 -0.5564024439839024 -0.6616339691772306 0.8309693110794774 0.3203457999407359 -1.2096064052649536 -0.452874171145666 
370 1 0.41878644671678034 0.4008689821048745 0.7585426797172979 0.8309693110794774 2.354974529294059 2.0421477061241564 1.8861462732330476 
371 -1 -1.2689274221525617 -1.513673870072679 -1.473163482831247 -2.635500300228402 -1.829450593338247 -1.2096064052649536 -1.435262757784726 
372 1 -0.21410625410922293 -0.4693777688849226 -0.10370742854009442 -0.6396541603844715 1.1265194474203546 0.7775766628061691 0.3423927799430966 
373 -1 0.31330432991244644 0.22681963190691506 0.2513367336835377 0.3057466426994956 0.4355134638663957 -0.6676473867001019 0.43595359771824516 
374 -1 -0.003142020500555181 0.05277028170895565 0.048454355270033646 0.20070210902349925 0.16678891470652285 0.05496463805303361 -0.03185049115749759 
375 -1 0.735232797129782 0.6619430074018137 0.5556603013037938 0.5158357100514883 0.8577948982604817 -0.6676473867001019 0.8569772777064136 
376 -1 -0.5305526045222245 -1.25259984477574 -0.9152369421941107 -0.8497432277364643 -1.4455583802527143 -0.6676473867001019 -0.9206782600214087 
377 1 -0.003142020500555181 -0.12127906848900377 -0.5094721853671026 0.6208802437274846 0.8194056769519285 2.22280071231244 0.38917318883067087 
378 -1 0.6297506803254481 0.4878936572038542 0.6571014905105459 0.0956575753475029 2.2398068653683993 0.23561764424131748 1.7458050465703248 
379 1 -0.4250704877178907 -0.5564024439839024 -0.3573104015569745 0.7259247774034809 -0.6777739540816491 -1.3902594114532374 -0.07863090004507187 
380 1 -0.9524810717395601 -0.6434271190828821 -0.8137957529873587 1.1461029121074664 0.12839969339796958 0.05496463805303361 -0.3125329444829432 
381 1 -1.7963380061742311 -1.9487972455675777 -1.980369428865007 2.0915037151914335 -1.0232769458586284 -1.5709124176415212 -1.8562864377728943 
382 1 -0.003142020500555181 0.05277028170895565 -0.15442802314347043 0.6208802437274846 1.049741004803248 0.5969236566178853 0.4827340066058194 
383 1 -0.4250704877178907 -0.4693777688849226 -0.45875159076372657 0.20070210902349925 0.6274595704091621 1.1388826751827368 0.6230752332685422 
384 1 -0.21410625410922293 -0.3823530937859429 -0.15442802314347043 -0.009386958328493455 0.3203457999407359 0.958229668994453 0.014929917730076684 
385 -1 -0.21410625410922293 0.05277028170895565 -0.10370742854009442 -0.11443149200448981 -0.1403248557619033 -0.30634137432353414 -0.26575253559536893 
386 1 -0.5305526045222245 -1.25259984477574 -1.1181193206076148 0.5158357100514883 0.7042380130262686 -0.12568836813525028 0.061710326617650954 
387 -1 0.735232797129782 0.8359923575997731 0.7585426797172979 0.20070210902349925 0.7042380130262686 0.7775766628061691 1.5119030021324533 
388 1 -0.3195883709135568 0.22681963190691506 0.4542191120970418 -2.005233098172424 -0.8313308393158622 1.8614946999358724 -0.3125329444829432 
389 1 -1.057963188543894 -1.25259984477574 -1.3210016990211189 -1.4800104297924424 -0.8313308393158622 0.05496463805303361 -0.7335566244711117 
390 1 -2.007302239782899 -2.122846595765537 -2.132531212675135 0.7259247774034809 -1.7526721507211405 -1.9322184300180891 -2.183749299985914 
391 1 0.41878644671678034 0.7489676825007934 1.11358684194093 0.41079117637549195 1.9710823162085265 1.3195356813710208 3.0088760865348303 
392 -1 0.5242685635211142 0.13979495680793536 -0.052986833936718394 -0.009386958328493455 0.0900104720894163 -0.30634137432353414 -0.12541130893264613 
393 1 -0.4250704877178907 -0.2953284186869632 -0.20514861774684645 -0.3245205593564825 -0.3322709623046696 0.4162706504296014 -0.5464349889208145 
394 1 -1.3744095389568955 -1.513673870072679 -1.574604672037999 -0.5346096267084752 -0.10193563445335004 0.7775766628061691 -0.452874171145666 
395 -1 -0.4250704877178907 -0.5564024439839024 -0.40803099616035055 -0.7446986940604678 -0.025157191836243497 -0.6676473867001019 0.8101968688188393 
396 1 -0.4250704877178907 -0.7304517941818618 -0.6616339691772306 -0.5346096267084752 -0.6777739540816491 0.7775766628061691 -0.9206782600214087 
397 1 0.20782221310811258 0.13979495680793536 0.2006161390801617 0.20070210902349925 1.5104116605058873 0.23561764424131748 1.0440989132567107 
398 -1 -0.6360347213265585 -0.7304517941818618 -0.45875159076372657 -0.11443149200448981 -0.6393847327730958 -1.2096064052649536 -0.4996545800332403 
399 1 -0.21410625410922293 -0.3823530937859429 -0.45875159076372657 1.8814146478394407 0.5890703491006088 -0.6676473867001019 -0.03185049115749759 
400 1 -0.4250704877178907 -0.6434271190828821 -0.6616339691772306 1.04105837843147 -0.40904940492177616 -0.6676473867001019 0.20205155328037377 
401 -1 2.0010181987817885 1.70623910858957 1.2657486257510582 -1.0598322950884569 -0.40904940492177616 -0.6676473867001019 0.3423927799430966 
402 -1 1.0516791475427836 0.4878936572038542 0.2513367336835377 -1.1648768287644533 -0.2554925196875631 0.23561764424131748 -0.3125329444829432 
403 1 -0.6360347213265585 -0.12127906848900377 0.5049397067004178 -1.7951440308204314 -0.8697200606244154 2.22280071231244 -0.03185049115749759 
404 -1 0.735232797129782 0.574918332302834 0.5049397067004178 -0.42956509303247886 -0.44743862623032943 0.05496463805303361 -0.03185049115749759 
405 -1 -0.8469989549352263 -0.9045011443798212 -0.8645163475907347 -0.7446986940604678 -0.1403248557619033 -1.3902594114532374 0.5295144154933937 
406 -1 -0.5305526045222245 -0.8174764692808415 -0.6616339691772306 0.5158357100514883 -0.3706601836132229 0.05496463805303361 -0.8271174422462603 
407 -1 1.0516791475427836 0.6619430074018137 0.85998386892405 -0.6396541603844715 0.12839969339796958 -1.0289533990766697 0.4827340066058194 
408 1 -0.5305526045222245 -0.2953284186869632 0.048454355270033646 -0.8497432277364643 -0.6009955114645426 1.1388826751827368 -0.5464349889208145 
409 -1 -0.3195883709135568 -0.2953284186869632 -0.20514861774684645 0.5158357100514883 0.16678891470652285 0.05496463805303361 -0.21897212670779467 
410 1 -0.8469989549352263 -0.7304517941818618 -0.9659575367974867 1.356191979459459 0.20517813601507612 -0.12568836813525028 -0.967458668908983 
411 -1 0.8407149139341158 0.4878936572038542 0.35277792289028975 -0.6396541603844715 -0.44743862623032943 -0.6676473867001019 -0.03185049115749759 
412 1 -1.1634453053482279 -1.0785504945777806 -1.1181193206076148 0.5158357100514883 0.16678891470652285 -0.30634137432353414 -0.5464349889208145 
413 -1 0.20782221310811258 0.4008689821048745 1.4686310041645623 -0.21947602568048616 1.1649086687289079 0.5969236566178853 2.166828726558493 
414 1 -0.5305526045222245 -0.03425439339002406 0.048454355270033646 -1.374965896116446 -0.7161631753902024 0.4162706504296014 -0.26575253559536893 
415 1 -0.21410625410922293 -0.03425439339002406 0.5049397067004178 -2.005233098172424 -0.6393847327730958 1.3195356813710208 0.24883196216794806 
416 -1 -0.003142020500555181 0.05277028170895565 0.09917494987340966 -0.8497432277364643 -0.29388174099611636 -0.8483003928883858 0.24883196216794806 
417 -1 0.31330432991244644 0.4008689821048745 0.35277792289028975 -0.8497432277364643 -0.946498503241522 -1.0289533990766697 -0.3125329444829432 
418 1 -0.9524810717395601 -1.1655751696767602 -1.219560509814367 0.20070210902349925 0.7810164556433752 -0.48699438051181804 -0.03185049115749759 
419 1 0.5242685635211142 1.0970663828967122 1.062866247337554 0.9360138447554737 0.20517813601507612 1.5001886875593047 0.014929917730076684 
420 -1 0.1023400963037787 0.3138443070058948 0.4542191120970418 -0.42956509303247886 -0.10193563445335004 0.4162706504296014 0.20205155328037377 
421 1 -1.5853737725655634 -1.513673870072679 -1.523884077434623 1.671325580487448 -0.6777739540816491 -1.0289533990766697 -1.9030668466604685 
422 1 -0.7415168381308923 -0.6434271190828821 -0.45875159076372657 -1.5850549634684385 -0.946498503241522 1.3195356813710208 -0.6399958066959631 
423 -1 1.7900539651731207 1.2711157330946716 1.062866247337554 0.3057466426994956 -0.10193563445335004 -0.6676473867001019 0.3423927799430966 
424 1 -2.1127843565872326 -2.122846595765537 -2.1832518072785114 -0.3245205593564825 -1.0616661671671817 -2.293524442394657 -1.669164802222597 
425 -1 -0.6360347213265585 -0.2953284186869632 -0.2558692123502225 -0.21947602568048616 0.24356735732362939 -1.0289533990766697 0.6698556421561165 
426 -1 -0.3195883709135568 -0.5564024439839024 -0.40803099616035055 -1.0598322950884569 -0.7545523966987556 -1.2096064052649536 -0.5464349889208145 
427 -1 2.3174645491947903 2.489461184480388 1.9251163555949464 0.6208802437274846 0.7426272343348219 -0.12568836813525028 1.418342184357305 
428 1 -0.4250704877178907 -0.03425439339002406 0.35277792289028975 -1.7951440308204314 -1.100055388475735 1.1388826751827368 -0.4060937622580918 
429 1 -1.1634453053482279 -0.9915258194788009 -1.473163482831247 0.41079117637549195 -1.7910613720296937 -1.2096064052649536 -1.9966276644356171 
430 -1 1.1571612643471174 0.9230170326987528 1.062866247337554 -1.2699213624404495 -0.29388174099611636 0.05496463805303361 0.6698556421561165 
431 -1 1.1571612643471174 1.8802884587875295 1.8236751663881943 1.671325580487448 1.4336332178887807 0.23561764424131748 1.8861462732330476 
432 -1 -0.21410625410922293 -0.6434271190828821 -0.6616339691772306 -1.9001885644964276 -1.2920014950185013 -0.6676473867001019 -1.0610194866841316 
433 1 -1.057963188543894 -0.9915258194788009 -1.0166781314008628 0.6208802437274846 -0.44743862623032943 0.5969236566178853 -0.5932153978083888 
434 1 -0.4250704877178907 -0.4693777688849226 -0.45875159076372657 0.3057466426994956 -0.40904940492177616 1.1388826751827368 -0.6399958066959631 
435 -1 0.41878644671678034 0.4878936572038542 0.2006161390801617 0.6208802437274846 0.12839969339796958 -0.48699438051181804 -0.5464349889208145 
436 1 0.31330432991244644 0.7489676825007934 0.5049397067004178 -0.9547877614124606 -0.946498503241522 0.23561764424131748 -0.452874171145666 
437 1 -0.10862413730488905 0.13979495680793536 0.6571014905105459 -0.5346096267084752 0.20517813601507612 2.22280071231244 0.10849073550522523 
438 1 1.1571612643471174 1.6192144334905905 1.9251163555949464 1.04105837843147 1.9710823162085265 1.6808416937475885 1.605463819907602 
439 -1 0.31330432991244644 -0.03425439339002406 -0.40803099616035055 -0.9547877614124606 -2.0213966998810133 -1.5709124176415212 -1.7159452111101714 
440 -1 0.1023400963037787 -0.03425439339002406 -0.3065898069535985 -0.11443149200448981 -0.40904940492177616 -0.8483003928883858 -0.26575253559536893 
441 1 0.31330432991244644 0.3138443070058948 0.910704463527426 0.6208802437274846 1.7023577670486536 1.3195356813710208 1.278000957694582 
442 -1 -0.10862413730488905 -0.20830374358798348 -0.5601927799704786 0.20070210902349925 -0.8697200606244154 -1.0289533990766697 -0.4996545800332403 
443 1 0.1023400963037787 0.4008689821048745 -0.0022662393333423726 2.3015927825434264 0.3203457999407359 -0.8483003928883858 0.24883196216794806 
444 1 -0.3195883709135568 0.3138443070058948 -0.3065898069535985 -0.5346096267084752 -0.7161631753902024 0.958229668994453 -0.7335566244711117 
445 1 -0.10862413730488905 0.05277028170895565 -0.10370742854009442 1.5662810468114516 0.6658487917177154 -0.8483003928883858 -0.12541130893264613 
446 1 1.3681254979557853 0.9230170326987528 0.5556603013037938 -1.5850549634684385 -1.2152230524013947 1.1388826751827368 -0.5932153978083888 
447 1 -0.10862413730488905 0.13979495680793536 0.5556603013037938 -0.21947602568048616 -0.025157191836243497 1.3195356813710208 0.38917318883067087 
448 -1 0.8407149139341158 1.0970663828967122 0.6571014905105459 -0.009386958328493455 0.12839969339796958 0.05496463805303361 0.8101968688188393 
449 1 0.20782221310811258 0.9230170326987528 1.2657486257510582 1.356191979459459 2.201417644059846 0.5969236566178853 1.278000957694582 
450 1 0.735232797129782 1.2711157330946716 1.11358684194093 0.0956575753475029 0.01323202947230977 -0.30634137432353414 -0.1721917178202204 
451 -1 -0.10862413730488905 -0.03425439339002406 -0.0022662393333423726 -0.009386958328493455 0.05162125078086304 -0.48699438051181804 0.3423927799430966 
452 1 0.1023400963037787 0.13979495680793536 0.4034985174936658 -0.8497432277364643 0.16678891470652285 0.7775766628061691 0.20205155328037377 
453 -1 -0.10862413730488905 0.05277028170895565 0.2513367336835377 -0.6396541603844715 -0.6009955114645426 0.5969236566178853 -0.3125329444829432 
454 1 -1.7963380061742311 -1.7747478953696183 -1.9296488342616311 2.826815450923408 -0.4858278475388827 -1.2096064052649536 -1.669164802222597 
455 1 -0.8469989549352263 -0.4693777688849226 -0.6109133745738546 1.2511474457834626 0.6658487917177154 -0.30634137432353414 -0.07863090004507187 
456 1 0.31330432991244644 0.4878936572038542 0.6571014905105459 0.0956575753475029 1.8175254309743134 1.3195356813710208 1.4651225932448793 
457 1 0.9461970307384497 1.6192144334905905 1.8236751663881943 -0.42956509303247886 0.3587350212492892 1.1388826751827368 1.1376597310318592 
458 1 0.1023400963037787 0.3138443070058948 0.5049397067004178 0.6208802437274846 0.28195657863218265 1.3195356813710208 0.43595359771824516 
459 1 0.8407149139341158 1.0970663828967122 0.910704463527426 -0.009386958328493455 1.472022439197334 0.5969236566178853 1.5119030021324533 
460 -1 1.1571612643471174 1.445165083292631 1.062866247337554 0.6208802437274846 0.9729625621861415 0.05496463805303361 0.6230752332685422 
461 -1 1.8955360819774547 1.5321897583916106 0.910704463527426 0.3057466426994956 -0.2554925196875631 -0.30634137432353414 0.29561237105552235 
462 1 0.20782221310811258 0.3138443070058948 0.6063808959071698 0.41079117637549195 2.163028422751293 1.5001886875593047 1.6990246376827505 
463 -1 -0.003142020500555181 -0.03425439339002406 0.35277792289028975 -0.21947602568048616 1.2416871113460144 0.5969236566178853 1.1376597310318592 
464 -1 -1.1634453053482279 -1.4266491949736995 -1.3717222936244948 -1.4800104297924424 -1.7526721507211405 -1.3902594114532374 -1.4820431666723 
465 1 -0.8469989549352263 -0.7304517941818618 -1.3717222936244948 1.7763701141634445 0.5890703491006088 -1.5709124176415212 -0.12541130893264613 
466 -1 -0.21410625410922293 0.22681963190691506 0.35277792289028975 0.0956575753475029 -0.40904940492177616 0.4162706504296014 -0.03185049115749759 
467 -1 -0.5305526045222245 -0.7304517941818618 -0.7123545637806067 -0.3245205593564825 -0.524217068847436 -1.5709124176415212 -0.12541130893264613 
468 -1 0.20782221310811258 -0.03425439339002406 -0.0022662393333423726 -0.3245205593564825 -0.6777739540816491 0.7775766628061691 -0.1721917178202204 
469 1 1.3681254979557853 1.6192144334905905 2.0772781394050743 0.9360138447554737 1.8559146522828667 0.7775766628061691 1.3715617754697307 
