id label data 
0 -1 -0.15902247405995862 -0.42927209102261904 -0.10521843180193062 0.10517626926678854 -0.4497505981159882 -0.057582387089802435 -0.3429247263657873 
1 1 -1.067722325831147 -0.9851640074547868 -1.2252856090482909 0.10517626926678854 -0.15460176810237108 -1.0172888385864733 -0.20873678996178366 
2 -1 0.40891493329703416 0.5898630891030219 0.3529908679806713 -0.4791363377709219 -0.02810941238224945 1.2860066450055367 0.3280149556542309 
3 1 -0.4997849184741543 -0.7998667019773975 -0.6652520204251108 -0.12854877354829564 -1.841166511037326 -0.8253475482871392 -1.7295334025404916 
4 -1 0.7496773777112299 0.40456578362563256 0.1493422902995149 -0.712861380586006 0.6043523662183587 -1.0172888385864733 1.2226011983475884 
5 1 -0.7269598814169514 -0.5219207437613137 -0.6143398760048217 0.4557638334894148 -1.208704732436718 -0.8253475482871392 -1.6848040904058237 
6 -1 -0.15902247405995862 -0.15132613280653517 -0.003394142961352414 -0.24541129495583772 0.5621882476449849 0.3263001935088659 0.3280149556542309 
7 -1 1.6583772294824184 0.5898630891030219 0.200254434719804 -1.881486594661427 -1.0400482581432224 1.8618305159035393 -0.43238335063512306 
8 1 -1.9764221776023356 -1.911650534841733 -1.9889677753526276 3.0267393044553406 -0.534078835262736 -1.4011714191851417 -1.55061615400182 
9 -1 0.7496773777112299 0.7751603945804111 0.9639366010241406 -0.4791363377709219 -0.15460176810237108 -0.633406257987805 0.641120140596906 
10 1 0.9768523406540269 1.1457550055351895 1.57488233406761 0.689488876304499 2.0379323977130706 1.2860066450055367 1.043683949808917 
11 -1 -0.15902247405995862 -0.05867748006784054 -0.003394142961352414 -0.3622738163633798 0.857337077658602 0.5182414838082001 0.7305787648662418 
12 -1 -0.3861974370027558 -1.1704613129321761 -1.1234613202077128 -1.881486594661427 -1.208704732436718 -1.0172888385864733 -0.6113005991737945 
13 1 1.3176147850682227 1.5163496164899681 1.7276187673284773 -0.3622738163633798 1.194650026245593 0.3263001935088659 2.2066460653102817 
14 1 1.204027303596824 1.7016469219673573 1.8803552005893445 1.0400764405271252 2.164424753433192 1.6698892256042053 1.5804356954249315 
15 1 -1.9764221776023356 -2.189596493057817 -1.9889677753526276 0.4557638334894148 -1.208704732436718 -1.2092301288858076 -1.4164282175978165 
16 1 -0.4997849184741543 -0.33662343828392444 -0.25795486506279797 -0.4791363377709219 -0.36542236096924047 0.3263001935088659 -0.4771126627697909 
17 1 -1.067722325831147 -0.7072180492387029 -0.8689005981062672 1.1569389619346673 0.14054706191124605 -0.057582387089802435 -0.25346610209645154 
18 1 0.0681524888828385 0.31191713088693795 0.45481515682124957 0.5726263548969569 0.30920353620474156 1.2860066450055367 0.46220289205823456 
19 -1 -0.04543499258856007 -0.15132613280653517 -0.003394142961352414 -0.12854877354829564 0.35136765477811543 -0.4414649676884708 0.5069322041929024 
20 -1 1.8855521924252154 1.7016469219673573 1.116673034285008 -0.4791363377709219 -0.02810941238224945 -0.633406257987805 0.5069322041929024 
21 1 0.29532745182563563 0.7751603945804111 0.45481515682124957 -1.1803114662161744 -1.0400482581432224 0.13435890320953175 -0.38765403850045516 
22 -1 0.6360898962398313 0.8678090473191057 0.3529908679806713 1.1569389619346673 -0.36542236096924047 -1.2092301288858076 -0.9244057841164697 
23 1 0.0681524888828385 0.31191713088693795 0.30207872356038223 0.3389013120818727 0.9416653148053498 1.2860066450055367 0.5516615163275703 
24 -1 -0.04543499258856007 -0.05867748006784054 -0.003394142961352414 -0.4791363377709219 0.2670394176313677 -0.2495236773891366 0.28328564351956304 
25 1 0.7496773777112299 0.7751603945804111 1.0148487454444297 0.5726263548969569 1.9957682791396967 1.6698892256042053 1.4909770711555959 
26 1 -0.04543499258856007 0.21926847814824332 0.5057273012415386 -0.8297239019935482 0.2248752990579938 1.0940653547062027 0.23855633138489515 
27 -1 0.6360898962398313 0.31191713088693795 0.2511665791400931 -1.0634489448086324 -0.5762429538361099 -1.0172888385864733 -0.02981954142311213 
28 1 -2.3171846220165313 -2.0042991875804277 -2.0398799197729165 1.7412515689723778 -1.4195253253035873 -0.633406257987805 -1.7742627146751595 
29 1 -0.2726099555313572 -0.5219207437613137 -0.41069129832366524 -0.24541129495583772 -0.02810941238224945 -0.8253475482871392 -0.2981954142311194 
