id label data 
0 -1 -0.1906026861908884 -0.27998034525233434 -0.13742815580998294 0.6208632592049006 -0.09318018309434936 -0.6619461231409152 0.20812116198639152 
1 -1 1.3113921343313253 0.6067498587139527 0.275955736866445 -2.2909544496819487 -1.0544331693617786 1.1553125093137033 -0.4496296765681028 
2 -1 -0.1906026861908884 0.07471173633418048 -0.08575516922542945 -0.10709116801681172 -0.13163030254504654 -0.2984943966499915 -0.261700865552533 
3 1 0.02396800245514213 0.42940381792069526 0.7926856027119799 -1.5630000224602363 -0.6699319748548069 1.3370383725591652 0.16113895923249907 
4 1 -0.9416000964519953 -0.7233454472354778 -0.44746607531730387 -1.1470260640478294 -0.5930317359534126 0.9735866460682414 -0.5435940820758877 
5 -1 0.02396800245514213 -0.10263430445907692 0.172609763697338 -0.419071636826117 0.9834231615251715 0.0649573298409322 0.9598364060486707 
6 -1 -0.29788803051390367 -0.5459994064422204 -0.7058310082400713 -1.7709870016664397 -2.0925863945306022 -0.8436719863863771 -1.9060779619387689 
7 -1 1.20410679000831 1.936845164663383 1.8778183209876032 1.6607981552359181 1.4448245949335374 0.24668319308639403 1.8994804611265197 
8 -1 -0.08331734186787314 -0.013961284062448228 0.017590803943677534 -0.0030976784137099612 0.060620294708439326 -0.48022025989545336 0.34906777024806884 
9 -1 -1.2634561294210411 -1.25538356961525 -1.3775798338392666 -0.6270586160323205 -1.362034124967356 -0.8436719863863771 -1.4362559343998442 
10 1 -0.9416000964519953 -0.9006914880287352 -1.1708878875010527 0.20488930079249354 -0.13163030254504654 -0.8436719863863771 -0.261700865552533 
11 1 -1.692597506713102 -1.7874216919950223 -2.1526746326075687 0.4128762799986971 -1.2082336471645674 -1.7523013026136862 -1.9060779619387689 
12 1 0.23853869110117265 0.16338475673080918 0.22428275028189149 0.20488930079249354 1.5217248338349318 0.24668319308639403 1.0538008115564557 
13 -1 0.02396800245514213 -0.013961284062448228 -0.3957930887327504 -1.1470260640478294 -0.3238808997985324 0.4284090563318559 -0.026789851783070744 
14 1 -0.5124587191599342 -0.27998034525233434 0.06926379052823102 -0.835045595238524 -0.5930317359534126 1.1553125093137033 -0.5435940820758877 
15 -1 0.9895361013622795 0.9614419403004675 1.1027235222193008 -0.0030976784137099612 0.44512148921541106 -0.6619461231409152 1.194747419818133 
16 -1 0.23853869110117265 0.16338475673080918 0.172609763697338 -1.0430325744447275 0.32977113086331955 0.24668319308639403 0.4430321757558538 
17 -1 -1.3707414737440562 -1.4327296104085074 -1.4292528204238202 -0.0030976784137099612 -0.8237324526575956 -1.5705754393682245 -0.6375584875836726 
18 1 1.0968214456852947 1.050114960697096 1.4644344283111752 -0.10709116801681172 1.560174953285629 0.9735866460682414 1.4766406363414877 
19 1 0.02396800245514213 -0.013961284062448228 0.12093677711278451 0.20488930079249354 1.4063744754828404 0.6101349195773177 0.8188897977869933 
20 -1 2.706101610530524 2.291537246249898 1.7227993612339425 -0.10709116801681172 -0.5545816165027154 -0.8436719863863771 -0.261700865552533 
21 1 0.45310937974720317 0.42940381792069526 0.8960315758810868 0.4128762799986971 1.6755253116377204 1.7004900990500889 1.194747419818133 
22 -1 0.34582403542418794 -0.10263430445907692 -0.2924471155636434 -0.7310521056354222 -0.13163030254504654 -0.8436719863863771 0.11415675647860661 
23 1 0.02396800245514213 0.2520577771274379 0.5859936563737659 -0.6270586160323205 0.214420772511228 1.1553125093137033 0.20812116198639152 
24 1 1.4186774786543406 2.4688832870431554 3.16964298560144 2.8047265408700373 3.328880448017699 1.3370383725591652 2.2753380831576595 
25 -1 -0.6197440634829494 -0.27998034525233434 -0.2407741289790899 -0.21108465761991346 0.2528708919619252 -1.025397849631839 0.6779431895253161 
26 1 -0.29788803051390367 0.16338475673080918 0.37930171003555196 -0.419071636826117 -0.40078113869992676 0.24668319308639403 -0.40264747381421034 
27 -1 0.34582403542418794 0.6954228791105814 0.6893396295428729 0.1008958111893918 -0.5161314970520182 0.7918607828227796 -0.30868306830642545 
28 1 -2.014453539682148 -2.0534407531849084 -2.1526746326075687 -0.6270586160323205 -1.5542847222208418 -0.8436719863863771 -2.0000423674465537 
29 -1 0.8822507570392643 1.138787981093725 0.6893396295428729 -0.0030976784137099612 0.13752053360983366 0.0649573298409322 0.8188897977869933 
30 1 -1.0488854407750106 -0.6346724268388492 -0.49913906190185736 -0.0030976784137099612 -1.1697835277138702 -0.8436719863863771 -1.3892737316459518 
31 1 -1.4780268180670715 -1.0780375288219926 -1.532598793592927 1.4528111760297147 -0.6314818554041097 -0.8436719863863771 -1.3422915288920594 
32 1 -1.7998828510361173 -1.7874216919950223 -1.4292528204238202 0.20488930079249354 -0.6314818554041097 -1.5705754393682245 -1.5772025426615217 
33 1 -1.1561707850980258 -1.0780375288219926 -1.1192149009164991 0.5168697696017989 0.17597065306053083 -0.2984943966499915 -0.5435940820758877 
34 1 -2.014453539682148 -2.142113773581537 -2.1526746326075687 0.7248567488080023 -1.7465353194743278 -1.9340271658591481 -2.1879711784621234 
35 -1 0.02396800245514213 0.07471173633418048 0.017590803943677534 0.1008958111893918 -0.7083820943055041 -0.6619461231409152 -0.7315228930914575 
36 -1 -0.4051733748369189 -0.368653365648963 -0.2924471155636434 -0.5230651264292188 -0.5930317359534126 1.1553125093137033 -0.8724695013531348 
37 1 -0.29788803051390367 -0.27998034525233434 0.12093677711278451 -0.9390390848416258 -0.2854307803478352 2.0639418255410127 -0.30868306830642545 
38 1 0.23853869110117265 0.6067498587139527 1.2577424819729612 1.76479164483902 1.098773519877263 0.4284090563318559 0.16113895923249907 
39 1 -0.83431475212898 -1.1667105492186214 -1.1192149009164991 -0.419071636826117 0.32977113086331955 -0.11676853340452967 -0.1677364600447481 
40 1 -0.5124587191599342 -0.19130732485570562 0.017590803943677534 0.8288502384111041 -0.24698066089713805 0.9735866460682414 -0.5905762848297802 
41 -1 1.5259628229773559 1.670826103473497 1.2060694953884077 -1.3550130432540328 -0.40078113869992676 0.0649573298409322 0.3020855674941764 
42 1 -1.3707414737440562 -1.25538356961525 -1.1192149009164991 2.076772113648325 -0.47768137760132107 -0.8436719863863771 -1.295309326138167 
43 -1 -1.3707414737440562 -1.25538356961525 -1.3775798338392666 -0.21108465761991346 -0.90063269155899 -1.9340271658591481 -1.0134161096148122 
44 -1 -0.4051733748369189 -0.4573263860455917 -0.13742815580998294 -0.31507814722301525 0.5989219670181998 -1.3888495761227626 1.52362283909538 
45 -1 0.6676800683932337 0.3407307975240666 0.32762872345099847 -0.835045595238524 -0.5161314970520182 -0.8436719863863771 -0.0737720545369632 
46 1 0.1312533467781574 0.6954228791105814 1.0510505356347473 -1.251019553650931 -0.6314818554041097 1.3370383725591652 0.06717455372471416 
47 -1 0.8822507570392643 0.518076838317324 0.275955736866445 -1.4590065328571344 -0.6699319748548069 -1.025397849631839 0.06717455372471416 
48 -1 2.706101610530524 2.5575563074397842 1.9294913075721565 0.5168697696017989 0.6758222059195941 -0.2984943966499915 0.9598364060486707 
49 1 1.20410679000831 1.670826103473497 2.084510267325817 1.5568046656328163 2.0984766255953895 1.518764235804627 1.3826762308337028 
50 -1 -0.4051733748369189 -0.19130732485570562 0.22428275028189149 -0.21108465761991346 0.6758222059195941 0.24668319308639403 0.6779431895253161 
51 1 0.1312533467781574 0.42940381792069526 0.017590803943677534 2.2847590928545287 0.32977113086331955 -0.8436719863863771 0.25510336474028394 
52 -1 0.45310937974720317 0.518076838317324 0.22428275028189149 0.6208632592049006 0.13752053360983366 -0.48022025989545336 -0.5435940820758877 
53 1 -1.7998828510361173 -2.0534407531849084 -1.945982686269355 0.5168697696017989 -1.0928832888124758 -1.025397849631839 -1.5302203399076293 
54 -1 0.34582403542418794 0.42940381792069526 0.5343206697892124 -0.5230651264292188 -0.24698066089713805 -0.48022025989545336 0.25510336474028394 
55 -1 0.23853869110117265 0.3407307975240666 0.4826476832046589 0.5168697696017989 -0.5930317359534126 -0.8436719863863771 -0.5435940820758877 
56 -1 0.02396800245514213 -0.19130732485570562 -0.13742815580998294 -0.6270586160323205 0.2528708919619252 0.24668319308639403 0.5369965812636387 
57 1 -0.4051733748369189 0.16338475673080918 0.06926379052823102 -0.419071636826117 -0.4392312581506239 1.518764235804627 -0.4496296765681028 
58 -1 -0.5124587191599342 -1.25538356961525 -0.9125229545782853 -0.835045595238524 -1.4389343638687504 -0.6619461231409152 -0.9194517041070274 
59 1 0.8822507570392643 1.138787981093725 0.9477045624656403 -0.0030976784137099612 1.4832747143842346 0.6101349195773177 1.52362283909538 
60 1 2.706101610530524 3.178267450216185 3.0662970124323334 0.6208632592049006 1.098773519877263 0.7918607828227796 1.8055160556187348 
61 1 0.5603947240702184 1.138787981093725 1.1027235222193008 0.9328437280142058 0.214420772511228 1.518764235804627 0.02019235097082171 
62 -1 0.34582403542418794 -0.013961284062448228 -0.2407741289790899 -0.5230651264292188 -0.5930317359534126 -0.11676853340452967 -0.40264747381421034 
63 1 -1.9071681953591326 -1.7874216919950223 -2.049328659438462 2.596739561663834 -0.8621825721082929 -2.11575302910461 -1.7651313536770914 
64 1 -1.9071681953591326 -1.9647677327882795 -2.2043476191921223 1.76479164483902 -1.3235840055166588 -1.9340271658591481 -2.047024570200446 
65 1 -0.4051733748369189 -0.19130732485570562 -0.03408218264087595 -1.5630000224602363 0.7911725642716856 1.1553125093137033 1.288711825325918 
66 -1 -0.9416000964519953 -0.7233454472354778 -0.9641959411628387 -1.6669935120633381 -1.784985438925025 -1.2071237128773007 -1.3892737316459518 
67 1 0.9895361013622795 1.670826103473497 1.8778183209876032 -0.419071636826117 0.3682212503140167 1.1553125093137033 1.1477652170642405 
68 1 -1.0488854407750106 -0.8120184676321065 -0.6541580216555178 -0.5230651264292188 -0.36233101924922956 0.7918607828227796 -0.261700865552533 
69 -1 0.6676800683932337 0.42940381792069526 0.4309746966201054 -0.6270586160323205 0.09907041415913649 -0.11676853340452967 0.34906777024806884 
70 1 -1.1561707850980258 -1.0780375288219926 -1.4809258070083735 3.428687478488648 -0.40078113869992676 -1.3888495761227626 -1.3422915288920594 
71 1 -1.7998828510361173 -1.6987486715983935 -1.7909637265156946 0.7248567488080023 -0.8621825721082929 -0.2984943966499915 -1.5772025426615217 
72 1 0.34582403542418794 0.3407307975240666 0.5343206697892124 -0.21108465761991346 1.2141238782293544 1.7004900990500889 1.100783014310348 
73 -1 0.34582403542418794 0.3407307975240666 0.12093677711278451 -0.10709116801681172 -0.01627994419295502 0.0649573298409322 0.25510336474028394 
74 -1 -0.29788803051390367 -0.5459994064422204 -0.6541580216555178 -1.3550130432540328 0.060620294708439326 -0.11676853340452967 1.0068186088025632 
75 1 -0.1906026861908884 0.07471173633418048 0.4309746966201054 -0.21108465761991346 1.098773519877263 0.4284090563318559 0.6309609867714235 
76 1 -1.2634561294210411 -0.4573263860455917 -0.6024850350709643 0.6208632592049006 0.7142723253702913 -0.11676853340452967 -0.1677364600447481 
77 1 0.6676800683932337 1.404807042283611 1.361088455142068 1.0368372176173075 0.32977113086331955 2.0639418255410127 0.3020855674941764 
78 -1 0.45310937974720317 -0.013961284062448228 -0.13742815580998294 -0.835045595238524 -1.1697835277138702 -0.2984943966499915 -0.684540690337565 
79 -1 -0.1906026861908884 0.07471173633418048 0.12093677711278451 -0.10709116801681172 0.5604718475675026 0.24668319308639403 0.25510336474028394 
80 -1 1.5259628229773559 1.404807042283611 1.6194533880648356 0.3088827903955953 1.5217248338349318 0.9735866460682414 1.71155165011095 
81 1 -1.7998828510361173 -1.876094712391651 -1.842636713100248 0.5168697696017989 -1.9772360361785108 -1.2071237128773007 -2.1879711784621234 
82 1 0.5603947240702184 0.518076838317324 0.7926856027119799 -0.0030976784137099612 1.098773519877263 1.3370383725591652 1.0538008115564557 
83 1 0.1312533467781574 0.07471173633418048 0.4826476832046589 -2.082967470475745 -0.8237324526575956 1.3370383725591652 -0.026789851783070744 
84 1 -0.08331734186787314 0.07471173633418048 -0.08575516922542945 1.5568046656328163 0.6758222059195941 -0.8436719863863771 -0.12075425729085565 
85 1 0.6676800683932337 0.8727689199038388 1.2577424819729612 0.7248567488080023 3.136629850764213 1.7004900990500889 2.4162846914193365 
86 1 0.6676800683932337 0.9614419403004675 1.4127614417266217 -0.835045595238524 -0.05473006364365219 1.8822159622955508 0.6309609867714235 
87 -1 -0.29788803051390367 0.07471173633418048 -0.1891011423945364 0.3088827903955953 0.17597065306053083 -0.8436719863863771 0.3960499730019613 
88 -1 -0.4051733748369189 -0.6346724268388492 -0.6541580216555178 -0.21108465761991346 -0.47768137760132107 -1.025397849631839 0.16113895923249907 
89 1 0.5603947240702184 0.6954228791105814 0.6376666429583194 0.3088827903955953 1.5217248338349318 1.8822159622955508 1.100783014310348 
90 1 -0.5124587191599342 -0.013961284062448228 0.06926379052823102 -1.3550130432540328 -0.7083820943055041 0.4284090563318559 -0.261700865552533 
91 1 -0.08331734186787314 0.16338475673080918 0.6893396295428729 -0.5230651264292188 0.214420772511228 2.2456676887864746 0.11415675647860661 
92 -1 -0.7270294078059647 -0.5459994064422204 -0.7058310082400713 -0.6270586160323205 -0.24698066089713805 -0.2984943966499915 0.16113895923249907 
93 1 -0.83431475212898 -0.9006914880287352 -0.9125229545782853 -0.9390390848416258 -0.7083820943055041 -0.11676853340452967 -0.684540690337565 
94 -1 -0.9416000964519953 -0.9893645084253639 -0.8091769814091783 -0.31507814722301525 -0.8621825721082929 -1.2071237128773007 -0.6375584875836726 
95 1 0.6676800683932337 0.6954228791105814 1.2060694953884077 -0.5230651264292188 1.2525739976800516 1.7004900990500889 1.52362283909538 
96 -1 0.5603947240702184 0.16338475673080918 -0.03408218264087595 -0.0030976784137099612 0.09907041415913649 -0.2984943966499915 -0.12075425729085565 
97 -1 -0.6197440634829494 -0.9006914880287352 -0.9125229545782853 -1.1470260640478294 -0.5930317359534126 -1.2071237128773007 -0.5905762848297802 
98 -1 0.1312533467781574 -0.368653365648963 -0.03408218264087595 -1.5630000224602363 -1.0928832888124758 0.0649573298409322 -0.6375584875836726 
99 1 -0.4051733748369189 -0.368653365648963 -0.49913906190185736 1.1408307072204094 1.1756737587786572 0.6101349195773177 0.4430321757558538 
100 1 -1.2634561294210411 -1.3440565900118788 -1.532598793592927 2.2847590928545287 -0.7083820943055041 -1.025397849631839 -1.5302203399076293 
101 1 -1.5853121623900868 -1.7874216919950223 -1.739290739931141 -1.1470260640478294 -1.5158346027701448 -1.3888495761227626 -1.718149150923199 
102 -1 0.02396800245514213 0.2520577771274379 0.12093677711278451 -0.21108465761991346 -0.24698066089713805 0.0649573298409322 -0.026789851783070744 
103 -1 -0.08331734186787314 -0.013961284062448228 0.017590803943677534 -1.251019553650931 -1.0544331693617786 -0.2984943966499915 -0.5435940820758877 
104 1 -1.1561707850980258 -0.9006914880287352 -1.0675419143319458 1.1408307072204094 -0.5930317359534126 -0.11676853340452967 -1.0603983123687046 
105 1 -1.1561707850980258 -0.9006914880287352 -0.9125229545782853 0.1008958111893918 -0.5161314970520182 -0.2984943966499915 -1.107380515122597 
106 1 -0.4051733748369189 -0.013961284062448228 0.37930171003555196 -1.7709870016664397 -1.0928832888124758 1.1553125093137033 -0.40264747381421034 
107 1 -0.6197440634829494 -0.4573263860455917 0.12093677711278451 -0.419071636826117 0.29132101141262234 -1.2071237128773007 0.4430321757558538 
108 -1 0.774965412716249 0.6067498587139527 0.32762872345099847 -0.0030976784137099612 -0.20853054144644087 -0.8436719863863771 -0.12075425729085565 
109 -1 0.774965412716249 0.78409589950721 0.4309746966201054 0.1008958111893918 0.13752053360983366 -0.6619461231409152 0.5839787840175311 
110 1 0.45310937974720317 0.42940381792069526 0.5343206697892124 0.3088827903955953 0.40667136976471385 1.1553125093137033 0.34906777024806884 
111 1 -0.4051733748369189 -0.4573263860455917 -0.44746607531730387 0.20488930079249354 0.6373720864688969 1.1553125093137033 0.6309609867714235 
112 -1 -0.29788803051390367 -0.27998034525233434 -0.1891011423945364 0.5168697696017989 0.17597065306053083 0.0649573298409322 -0.21471866279864055 
113 -1 -0.6197440634829494 -0.8120184676321065 -0.9641959411628387 -0.10709116801681172 -0.9390828110096872 -0.8436719863863771 -0.684540690337565 
114 -1 1.8478188559464017 1.670826103473497 1.361088455142068 -0.31507814722301525 0.29132101141262234 -0.6619461231409152 0.7249253922792085 
115 1 -0.1906026861908884 0.07471173633418048 0.275955736866445 0.4128762799986971 0.7527224448209884 -1.2071237128773007 0.4430321757558538 
116 -1 -0.7270294078059647 -0.27998034525233434 -0.2924471155636434 -0.31507814722301525 -0.24698066089713805 -1.5705754393682245 0.5839787840175311 
117 1 0.23853869110117265 -0.19130732485570562 0.22428275028189149 -0.31507814722301525 1.6370751921870235 0.6101349195773177 1.100783014310348 
118 -1 0.5603947240702184 0.518076838317324 0.32762872345099847 -0.5230651264292188 -0.7468322137562012 -0.6619461231409152 -0.21471866279864055 
119 -1 -0.08331734186787314 -0.27998034525233434 -0.13742815580998294 -0.419071636826117 0.13752053360983366 -0.2984943966499915 0.25510336474028394 
120 -1 1.20410679000831 1.4934800626802396 1.1027235222193008 0.6208632592049006 0.9834231615251715 0.0649573298409322 0.6309609867714235 
121 -1 -0.4051733748369189 -0.4573263860455917 -0.49913906190185736 0.4128762799986971 0.29132101141262234 -1.025397849631839 0.34906777024806884 
122 -1 -0.4051733748369189 -0.013961284062448228 -0.3441201021481969 1.1408307072204094 -1.0159830499110816 -1.2071237128773007 -1.1543627178764895 
123 -1 -0.5124587191599342 -0.8120184676321065 -0.6541580216555178 0.5168697696017989 -0.36233101924922956 0.0649573298409322 -0.8254872985992424 
124 -1 0.23853869110117265 -0.10263430445907692 -0.2407741289790899 2.180765603251427 -0.24698066089713805 -1.5705754393682245 -0.49661187932199524 
125 1 -1.1561707850980258 -0.9893645084253639 -1.4809258070083735 0.4128762799986971 -1.784985438925025 -1.2071237128773007 -2.0000423674465537 
126 -1 1.0968214456852947 0.6067498587139527 0.4309746966201054 -0.835045595238524 -0.9390828110096872 -0.2984943966499915 -0.6375584875836726 
127 1 1.3113921343313253 1.8481721442667545 1.98116429415671 0.20488930079249354 1.098773519877263 1.8822159622955508 0.9598364060486707 
128 1 0.774965412716249 0.6954228791105814 0.9477045624656403 0.1008958111893918 0.5604718475675026 1.1553125093137033 0.20812116198639152 
129 1 -2.121738884005163 -2.142113773581537 -2.2043476191921223 -0.31507814722301525 -1.0544331693617786 -2.297478892350072 -1.6711669481693066 
130 1 -0.6197440634829494 -0.6346724268388492 -0.2924471155636434 -0.21108465761991346 0.02217017525774215 -0.8436719863863771 -0.30868306830642545 
131 1 -0.6197440634829494 -0.10263430445907692 0.5343206697892124 -1.7709870016664397 -0.8621825721082929 2.2456676887864746 -0.026789851783070744 
132 1 -0.4051733748369189 -0.5459994064422204 -0.3441201021481969 0.7248567488080023 -0.6699319748548069 -1.3888495761227626 -0.0737720545369632 
133 -1 -0.4051733748369189 -0.368653365648963 0.12093677711278451 -0.0030976784137099612 0.8296226837223828 -0.48022025989545336 0.4430321757558538 
134 -1 -0.83431475212898 -0.9006914880287352 -0.8608499679937317 -0.7310521056354222 -0.13163030254504654 -1.3888495761227626 0.5369965812636387 
135 -1 0.6676800683932337 0.8727689199038388 0.4309746966201054 1.1408307072204094 -0.3238808997985324 -1.025397849631839 -1.0134161096148122 
136 1 0.23853869110117265 0.3407307975240666 0.6376666429583194 0.4128762799986971 2.175376864496784 1.518764235804627 1.71155165011095 
137 1 0.774965412716249 0.518076838317324 1.2060694953884077 0.3088827903955953 2.060026506144692 0.24668319308639403 1.288711825325918 
138 1 -0.1906026861908884 -0.4573263860455917 -0.6541580216555178 -0.21108465761991346 -0.90063269155899 -0.8436719863863771 -0.49661187932199524 
139 -1 0.34582403542418794 0.16338475673080918 0.6893396295428729 -0.6270586160323205 0.5989219670181998 -1.025397849631839 1.617587244603165 
140 -1 1.0968214456852947 1.2274610014903535 0.9477045624656403 1.4528111760297147 1.1756737587786572 0.0649573298409322 0.8658720005408859 
141 1 -0.9416000964519953 -1.25538356961525 -1.1708878875010527 -0.31507814722301525 -1.131333408263173 -0.8436719863863771 -1.0134161096148122 
142 1 0.23853869110117265 0.42940381792069526 0.4309746966201054 -0.7310521056354222 -0.7852823332068984 0.0649573298409322 -0.8254872985992424 
143 -1 2.1696748889154476 1.936845164663383 1.567780401480282 0.8288502384111041 0.3682212503140167 -0.2984943966499915 0.6779431895253161 
144 -1 0.6676800683932337 0.42940381792069526 0.32762872345099847 0.5168697696017989 -0.4392312581506239 -0.48022025989545336 -0.12075425729085565 
145 -1 0.1312533467781574 0.16338475673080918 0.37930171003555196 -0.21108465761991346 -0.13163030254504654 0.0649573298409322 0.4430321757558538 
146 -1 0.02396800245514213 0.07471173633418048 0.12093677711278451 -0.835045595238524 -0.2854307803478352 -0.8436719863863771 0.25510336474028394 
147 1 -1.7998828510361173 -2.142113773581537 -1.9976556728539085 0.3088827903955953 -1.0159830499110816 -0.8436719863863771 -1.718149150923199 
148 -1 0.23853869110117265 0.07471173633418048 0.172609763697338 -0.0030976784137099612 -1.0159830499110816 -0.6619461231409152 -0.9194517041070274 
149 1 0.1312533467781574 0.16338475673080918 0.4309746966201054 -0.835045595238524 0.17597065306053083 0.7918607828227796 0.20812116198639152 
150 1 -0.83431475212898 -0.7233454472354778 -1.3775798338392666 1.76479164483902 0.5989219670181998 -1.5705754393682245 -0.12075425729085565 
151 1 -0.29788803051390367 0.07471173633418048 0.12093677711278451 1.6607981552359181 1.5986250727363263 0.6101349195773177 0.8658720005408859 
152 1 -1.0488854407750106 -0.9893645084253639 -1.0158689277473922 -0.10709116801681172 -0.5161314970520182 -0.6619461231409152 -0.6375584875836726 
153 1 0.45310937974720317 0.42940381792069526 0.7926856027119799 0.8288502384111041 2.3676274617502697 2.0639418255410127 1.8994804611265197 
154 -1 0.5603947240702184 0.78409589950721 0.8960315758810868 0.3088827903955953 1.0603234004265658 0.9735866460682414 1.0538008115564557 
155 1 -0.4051733748369189 -0.013961284062448228 0.12093677711278451 0.9328437280142058 0.6758222059195941 -0.11676853340452967 0.06717455372471416 
156 1 -0.6197440634829494 -0.368653365648963 -0.3957930887327504 0.4128762799986971 1.098773519877263 -1.025397849631839 0.4900143785097462 
157 -1 0.774965412716249 0.6067498587139527 0.22428275028189149 -1.5630000224602363 -0.4392312581506239 0.0649573298409322 0.06717455372471416 
158 -1 -0.1906026861908884 0.3407307975240666 -0.3441201021481969 -0.0030976784137099612 -0.13163030254504654 0.0649573298409322 0.02019235097082171 
159 -1 1.0968214456852947 0.9614419403004675 0.7410126161274263 -0.7310521056354222 -0.40078113869992676 -0.6619461231409152 0.20812116198639152 
160 -1 1.0968214456852947 0.6954228791105814 0.32762872345099847 -1.1470260640478294 -0.40078113869992676 0.0649573298409322 -0.12075425729085565 
161 -1 2.9206722991765544 2.0255181850600117 1.361088455142068 0.5168697696017989 0.5220217281168054 -0.8436719863863771 1.100783014310348 
162 -1 -0.08331734186787314 0.07471173633418048 -0.08575516922542945 -0.5230651264292188 -0.3238808997985324 -0.2984943966499915 -0.3556652710603179 
163 1 1.4186774786543406 0.9614419403004675 0.5859936563737659 -1.5630000224602363 -1.2082336471645674 1.1553125093137033 -0.5905762848297802 
164 -1 0.1312533467781574 0.3407307975240666 0.4826476832046589 -0.419071636826117 -0.09318018309434936 0.4284090563318559 0.20812116198639152 
165 -1 0.9895361013622795 0.8727689199038388 0.8960315758810868 -0.5230651264292188 0.40667136976471385 -0.48022025989545336 0.6309609867714235 
166 -1 3.3498136764686155 1.3161340218869824 -0.7058310082400713 -1.251019553650931 -1.4389343638687504 -1.025397849631839 -1.3422915288920594 
167 1 -0.4051733748369189 -0.27998034525233434 -0.1891011423945364 -0.31507814722301525 -0.3238808997985324 0.4284090563318559 -0.5435940820758877 
168 1 0.774965412716249 1.050114960697096 1.2060694953884077 0.1008958111893918 1.9446761477926007 1.518764235804627 1.617587244603165 
169 -1 -0.08331734186787314 0.16338475673080918 0.06926379052823102 0.5168697696017989 0.17597065306053083 -0.11676853340452967 0.20812116198639152 
170 -1 -0.9416000964519953 -0.9006914880287352 -0.8608499679937317 -0.21108465761991346 -1.0544331693617786 -0.6619461231409152 -0.9194517041070274 
171 -1 -0.29788803051390367 -0.4573263860455917 -0.8091769814091783 -1.251019553650931 -1.0159830499110816 1.3370383725591652 -0.684540690337565 
172 -1 -1.2634561294210411 -1.1667105492186214 -1.325906847254713 -0.9390390848416258 -1.592734841671539 -1.5705754393682245 -1.4832381371537366 
173 1 0.45310937974720317 0.6067498587139527 0.7410126161274263 -0.5230651264292188 2.2907272228488753 1.7004900990500889 1.8055160556187348 
174 -1 1.8478188559464017 1.670826103473497 1.2060694953884077 -0.31507814722301525 -0.01627994419295502 -0.48022025989545336 0.4900143785097462 
175 1 0.34582403542418794 0.518076838317324 0.8443585892965333 0.20488930079249354 1.5986250727363263 1.8822159622955508 1.1477652170642405 
176 1 -0.9416000964519953 -0.5459994064422204 -0.6541580216555178 0.8288502384111041 0.32977113086331955 -1.2071237128773007 -0.4496296765681028 
177 -1 1.8478188559464017 1.3161340218869824 1.1027235222193008 0.3088827903955953 -0.09318018309434936 -0.6619461231409152 0.34906777024806884 
178 -1 1.9551042002694168 2.0255181850600117 1.9294913075721565 1.8687851344421216 0.5604718475675026 1.1553125093137033 0.25510336474028394 
179 1 -0.29788803051390367 -0.4573263860455917 -0.6024850350709643 1.4528111760297147 0.02217017525774215 -1.5705754393682245 -0.1677364600447481 
180 -1 0.23853869110117265 -0.013961284062448228 0.12093677711278451 -0.419071636826117 -0.3238808997985324 -0.8436719863863771 0.11415675647860661 
181 1 0.8822507570392643 1.3161340218869824 1.567780401480282 1.3488176864266128 1.7524255505391149 1.518764235804627 1.0538008115564557 
182 -1 -0.5124587191599342 -0.368653365648963 -0.13742815580998294 -0.31507814722301525 0.5989219670181998 -0.6619461231409152 0.20812116198639152 
183 -1 0.1312533467781574 -0.013961284062448228 0.32762872345099847 -0.6270586160323205 0.02217017525774215 -0.11676853340452967 0.02019235097082171 
184 -1 0.5603947240702184 -0.013961284062448228 -0.2407741289790899 -1.8749804912695416 -1.2082336471645674 -0.6619461231409152 -0.49661187932199524 
185 -1 -1.2634561294210411 -1.0780375288219926 -1.3775798338392666 1.4528111760297147 0.02217017525774215 -0.6619461231409152 -0.5435940820758877 
186 1 1.7405335116233864 1.8481721442667545 2.291202213664031 0.9328437280142058 1.5217248338349318 0.0649573298409322 1.3826762308337028 
187 1 -0.1906026861908884 -0.19130732485570562 -0.13742815580998294 0.7248567488080023 1.7139754310884177 1.1553125093137033 0.4430321757558538 
188 -1 2.062389544592432 1.936845164663383 1.6711263746493892 -0.0030976784137099612 0.6373720864688969 0.4284090563318559 0.9598364060486707 
189 1 -0.7270294078059647 -0.7233454472354778 -0.7575039948246248 1.0368372176173075 0.17597065306053083 -0.2984943966499915 -0.261700865552533 
190 1 -0.1906026861908884 -0.013961284062448228 0.5343206697892124 -1.6669935120633381 -0.7852823332068984 0.6101349195773177 -0.261700865552533 
191 -1 -0.08331734186787314 -0.368653365648963 -0.3957930887327504 -0.9390390848416258 -1.362034124967356 -0.11676853340452967 -0.9194517041070274 
192 1 0.774965412716249 0.8727689199038388 1.2577424819729612 -0.5230651264292188 0.9834231615251715 1.3370383725591652 1.1477652170642405 
193 -1 0.34582403542418794 -0.013961284062448228 -0.13742815580998294 -0.5230651264292188 -0.7468322137562012 0.4284090563318559 -0.30868306830642545 
194 -1 -0.9416000964519953 -0.9893645084253639 -0.9641959411628387 1.1408307072204094 -0.13163030254504654 0.24668319308639403 -0.5905762848297802 
195 1 0.8822507570392643 1.050114960697096 1.1027235222193008 0.7248567488080023 2.4060775812009667 1.3370383725591652 1.71155165011095 
196 1 -1.1561707850980258 -0.8120184676321065 -0.7575039948246248 0.20488930079249354 -0.47768137760132107 0.6101349195773177 -0.8724695013531348 
197 1 -0.6197440634829494 -0.5459994064422204 -0.6024850350709643 0.7248567488080023 0.7527224448209884 0.4284090563318559 0.02019235097082171 
198 -1 0.23853869110117265 0.42940381792069526 1.5161074148957288 -0.21108465761991346 1.1756737587786572 0.6101349195773177 2.1813736776498747 
199 1 -1.7998828510361173 -1.7874216919950223 -1.842636713100248 0.4128762799986971 -0.7468322137562012 1.1553125093137033 -1.7651313536770914 
200 1 -0.1906026861908884 0.07471173633418048 0.5343206697892124 -0.835045595238524 0.214420772511228 0.9735866460682414 -0.12075425729085565 
201 -1 -0.08331734186787314 -0.19130732485570562 -0.5508120484864109 0.20488930079249354 -0.8621825721082929 -1.025397849631839 -0.49661187932199524 
202 1 -0.83431475212898 -0.8120184676321065 -0.7058310082400713 -0.5230651264292188 -0.9775329304603844 1.3370383725591652 -0.8254872985992424 
203 -1 -0.1906026861908884 -0.19130732485570562 0.275955736866445 0.8288502384111041 0.4835716086661082 -1.3888495761227626 0.9128542032947783 
204 -1 1.20410679000831 0.9614419403004675 1.1027235222193008 -1.251019553650931 -0.2854307803478352 0.0649573298409322 0.6779431895253161 
205 1 0.02396800245514213 0.42940381792069526 0.6893396295428729 0.7248567488080023 -1.4773844833194476 0.6101349195773177 -1.9060779619387689 
206 1 -1.692597506713102 -1.4327296104085074 -1.7909637265156946 1.76479164483902 -0.6314818554041097 -0.6619461231409152 -1.4362559343998442 
207 1 -1.9071681953591326 -2.0534407531849084 -2.049328659438462 0.3088827903955953 -1.4004842444180532 -1.5705754393682245 -1.718149150923199 
208 -1 1.0968214456852947 1.050114960697096 0.6376666429583194 -0.9390390848416258 0.13752053360983366 -0.48022025989545336 0.9128542032947783 
209 1 0.45310937974720317 0.78409589950721 1.1543965088038541 0.4128762799986971 1.9831262672432979 1.3370383725591652 3.0270533272199387 
210 1 0.34582403542418794 0.518076838317324 0.9477045624656403 -0.10709116801681172 0.6373720864688969 0.0649573298409322 0.6779431895253161 
211 -1 0.9895361013622795 0.3407307975240666 0.37930171003555196 -2.082967470475745 -1.0544331693617786 0.24668319308639403 -0.3556652710603179 
212 -1 -0.6197440634829494 -0.7233454472354778 -0.44746607531730387 -0.10709116801681172 -0.6314818554041097 -1.2071237128773007 -0.49661187932199524 
213 1 -1.0488854407750106 -1.0780375288219926 -0.6541580216555178 0.4128762799986971 -0.5930317359534126 -0.48022025989545336 -1.0134161096148122 
214 -1 -0.5124587191599342 -0.4573263860455917 -0.3441201021481969 0.3088827903955953 -0.24698066089713805 -1.2071237128773007 -0.5435940820758877 
215 -1 -0.29788803051390367 -0.27998034525233434 -0.2407741289790899 -0.5230651264292188 -0.36233101924922956 0.24668319308639403 -0.3556652710603179 
216 -1 -0.5124587191599342 -0.7233454472354778 -0.7058310082400713 -0.31507814722301525 -0.5161314970520182 -1.5705754393682245 -0.12075425729085565 
217 1 0.34582403542418794 0.78409589950721 0.5343206697892124 -0.9390390848416258 -0.9390828110096872 0.24668319308639403 -0.4496296765681028 
218 1 0.34582403542418794 0.42940381792069526 1.1027235222193008 -0.7310521056354222 0.17597065306053083 2.609119415277398 0.3020855674941764 
219 -1 -0.29788803051390367 -0.27998034525233434 -0.13742815580998294 -1.0430325744447275 -1.0928832888124758 0.0649573298409322 -0.77850509584535 
220 -1 -0.08331734186787314 -0.013961284062448228 0.06926379052823102 -0.21108465761991346 0.7911725642716856 0.6101349195773177 0.7249253922792085 
221 1 -2.121738884005163 -1.9647677327882795 -2.049328659438462 -0.6270586160323205 -1.362034124967356 -1.7523013026136862 -1.6241847454154141 
222 -1 1.6332481673003711 1.404807042283611 0.8960315758810868 -1.4590065328571344 -0.5545816165027154 -0.2984943966499915 -0.026789851783070744 
223 1 0.34582403542418794 0.2520577771274379 0.4309746966201054 0.4128762799986971 0.3682212503140167 1.3370383725591652 -0.21471866279864055 
224 -1 -0.29788803051390367 -0.19130732485570562 0.12093677711278451 -1.0430325744447275 -0.40078113869992676 -1.025397849631839 0.3960499730019613 
225 -1 0.774965412716249 0.6067498587139527 0.32762872345099847 -0.835045595238524 -0.24698066089713805 -0.6619461231409152 0.06717455372471416 
226 1 -0.1906026861908884 -0.368653365648963 -0.44746607531730387 1.8687851344421216 0.5989219670181998 -0.6619461231409152 -0.026789851783070744 
227 1 1.20410679000831 1.3161340218869824 0.9477045624656403 -0.10709116801681172 0.3682212503140167 1.1553125093137033 0.3960499730019613 
228 -1 -0.08331734186787314 -0.27998034525233434 -0.3441201021481969 0.5168697696017989 -0.6314818554041097 -0.6619461231409152 -0.9664339068609198 
229 1 -0.83431475212898 -0.4573263860455917 -0.03408218264087595 -2.2909544496819487 -1.2466837666152646 1.1553125093137033 -0.6375584875836726 
230 1 0.1312533467781574 0.3407307975240666 0.37930171003555196 0.4128762799986971 0.8680728031730799 1.3370383725591652 0.5369965812636387 
231 -1 0.1312533467781574 0.16338475673080918 0.22428275028189149 -0.5230651264292188 0.9834231615251715 0.7918607828227796 0.8658720005408859 
232 1 0.5603947240702184 0.3407307975240666 0.5343206697892124 0.3088827903955953 1.4063744754828404 2.0639418255410127 0.6779431895253161 
233 1 0.02396800245514213 0.16338475673080918 0.22428275028189149 -0.6270586160323205 -0.09318018309434936 0.4284090563318559 0.5839787840175311 
234 1 -0.29788803051390367 0.2520577771274379 0.4826476832046589 -1.9789739808726432 -0.8237324526575956 1.8822159622955508 -0.30868306830642545 
235 -1 -1.3707414737440562 -1.1667105492186214 -1.0675419143319458 0.3088827903955953 -0.40078113869992676 -1.7523013026136862 0.06717455372471416 
236 -1 0.1312533467781574 -0.10263430445907692 0.017590803943677534 0.3088827903955953 -0.09318018309434936 -0.11676853340452967 0.16113895923249907 
237 -1 0.774965412716249 0.78409589950721 1.0510505356347473 -0.31507814722301525 -0.13163030254504654 -0.48022025989545336 0.6309609867714235 
238 -1 0.6676800683932337 0.42940381792069526 0.172609763697338 -0.9390390848416258 -0.4392312581506239 -0.2984943966499915 -0.21471866279864055 
239 1 -1.3707414737440562 -1.0780375288219926 -1.0158689277473922 -0.5230651264292188 -1.2466837666152646 -0.11676853340452967 -1.2013449206303821 
240 -1 0.34582403542418794 -0.013961284062448228 -0.3441201021481969 -1.9789739808726432 -1.2466837666152646 -0.11676853340452967 -0.7315228930914575 
241 1 -0.4051733748369189 -0.7233454472354778 -0.6024850350709643 -0.0030976784137099612 -1.6696350805729334 -0.6619461231409152 -1.8590957591848762 
242 1 0.02396800245514213 0.42940381792069526 0.5859936563737659 1.3488176864266128 2.175376864496784 1.3370383725591652 1.5706050418492725 
243 -1 1.8478188559464017 1.4934800626802396 0.9477045624656403 -0.31507814722301525 0.214420772511228 -0.6619461231409152 0.6779431895253161 
244 -1 -0.1906026861908884 -0.27998034525233434 -0.8091769814091783 2.492746072060732 -0.05473006364365219 0.24668319308639403 -0.40264747381421034 
245 1 -2.121738884005163 -1.876094712391651 -1.9976556728539085 1.6607981552359181 -1.2851338860659618 -0.48022025989545336 -1.9060779619387689 
246 -1 0.1312533467781574 0.3407307975240666 0.172609763697338 0.8288502384111041 0.8296226837223828 -0.48022025989545336 0.4900143785097462 
247 1 -1.1561707850980258 -1.0780375288219926 -1.0675419143319458 -0.6270586160323205 -0.5930317359534126 -1.025397849631839 -0.8724695013531348 
248 -1 -0.4051733748369189 -0.5459994064422204 -0.3957930887327504 0.1008958111893918 0.3682212503140167 -1.3888495761227626 0.5369965812636387 
249 1 -1.0488854407750106 -0.9893645084253639 -1.0675419143319458 0.3088827903955953 -0.4392312581506239 0.4284090563318559 -0.40264747381421034 
250 -1 0.02396800245514213 -0.4573263860455917 -0.5508120484864109 -1.1470260640478294 0.29132101141262234 -0.6619461231409152 0.8658720005408859 
251 1 0.1312533467781574 0.3407307975240666 0.5343206697892124 0.6208632592049006 0.29132101141262234 1.3370383725591652 0.4430321757558538 
252 1 -1.2634561294210411 -0.9893645084253639 -0.9641959411628387 1.5568046656328163 -0.5161314970520182 0.24668319308639403 -1.2013449206303821 
253 -1 0.34582403542418794 0.2520577771274379 0.275955736866445 0.3088827903955953 0.44512148921541106 -0.6619461231409152 0.4430321757558538 
254 1 0.23853869110117265 0.3407307975240666 0.4826476832046589 0.7248567488080023 1.329474236581446 1.518764235804627 0.6309609867714235 
255 -1 -0.4051733748369189 -0.5459994064422204 -0.3957930887327504 -0.7310521056354222 -0.01627994419295502 -0.6619461231409152 0.8188897977869933 
256 1 -0.08331734186787314 0.16338475673080918 0.5859936563737659 -0.21108465761991346 -0.01627994419295502 1.3370383725591652 0.3960499730019613 
257 -1 -1.1561707850980258 -0.9893645084253639 -0.9125229545782853 0.6208632592049006 -0.47768137760132107 -0.6619461231409152 -0.684540690337565 
258 1 0.23853869110117265 0.518076838317324 0.37930171003555196 0.1008958111893918 -0.5930317359534126 0.7918607828227796 -0.9194517041070274 
259 -1 0.02396800245514213 -0.10263430445907692 0.06926379052823102 -0.0030976784137099612 0.32977113086331955 -0.2984943966499915 0.4900143785097462 
260 -1 0.23853869110117265 -0.013961284062448228 0.017590803943677534 -0.31507814722301525 -0.6699319748548069 0.7918607828227796 -0.1677364600447481 
261 -1 -0.4051733748369189 -0.10263430445907692 0.172609763697338 0.20488930079249354 1.1756737587786572 0.0649573298409322 0.7249253922792085 
262 -1 0.774965412716249 0.518076838317324 0.172609763697338 -0.10709116801681172 -0.20853054144644087 0.0649573298409322 -0.1677364600447481 
263 1 -0.9416000964519953 -1.1667105492186214 -1.2225608740856062 0.20488930079249354 0.7911725642716856 -0.48022025989545336 -0.026789851783070744 
264 1 -1.692597506713102 -1.521402630805136 -1.6359447667620342 2.3887525824576303 -1.1697835277138702 0.24668319308639403 -1.5302203399076293 
265 -1 1.3113921343313253 1.050114960697096 0.9477045624656403 -0.5230651264292188 0.32977113086331955 0.4284090563318559 0.6309609867714235 
266 1 0.1312533467781574 0.42940381792069526 0.7410126161274263 0.1008958111893918 1.0218732809758686 0.4284090563318559 0.7249253922792085 
267 1 1.20410679000831 1.670826103473497 1.98116429415671 1.0368372176173075 1.9831262672432979 1.7004900990500889 1.617587244603165 
268 1 0.02396800245514213 0.07471173633418048 -0.13742815580998294 0.6208632592049006 1.0603234004265658 0.6101349195773177 0.4900143785097462 
269 1 -0.6197440634829494 -0.4573263860455917 -0.2924471155636434 0.6208632592049006 0.9449730420744743 0.4284090563318559 0.3960499730019613 
270 1 0.34582403542418794 0.6067498587139527 0.4826476832046589 0.5168697696017989 0.40667136976471385 1.518764235804627 0.3960499730019613 
271 -1 1.0968214456852947 0.518076838317324 0.275955736866445 -1.1470260640478294 -0.24698066089713805 0.24668319308639403 -0.30868306830642545 
272 -1 -0.5124587191599342 -0.9893645084253639 -0.9641959411628387 -0.6270586160323205 -1.0928832888124758 -0.2984943966499915 -1.0603983123687046 
273 1 -0.1906026861908884 -0.4573263860455917 -0.08575516922542945 -0.6270586160323205 1.1372236393279602 0.7918607828227796 0.34906777024806884 
274 1 -0.1906026861908884 -0.368653365648963 -0.13742815580998294 -0.0030976784137099612 0.32977113086331955 0.9735866460682414 0.02019235097082171 
275 -1 0.34582403542418794 -0.10263430445907692 -0.2924471155636434 -0.10709116801681172 -0.3238808997985324 -1.025397849631839 0.20812116198639152 
276 -1 -0.5124587191599342 -0.6346724268388492 -0.5508120484864109 -1.9789739808726432 -0.9775329304603844 -0.48022025989545336 -0.30868306830642545 
277 1 -1.0488854407750106 -1.25538356961525 -1.325906847254713 -1.4590065328571344 -0.8237324526575956 0.0649573298409322 -0.7315228930914575 
278 1 -1.5853121623900868 -1.6987486715983935 -1.8943096996848015 1.5568046656328163 -1.0159830499110816 -1.5705754393682245 -1.6711669481693066 
279 1 -0.6197440634829494 -0.7233454472354778 -0.6541580216555178 -0.21108465761991346 0.7911725642716856 0.6101349195773177 0.20812116198639152 
280 1 0.774965412716249 0.78409589950721 1.1027235222193008 0.6208632592049006 1.8293257894405093 1.7004900990500889 1.52362283909538 
281 -1 0.5603947240702184 0.42940381792069526 0.37930171003555196 0.1008958111893918 0.29132101141262234 -0.48022025989545336 0.5369965812636387 
282 1 0.6676800683932337 1.4934800626802396 1.4644344283111752 2.076772113648325 -0.6314818554041097 -0.8436719863863771 -1.4832381371537366 
283 1 -0.6197440634829494 -0.8120184676321065 -1.3775798338392666 0.9328437280142058 -1.2082336471645674 -1.2071237128773007 -1.2483271233842745 
284 -1 0.02396800245514213 -0.27998034525233434 -0.3957930887327504 -1.3550130432540328 -1.131333408263173 -0.48022025989545336 -0.77850509584535 
285 1 -2.014453539682148 -1.9647677327882795 -1.945982686269355 0.8288502384111041 -0.8237324526575956 0.4284090563318559 -1.6241847454154141 
286 1 0.1312533467781574 -0.013961284062448228 0.12093677711278451 -2.082967470475745 -1.0928832888124758 0.6101349195773177 -0.5435940820758877 
287 1 0.45310937974720317 0.78409589950721 0.9477045624656403 0.5168697696017989 1.5217248338349318 1.1553125093137033 1.0538008115564557 
288 1 -0.4051733748369189 -0.4573263860455917 -0.44746607531730387 0.3088827903955953 -0.40078113869992676 1.1553125093137033 -0.6375584875836726 
289 1 -0.83431475212898 -0.368653365648963 -0.49913906190185736 2.492746072060732 0.4835716086661082 0.7918607828227796 -0.261700865552533 
290 1 0.774965412716249 0.6067498587139527 0.7410126161274263 -0.0030976784137099612 -1.0544331693617786 -0.2984943966499915 -0.9194517041070274 
291 1 -1.2634561294210411 -1.0780375288219926 -1.1708878875010527 -0.10709116801681172 -0.7468322137562012 -1.2071237128773007 -0.4496296765681028 
292 -1 -0.5124587191599342 -0.8120184676321065 -1.3775798338392666 -0.9390390848416258 -1.592734841671539 -1.025397849631839 -1.295309326138167 
293 1 0.5603947240702184 0.518076838317324 0.6376666429583194 0.3088827903955953 1.790875669989812 1.3370383725591652 1.617587244603165 
294 1 0.02396800245514213 0.42940381792069526 0.4826476832046589 0.4128762799986971 0.3682212503140167 0.24668319308639403 0.5369965812636387 
295 1 0.45310937974720317 0.42940381792069526 0.7410126161274263 0.5168697696017989 2.1369267450460865 1.3370383725591652 1.4766406363414877 
296 1 -0.5124587191599342 -0.5459994064422204 -0.3441201021481969 -0.7310521056354222 -0.7083820943055041 0.6101349195773177 -0.684540690337565 
297 1 -1.5853121623900868 -1.3440565900118788 -1.532598793592927 1.3488176864266128 -0.9775329304603844 -1.5705754393682245 -1.7651313536770914 
298 1 -0.29788803051390367 0.07471173633418048 0.37930171003555196 -1.1470260640478294 -0.8237324526575956 0.9735866460682414 -0.30868306830642545 
299 -1 0.8822507570392643 0.78409589950721 0.6376666429583194 -0.5230651264292188 -0.20853054144644087 -0.48022025989545336 -0.1677364600447481 
300 -1 -0.08331734186787314 0.07471173633418048 0.275955736866445 -0.6270586160323205 -0.5930317359534126 0.6101349195773177 -0.30868306830642545 
301 -1 0.02396800245514213 0.07471173633418048 0.06926379052823102 0.20488930079249354 0.17597065306053083 0.0649573298409322 -0.026789851783070744 
302 -1 -1.2634561294210411 -1.521402630805136 -1.4809258070083735 -2.602934918491254 -1.823435558375722 -1.2071237128773007 -1.4362559343998442 
303 -1 -0.29788803051390367 -0.4573263860455917 -0.8091769814091783 -0.835045595238524 -1.0544331693617786 -0.6619461231409152 -0.8724695013531348 
304 -1 -1.2634561294210411 -1.4327296104085074 -1.2225608740856062 -0.7310521056354222 -1.362034124967356 -0.8436719863863771 -1.295309326138167 
305 1 -0.7270294078059647 -0.6346724268388492 -0.44746607531730387 -1.5630000224602363 -0.9390828110096872 1.3370383725591652 -0.6375584875836726 
306 -1 0.34582403542418794 -0.013961284062448228 -0.3957930887327504 -0.9390390848416258 -2.015686155629208 -1.5705754393682245 -1.718149150923199 
307 1 1.20410679000831 1.404807042283611 1.6711263746493892 0.7248567488080023 2.1369267450460865 1.7004900990500889 1.6645694473570576 
308 1 -0.9416000964519953 -0.19130732485570562 -0.6541580216555178 1.4528111760297147 1.1372236393279602 0.0649573298409322 1.194747419818133 
309 1 -0.83431475212898 -0.4573263860455917 -0.6024850350709643 1.2448241968235112 0.6758222059195941 -0.2984943966499915 -0.0737720545369632 
310 1 -0.7270294078059647 -0.6346724268388492 -0.7058310082400713 1.0368372176173075 0.09907041415913649 0.0649573298409322 -0.5905762848297802 
311 -1 0.34582403542418794 0.6067498587139527 0.172609763697338 -0.5230651264292188 -0.2854307803478352 0.6101349195773177 0.34906777024806884 
312 1 -0.83431475212898 -1.25538356961525 -1.0675419143319458 0.20488930079249354 0.29132101141262234 -0.48022025989545336 0.3020855674941764 
313 -1 1.3113921343313253 0.8727689199038388 0.5343206697892124 -0.9390390848416258 0.214420772511228 -0.6619461231409152 0.9598364060486707 
314 1 0.5603947240702184 0.78409589950721 0.9477045624656403 -0.21108465761991346 1.0603234004265658 1.7004900990500889 1.3826762308337028 
315 1 -1.7998828510361173 -2.0534407531849084 -2.049328659438462 0.7248567488080023 -0.9775329304603844 -0.8436719863863771 -1.718149150923199 
316 -1 -0.1906026861908884 -0.368653365648963 -0.6024850350709643 -0.419071636826117 -0.7468322137562012 -0.48022025989545336 -0.9194517041070274 
317 -1 0.6676800683932337 0.16338475673080918 0.22428275028189149 -0.9390390848416258 -0.9390828110096872 0.24668319308639403 -0.4496296765681028 
318 -1 0.23853869110117265 -0.013961284062448228 -0.13742815580998294 -0.9390390848416258 -0.7852823332068984 0.24668319308639403 -0.5435940820758877 
319 -1 0.02396800245514213 0.07471173633418048 -0.1891011423945364 -0.419071636826117 -1.0159830499110816 0.7918607828227796 -1.1543627178764895 
320 -1 0.5603947240702184 0.6954228791105814 0.275955736866445 0.5168697696017989 -0.47768137760132107 0.24668319308639403 -0.5905762848297802 
321 -1 0.5603947240702184 -0.19130732485570562 -0.08575516922542945 -2.498941428888152 -1.4389343638687504 -0.2984943966499915 -0.8254872985992424 
322 -1 0.23853869110117265 0.2520577771274379 -0.3441201021481969 0.3088827903955953 -0.7468322137562012 -0.48022025989545336 -0.5905762848297802 
323 1 0.774965412716249 1.3161340218869824 1.1543965088038541 0.1008958111893918 0.02217017525774215 -0.2984943966499915 -0.1677364600447481 
324 1 -1.3707414737440562 -1.25538356961525 -1.3775798338392666 1.0368372176173075 -0.7468322137562012 -0.48022025989545336 -0.9194517041070274 
325 1 -0.7270294078059647 -0.4573263860455917 -0.08575516922542945 -2.3949479392850503 -1.5158346027701448 2.2456676887864746 -0.8724695013531348 
326 1 0.23853869110117265 0.9614419403004675 1.3094154685575148 1.3488176864266128 2.213826983947481 0.6101349195773177 1.288711825325918 
327 1 -1.1561707850980258 -0.5459994064422204 -0.1891011423945364 -1.0430325744447275 -1.0544331693617786 1.8822159622955508 -0.3556652710603179 
328 -1 0.1312533467781574 0.518076838317324 0.12093677711278451 -0.835045595238524 -0.8621825721082929 -0.6619461231409152 -0.30868306830642545 
329 -1 0.5603947240702184 0.42940381792069526 0.22428275028189149 -0.10709116801681172 -0.20853054144644087 -1.025397849631839 -0.4496296765681028 
330 1 0.9895361013622795 1.138787981093725 1.6711263746493892 0.7248567488080023 1.8677759088912065 1.3370383725591652 1.0538008115564557 
331 -1 -0.6197440634829494 -0.9006914880287352 -1.0158689277473922 0.1008958111893918 -0.7083820943055041 -0.6619461231409152 -0.5905762848297802 
332 -1 0.5603947240702184 -0.013961284062448228 -0.2407741289790899 -1.8749804912695416 -1.3235840055166588 0.0649573298409322 -0.8724695013531348 
333 -1 -1.4780268180670715 -1.1667105492186214 -1.6359447667620342 0.6208632592049006 -1.2082336471645674 -1.3888495761227626 -1.5772025426615217 
334 -1 0.45310937974720317 0.518076838317324 0.275955736866445 0.5168697696017989 0.09907041415913649 -0.6619461231409152 0.25510336474028394 
335 -1 -0.1906026861908884 -0.27998034525233434 -0.6024850350709643 0.9328437280142058 0.02217017525774215 -1.2071237128773007 -0.5435940820758877 
336 1 0.34582403542418794 0.42940381792069526 0.4309746966201054 0.5168697696017989 1.1756737587786572 0.7918607828227796 0.9128542032947783 
337 -1 1.7405335116233864 1.404807042283611 0.7926856027119799 -0.7310521056354222 0.09907041415913649 0.6101349195773177 0.6309609867714235 
338 1 -2.014453539682148 -2.0534407531849084 -2.1526746326075687 2.076772113648325 -0.9390828110096872 -1.7523013026136862 -1.7651313536770914 
339 -1 1.9551042002694168 1.5821530830768684 0.9477045624656403 0.3088827903955953 -0.24698066089713805 -0.2984943966499915 0.3020855674941764 
340 -1 0.6676800683932337 0.3407307975240666 0.32762872345099847 -0.835045595238524 -0.5161314970520182 -0.8436719863863771 -0.0737720545369632 
341 -1 -1.4780268180670715 -1.7874216919950223 -1.6876177533465875 -0.835045595238524 -1.823435558375722 -1.2071237128773007 -1.6241847454154141 
342 1 -1.3707414737440562 -1.521402630805136 -1.5842717801774806 -0.5230651264292188 -0.09318018309434936 0.7918607828227796 -0.4496296765681028 
343 1 -1.0488854407750106 -1.521402630805136 -1.3775798338392666 0.20488930079249354 -0.4392312581506239 -1.2071237128773007 -1.1543627178764895 
344 1 0.02396800245514213 -0.19130732485570562 0.32762872345099847 0.5168697696017989 1.4448245949335374 1.3370383725591652 1.0068186088025632 
345 -1 0.45310937974720317 -0.19130732485570562 -0.13742815580998294 -0.0030976784137099612 0.8680728031730799 0.4284090563318559 1.100783014310348 
346 -1 1.6332481673003711 0.6067498587139527 0.275955736866445 -1.5630000224602363 -0.9390828110096872 1.8822159622955508 -0.49661187932199524 
347 1 -0.08331734186787314 -0.368653365648963 -0.03408218264087595 0.6208632592049006 2.2522771033981783 0.24668319308639403 1.71155165011095 
348 -1 0.8822507570392643 0.6954228791105814 0.6376666429583194 -0.10709116801681172 -0.24698066089713805 -0.6619461231409152 0.3020855674941764 
349 1 0.9895361013622795 0.6954228791105814 1.0510505356347473 0.1008958111893918 2.63677829790515 1.8822159622955508 1.8524982583726273 
350 -1 0.23853869110117265 0.07471173633418048 0.017590803943677534 -0.9390390848416258 -0.05473006364365219 -0.2984943966499915 -0.0737720545369632 
351 1 -0.5124587191599342 -1.25538356961525 -1.1192149009164991 0.5168697696017989 0.7142723253702913 -0.11676853340452967 0.06717455372471416 
352 1 -0.83431475212898 -0.7233454472354778 -0.9641959411628387 1.3488176864266128 0.214420772511228 -0.11676853340452967 -0.9664339068609198 
353 -1 0.02396800245514213 0.16338475673080918 0.172609763697338 -0.835045595238524 0.13752053360983366 0.0649573298409322 0.4430321757558538 
354 1 0.34582403542418794 0.3407307975240666 0.9477045624656403 0.6208632592049006 1.7139754310884177 1.3370383725591652 1.288711825325918 
355 1 0.5603947240702184 0.78409589950721 1.2060694953884077 0.4128762799986971 1.7524255505391149 0.4284090563318559 1.0068186088025632 
356 1 0.34582403542418794 0.9614419403004675 1.1543965088038541 0.5168697696017989 1.1756737587786572 0.7918607828227796 1.3826762308337028 
357 -1 0.9895361013622795 0.6067498587139527 -0.13742815580998294 0.3088827903955953 -1.131333408263173 -1.025397849631839 -1.107380515122597 
358 -1 0.6676800683932337 0.518076838317324 0.22428275028189149 -0.0030976784137099612 -0.7468322137562012 -0.48022025989545336 -0.40264747381421034 
359 -1 -0.29788803051390367 -1.0780375288219926 -1.0675419143319458 -1.5630000224602363 -1.0928832888124758 -0.8436719863863771 -0.684540690337565 
360 -1 0.774965412716249 0.9614419403004675 0.5859936563737659 0.8288502384111041 -0.20853054144644087 -0.2984943966499915 -0.026789851783070744 
361 1 -1.2634561294210411 -0.9893645084253639 -1.2225608740856062 2.180765603251427 -0.17008042199574372 -1.025397849631839 -0.5905762848297802 
362 1 -0.29788803051390367 0.3407307975240666 -0.2924471155636434 -0.5230651264292188 -0.7083820943055041 0.9735866460682414 -0.7315228930914575 
363 -1 0.1312533467781574 0.6067498587139527 0.8443585892965333 0.9328437280142058 1.329474236581446 -0.48022025989545336 2.040427069388197 
364 -1 -0.08331734186787314 -0.10263430445907692 0.06926379052823102 -0.10709116801681172 0.5220217281168054 0.4284090563318559 0.3020855674941764 
365 1 -1.0488854407750106 -1.7874216919950223 -1.739290739931141 -0.21108465761991346 -1.2851338860659618 -1.7523013026136862 -1.295309326138167 
366 1 -1.0488854407750106 -0.9893645084253639 -1.0158689277473922 0.6208632592049006 -0.4392312581506239 0.6101349195773177 -0.5905762848297802 
367 1 -1.7998828510361173 -1.7874216919950223 -1.945982686269355 2.8047265408700373 -0.47768137760132107 -1.2071237128773007 -1.6711669481693066 
368 1 0.45310937974720317 0.6954228791105814 0.8960315758810868 0.3088827903955953 2.021576386693995 1.3370383725591652 1.6645694473570576 
369 -1 -0.5124587191599342 -0.5459994064422204 -0.7058310082400713 -0.6270586160323205 -0.7468322137562012 -1.5705754393682245 -0.261700865552533 
370 1 -0.4051733748369189 -0.6346724268388492 -0.6541580216555178 1.0368372176173075 -0.40078113869992676 -0.6619461231409152 0.20812116198639152 
371 1 1.3113921343313253 1.4934800626802396 1.8261453344030496 -0.21108465761991346 1.098773519877263 0.4284090563318559 2.2753380831576595 
372 -1 2.062389544592432 1.7594991238701259 1.3094154685575148 -1.0430325744447275 -0.40078113869992676 -0.6619461231409152 0.34906777024806884 
373 1 -0.4051733748369189 -0.368653365648963 -0.2924471155636434 -1.9789739808726432 -0.7083820943055041 1.3370383725591652 -0.1677364600447481 
374 -1 -0.08331734186787314 0.2520577771274379 0.017590803943677534 1.0368372176173075 0.5604718475675026 -1.025397849631839 0.4900143785097462 
375 -1 -0.7270294078059647 -0.27998034525233434 0.12093677711278451 0.20488930079249354 -0.5930317359534126 -1.025397849631839 -0.261700865552533 
376 -1 -0.29788803051390367 -0.5459994064422204 -0.7575039948246248 1.9727786240452234 -0.6314818554041097 -0.6619461231409152 -0.8724695013531348 
377 -1 -0.1906026861908884 -0.6346724268388492 -0.6541580216555178 -1.8749804912695416 -1.2851338860659618 -0.6619461231409152 -1.0603983123687046 
378 -1 0.1312533467781574 -0.013961284062448228 -0.2924471155636434 -0.10709116801681172 -0.40078113869992676 -0.8436719863863771 -0.261700865552533 
379 -1 0.45310937974720317 0.07471173633418048 -0.3441201021481969 2.180765603251427 0.7142723253702913 -1.3888495761227626 0.7719075950331009 
380 1 -1.4780268180670715 -1.3440565900118788 -1.4809258070083735 0.4128762799986971 -1.0928832888124758 -0.11676853340452967 -1.5302203399076293 
381 -1 0.774965412716249 0.6954228791105814 0.8443585892965333 -1.0430325744447275 -0.24698066089713805 0.6101349195773177 0.06717455372471416 
382 -1 -0.6197440634829494 -0.368653365648963 -0.08575516922542945 -1.0430325744447275 0.7911725642716856 -0.6619461231409152 1.5706050418492725 
383 -1 0.45310937974720317 0.6067498587139527 0.4309746966201054 -0.31507814722301525 -0.01627994419295502 1.3370383725591652 0.3020855674941764 
384 1 0.774965412716249 1.3161340218869824 1.4127614417266217 0.8288502384111041 1.7524255505391149 1.518764235804627 1.2417296225720253 
385 1 -0.7270294078059647 -0.9893645084253639 -1.0675419143319458 0.4128762799986971 -0.8621825721082929 -1.025397849631839 -0.9194517041070274 
386 1 0.02396800245514213 0.6067498587139527 1.1027235222193008 1.0368372176173075 2.175376864496784 1.1553125093137033 1.7585338528648424 
387 -1 -0.7270294078059647 -0.6346724268388492 -0.7575039948246248 0.4128762799986971 -0.05473006364365219 0.4284090563318559 -0.5435940820758877 
388 1 -0.9416000964519953 -0.6346724268388492 -0.8091769814091783 1.1408307072204094 0.13752053360983366 0.0649573298409322 -0.30868306830642545 
389 -1 1.8478188559464017 1.936845164663383 1.98116429415671 0.6208632592049006 1.8677759088912065 -0.6619461231409152 1.9464626638804121 
390 -1 0.774965412716249 0.6067498587139527 0.5343206697892124 -0.419071636826117 -0.4392312581506239 0.0649573298409322 -0.026789851783070744 
391 -1 -0.08331734186787314 0.07471173633418048 0.06926379052823102 0.4128762799986971 -0.4392312581506239 -0.6619461231409152 -0.5435940820758877 
392 -1 0.5603947240702184 0.78409589950721 0.4826476832046589 -0.31507814722301525 -0.36233101924922956 -0.48022025989545336 -0.0737720545369632 
393 1 -1.4780268180670715 -1.876094712391651 -1.532598793592927 -0.835045595238524 -1.6311849611222362 -0.6619461231409152 -1.8590957591848762 
394 1 0.9895361013622795 1.050114960697096 1.567780401480282 1.0368372176173075 1.6370751921870235 1.518764235804627 1.100783014310348 
395 -1 2.384245577561478 2.5575563074397842 1.98116429415671 0.6208632592049006 0.7527224448209884 -0.11676853340452967 1.4296584335875953 
396 1 1.4186774786543406 1.670826103473497 2.1361832539103704 0.9328437280142058 1.8677759088912065 0.7918607828227796 1.3826762308337028 
397 1 -0.08331734186787314 0.07471173633418048 0.37930171003555196 -1.9789739808726432 -0.8621825721082929 1.7004900990500889 -0.3556652710603179 
398 1 0.02396800245514213 0.16338475673080918 0.4826476832046589 -0.419071636826117 1.2141238782293544 1.7004900990500889 1.194747419818133 
399 1 0.02396800245514213 0.3407307975240666 0.5859936563737659 -0.0030976784137099612 0.5220217281168054 -0.8436719863863771 0.4430321757558538 
400 -1 0.23853869110117265 -0.19130732485570562 -0.1891011423945364 -1.1470260640478294 -0.17008042199574372 -0.6619461231409152 0.25510336474028394 
401 1 -0.4051733748369189 -0.7233454472354778 -0.6541580216555178 -0.5230651264292188 -0.6699319748548069 0.7918607828227796 -0.9194517041070274 
402 1 0.23853869110117265 0.16338475673080918 -0.8608499679937317 1.3488176864266128 -0.13163030254504654 -1.5705754393682245 -0.0737720545369632 
403 1 1.3113921343313253 1.5821530830768684 1.4127614417266217 1.8687851344421216 1.7524255505391149 1.8822159622955508 0.9128542032947783 
404 -1 0.5603947240702184 0.6067498587139527 0.8443585892965333 0.1008958111893918 1.0218732809758686 1.3370383725591652 1.52362283909538 
405 -1 0.6676800683932337 0.78409589950721 0.22428275028189149 -1.251019553650931 -0.5545816165027154 1.1553125093137033 -0.026789851783070744 
406 -1 -0.08331734186787314 0.07471173633418048 0.12093677711278451 0.1008958111893918 -0.20853054144644087 1.518764235804627 0.02019235097082171 
407 -1 0.1312533467781574 -0.368653365648963 -0.6024850350709643 -1.3550130432540328 -1.4004842444180532 0.24668319308639403 -0.7315228930914575 
408 1 -0.4051733748369189 -0.368653365648963 -0.2924471155636434 0.1008958111893918 0.17597065306053083 1.3370383725591652 -0.0737720545369632 
409 -1 1.3113921343313253 0.9614419403004675 0.7926856027119799 -0.31507814722301525 0.3682212503140167 -0.11676853340452967 0.7719075950331009 
410 -1 -0.1906026861908884 0.16338475673080918 0.32762872345099847 -0.10709116801681172 0.29132101141262234 0.24668319308639403 0.6779431895253161 
411 1 0.34582403542418794 0.2520577771274379 0.22428275028189149 -0.31507814722301525 1.2525739976800516 1.1553125093137033 0.7249253922792085 
412 -1 -1.0488854407750106 -0.8120184676321065 -0.8091769814091783 0.8288502384111041 -0.4392312581506239 -0.6619461231409152 -0.3556652710603179 
413 -1 0.45310937974720317 0.6067498587139527 0.6376666429583194 0.20488930079249354 -0.3238808997985324 -0.6619461231409152 0.11415675647860661 
414 1 -1.2634561294210411 -1.4327296104085074 -1.7909637265156946 1.4528111760297147 -0.7083820943055041 -0.8436719863863771 -1.2483271233842745 
415 -1 0.02396800245514213 -0.013961284062448228 0.37930171003555196 -0.21108465761991346 1.2525739976800516 0.6101349195773177 1.1477652170642405 
416 -1 0.45310937974720317 0.6954228791105814 0.6376666429583194 0.5168697696017989 0.4835716086661082 -0.11676853340452967 0.16113895923249907 
417 -1 4.100811086729722 4.597035776562244 4.099756744123403 2.492746072060732 3.1750799702149104 0.24668319308639403 3.8727329767900027 
418 -1 0.34582403542418794 1.404807042283611 2.601240133171352 1.4528111760297147 2.8674790146093327 0.24668319308639403 4.107643990559465 
419 -1 -0.4051733748369189 -0.368653365648963 -0.2407741289790899 -0.7310521056354222 0.02217017525774215 -0.11676853340452967 -0.1677364600447481 
420 -1 0.45310937974720317 0.3407307975240666 -0.03408218264087595 -0.0030976784137099612 -0.3238808997985324 0.6101349195773177 -0.30868306830642545 
421 -1 0.5603947240702184 0.16338475673080918 0.32762872345099847 -0.5230651264292188 -0.7083820943055041 -0.6619461231409152 -0.12075425729085565 
422 -1 -1.0488854407750106 -1.0780375288219926 -1.0675419143319458 -0.419071636826117 -0.2854307803478352 -1.5705754393682245 0.11415675647860661 
423 -1 0.23853869110117265 0.3407307975240666 0.06926379052823102 -0.31507814722301525 -0.36233101924922956 -0.2984943966499915 0.25510336474028394 
424 1 2.062389544592432 1.4934800626802396 0.4826476832046589 0.8288502384111041 -0.5545816165027154 -1.2071237128773007 -0.12075425729085565 
425 1 -0.29788803051390367 -0.7233454472354778 -0.3957930887327504 -1.0430325744447275 0.8296226837223828 0.4284090563318559 0.6309609867714235 
426 1 1.6332481673003711 2.291537246249898 2.704586106340459 1.4528111760297147 2.0984766255953895 1.8822159622955508 1.9464626638804121 
427 1 -0.1906026861908884 0.16338475673080918 0.017590803943677534 1.9727786240452234 0.8296226837223828 1.8822159622955508 0.11415675647860661 
428 -1 6.353803317513043 5.838458062115046 3.272988958770547 0.9328437280142058 0.7911725642716856 0.7918607828227796 1.6645694473570576 
429 -1 0.1312533467781574 -0.013961284062448228 0.5859936563737659 -0.835045595238524 0.02217017525774215 0.0649573298409322 0.16113895923249907 
430 -1 -0.1906026861908884 -0.10263430445907692 0.8443585892965333 0.1008958111893918 1.098773519877263 -0.2984943966499915 1.8524982583726273 
431 1 -1.692597506713102 -1.7874216919950223 -1.9976556728539085 0.3088827903955953 -1.4773844833194476 -1.5705754393682245 -2.0000423674465537 
432 -1 0.774965412716249 0.6954228791105814 0.5859936563737659 0.5168697696017989 0.8680728031730799 -0.6619461231409152 0.8658720005408859 
433 -1 0.34582403542418794 0.3407307975240666 0.6893396295428729 0.1008958111893918 0.5989219670181998 -0.48022025989545336 1.3826762308337028 
434 -1 1.5259628229773559 1.670826103473497 1.361088455142068 0.8288502384111041 0.7527224448209884 -0.2984943966499915 1.0068186088025632 
435 -1 0.774965412716249 0.8727689199038388 0.7926856027119799 0.20488930079249354 0.7142723253702913 0.7918607828227796 1.52362283909538 
436 -1 1.7405335116233864 1.050114960697096 0.4309746966201054 -1.6669935120633381 -0.40078113869992676 0.6101349195773177 0.4900143785097462 
437 -1 -0.29788803051390367 -0.5459994064422204 -0.3957930887327504 -1.0430325744447275 -0.7468322137562012 -1.2071237128773007 -0.5435940820758877 
438 1 -0.9416000964519953 -0.8120184676321065 -1.0675419143319458 -0.419071636826117 -0.7852823332068984 -0.48022025989545336 -1.1543627178764895 
439 1 -0.1906026861908884 -0.4573263860455917 -0.3441201021481969 -0.10709116801681172 -0.01627994419295502 -0.6619461231409152 -0.3556652710603179 
440 -1 1.20410679000831 0.518076838317324 0.32762872345099847 -1.1470260640478294 -0.5930317359534126 -1.5705754393682245 -0.0737720545369632 
441 1 -0.08331734186787314 -0.4573263860455917 -0.2407741289790899 -1.0430325744447275 0.214420772511228 0.6101349195773177 0.34906777024806884 
442 -1 1.5259628229773559 2.1141912054566405 2.291202213664031 1.6607981552359181 1.1372236393279602 0.4284090563318559 1.100783014310348 
443 1 -1.7998828510361173 -1.9647677327882795 -1.9976556728539085 2.076772113648325 -1.0159830499110816 -1.5705754393682245 -1.8590957591848762 
444 1 -0.83431475212898 -0.9006914880287352 -0.2407741289790899 -2.7069284080943556 -1.131333408263173 1.7004900990500889 -0.3556652710603179 
445 1 -1.692597506713102 -2.2307867939781656 -2.256020605776676 0.6208632592049006 -1.0928832888124758 -1.5705754393682245 -1.6711669481693066 
446 1 0.02396800245514213 -0.10263430445907692 -0.49913906190185736 0.6208632592049006 0.8296226837223828 2.2456676887864746 0.3960499730019613 
447 -1 0.774965412716249 0.42940381792069526 0.22428275028189149 -0.5230651264292188 0.5604718475675026 -0.8436719863863771 1.2417296225720253 
448 -1 -0.1906026861908884 0.2520577771274379 0.37930171003555196 0.1008958111893918 -0.40078113869992676 0.4284090563318559 -0.026789851783070744 
449 1 -1.2634561294210411 -1.1667105492186214 -1.0158689277473922 -0.419071636826117 0.40667136976471385 -1.5705754393682245 -0.3556652710603179 
450 1 -1.4780268180670715 -1.25538356961525 -1.0158689277473922 0.3088827903955953 -1.2082336471645674 -0.48022025989545336 -1.2483271233842745 
451 -1 1.20410679000831 1.3161340218869824 1.0510505356347473 1.5568046656328163 1.2525739976800516 0.0649573298409322 1.617587244603165 
452 1 -0.29788803051390367 -0.19130732485570562 -0.03408218264087595 -0.835045595238524 -0.7852823332068984 0.4284090563318559 -0.6375584875836726 
453 1 -0.5124587191599342 -1.0780375288219926 -0.6541580216555178 -2.602934918491254 -1.0159830499110816 1.518764235804627 -0.5435940820758877 
454 -1 0.34582403542418794 0.42940381792069526 0.37930171003555196 -0.835045595238524 -0.9390828110096872 -1.025397849631839 -0.30868306830642545 
455 1 0.5603947240702184 0.16338475673080918 0.7410126161274263 -0.7310521056354222 1.2525739976800516 0.9735866460682414 1.288711825325918 
456 1 0.6676800683932337 1.050114960697096 1.1543965088038541 -0.21108465761991346 1.2910241171307488 1.1553125093137033 1.288711825325918 
457 -1 0.34582403542418794 -0.10263430445907692 0.017590803943677534 -0.5230651264292188 -0.3238808997985324 -1.3888495761227626 -0.1677364600447481 
458 1 1.5259628229773559 -0.8120184676321065 -0.7575039948246248 0.5168697696017989 0.29132101141262234 -0.2984943966499915 -0.12075425729085565 
459 -1 -0.08331734186787314 -0.368653365648963 -0.03408218264087595 0.20488930079249354 -0.40078113869992676 0.0649573298409322 -0.40264747381421034 
460 1 -0.6197440634829494 -0.4573263860455917 -0.5508120484864109 0.5168697696017989 -1.0928832888124758 -0.6619461231409152 -1.8121135564309838 
461 1 -1.4780268180670715 -1.25538356961525 -1.2742338606701595 0.7248567488080023 -0.6314818554041097 0.24668319308639403 -1.2013449206303821 
462 -1 -1.1561707850980258 -1.4327296104085074 -1.3775798338392666 -1.4590065328571344 -1.7465353194743278 -1.3888495761227626 -1.4832381371537366 
463 1 0.23853869110117265 0.2520577771274379 0.172609763697338 0.1008958111893918 1.2910241171307488 0.0649573298409322 0.8188897977869933 
464 -1 -0.5124587191599342 -0.4573263860455917 -0.2407741289790899 0.5168697696017989 -0.01627994419295502 0.0649573298409322 -0.30868306830642545 
465 1 0.45310937974720317 0.42940381792069526 0.32762872345099847 -0.10709116801681172 0.09907041415913649 0.0649573298409322 0.3020855674941764 
466 -1 -0.1906026861908884 -0.8120184676321065 -0.6024850350709643 -0.10709116801681172 -0.5161314970520182 -1.025397849631839 -0.4496296765681028 
467 -1 0.6676800683932337 0.6954228791105814 0.4309746966201054 -0.21108465761991346 -0.09318018309434936 -0.48022025989545336 0.11415675647860661 
468 1 -1.5853121623900868 -1.521402630805136 -1.532598793592927 1.6607981552359181 -0.6699319748548069 -1.025397849631839 -1.9060779619387689 
469 -1 0.6676800683932337 0.518076838317324 0.6893396295428729 0.1008958111893918 2.2522771033981783 0.24668319308639403 1.7585338528648424 
