id label data 
0 -1 -0.18816434885997207 -0.2789902054416262 -0.1460525189612901 0.6533332870661376 -0.11380714143979553 -0.6689423530962699 0.19453898306590883 
1 1 -1.6871006872360228 -1.7760565193963584 -2.146906534327843 0.4390509109872227 -1.2249757215432453 -1.751224301307104 -1.9154607563412573 
2 1 0.34717005770290316 0.42551158936060074 0.41829092127030176 0.5461920990266801 1.150626070402061 0.7741002445181757 0.8978722295349643 
3 1 -0.9376325180479974 -0.8073665515432965 -1.0695236029766222 -0.4180785933284368 -0.8034979842626264 -0.48856202839446417 -1.165238626774265 
4 1 1.5249057521412288 -0.8073665515432965 -0.7616999083048448 0.5461920990266801 0.2693544379062216 -0.30818170369265846 -0.13368319861965033 
5 1 0.5613038203280533 0.6896997624114358 0.6235067177181534 0.3319097229477653 1.4954714918134764 1.8563821927290098 1.0854277619267123 
6 1 0.02596941376517802 0.33744886501032234 0.5722027686061905 0.010486158829392949 0.4992513855138319 -0.8493226777980756 0.428983398555594 
7 1 -1.1517662806731475 -0.8073665515432965 -0.7616999083048448 0.2247685349083078 -0.49696872078581267 0.5937199198163701 -0.8839053281866428 
8 -1 1.2037051082035035 1.3061388328633845 1.0339383106138564 1.6176039794212544 1.2272583862712645 0.05257894571095292 1.6012054760040195 
9 -1 -0.4022981114851222 -0.5431783784924613 -0.40257226452110456 -0.7395021574468091 -0.0371748255705921 -0.6689423530962699 0.8040944633390902 
10 -1 0.7754375829532034 0.8658252111119926 0.777418565054042 0.2247685349083078 0.6908321751868405 0.7741002445181757 1.5074277098081457 
11 -1 1.2037051082035035 0.9538879354622709 1.0852422597258193 -1.2752080976440963 -0.3053879311128041 0.05257894571095292 0.6634278140452791 
12 -1 -0.08109746754739704 -0.3670529297919046 -0.04344462073736429 0.2247685349083078 -0.42033640491660923 0.05257894571095292 -0.4150164972072725 
13 -1 0.34717005770290316 1.3942015572136628 2.5730567839727434 1.510462791381797 2.8365370195245365 0.23295927041275863 4.086316280194682 
14 -1 -0.18816434885997207 0.07326069195948724 -0.09474856984932718 -0.09665502921006448 -0.15212329937439725 -0.30818170369265846 -0.2743498479134614 
15 1 0.7754375829532034 0.7777624867617142 1.0852422597258193 0.6533332870661376 1.8020007552902901 1.6760018680272042 1.5074277098081457 
16 1 1.3107719895160785 1.5703270059142196 1.3930659543975967 1.9390275435396267 1.7253684394210866 1.8563821927290098 0.8978722295349643 
17 -1 -1.0446993993605724 -1.0715547245941315 -1.0695236029766222 -0.4180785933284368 -0.3053879311128041 -1.5708439766052984 0.10076121687003478 
18 1 0.6683707016406283 0.8658252111119926 1.239154107061708 0.760474475105595 3.1047501250667486 1.6760018680272042 2.398316488668949 
19 -1 -0.4022981114851222 -0.3670529297919046 -0.29996436629717876 -0.5252197813678943 -0.6119171945896178 1.1348608939217872 -0.8839053281866428 
20 -1 -0.5093649927976972 -0.3670529297919046 -0.1460525189612901 -0.31093740528897934 0.5758837013830354 -0.6689423530962699 0.19453898306590883 
21 -1 0.9895713455783535 0.6016370380611574 -0.1460525189612901 0.3319097229477653 -1.1483434056740418 -1.0297030024998812 -1.118349743676328 
22 1 0.24010317639032813 -0.19092748109134788 0.2130751248224502 -0.31093740528897934 1.6104199656172815 0.5937199198163701 1.0854277619267123 
23 1 0.24010317639032813 0.5135743137108791 0.36698697215833886 0.11762734686885039 -0.6119171945896178 0.7741002445181757 -0.9307942112845798 
24 -1 0.13303629507775308 -0.10286475674106951 0.007859328374598606 0.3319097229477653 -0.11380714143979553 -0.12780137899085278 0.14765009996797182 
25 -1 0.5613038203280533 0.7777624867617142 0.46959487038226466 -0.31093740528897934 -0.38202024698200754 -0.48856202839446417 -0.08679431552171332 
26 1 -0.4022981114851222 0.1613234163097656 0.0591632774865615 -0.4180785933284368 -0.458652562851211 1.4956215433253985 -0.4619053803052095 
27 -1 1.2037051082035035 0.5135743137108791 0.31568302304637597 -1.1680669096046388 -0.6119171945896178 -1.5708439766052984 -0.08679431552171332 
28 -1 -0.7234987554228474 -0.5431783784924613 -0.7103959591928819 -0.6323609694073516 -0.2670717731782024 -0.30818170369265846 0.14765009996797182 
29 -1 0.24010317639032813 -0.19092748109134788 -0.19735646807325297 -1.1680669096046388 -0.19043945730899894 -0.6689423530962699 0.24142786616384587 
30 1 -0.8305656367354224 -0.9834920002438532 -1.0182196538646593 0.6533332870661376 0.30767059584082335 0.7741002445181757 -0.08679431552171332 
31 -1 1.953173277391529 1.5703270059142196 0.9313304123899308 -0.5252197813678943 -0.42033640491660923 -0.6689423530962699 0.14765009996797182 
32 1 -1.7941675685485978 -1.7760565193963584 -1.4286512467603625 0.2247685349083078 -0.6502333525242195 -1.5708439766052984 -1.587238574655698 
33 1 -1.7941675685485978 -1.6879937950460802 -1.7877788905441028 0.760474475105595 -0.8801303001318298 -0.30818170369265846 -1.587238574655698 
34 1 0.6683707016406283 0.9538879354622709 1.3930659543975967 -0.8466433454862665 -0.07549098350519381 1.8563821927290098 0.616538930947342 
35 -1 -0.08109746754739704 -0.014802032390791135 0.007859328374598606 -1.2752080976440963 -1.0717110898048383 -0.30818170369265846 -0.5556831465010835 
36 1 -1.9012344498611728 -2.0402446924471938 -2.044298636103917 0.3319097229477653 -1.4165565112162537 -1.5708439766052984 -1.7279052239495092 
37 -1 0.6683707016406283 0.5135743137108791 0.2130751248224502 0.010486158829392949 -0.7651818263280247 -0.48856202839446417 -0.4150164972072725 
38 1 -0.08109746754739704 -0.3670529297919046 -0.04344462073736429 0.6533332870661376 2.223478492570909 0.23295927041275863 1.6949832421998936 
39 1 0.02596941376517802 0.6016370380611574 1.0852422597258193 1.0818980392239672 2.1468461767017057 1.1348608939217872 1.7418721252978306 
40 -1 1.0966382268909285 1.218076108513106 0.9313304123899308 1.510462791381797 1.150626070402061 0.05257894571095292 0.8509833464370272 
41 -1 0.8825044642657784 0.7777624867617142 0.6235067177181534 -0.5252197813678943 -0.22875561524360066 -0.48856202839446417 -0.18057208171758737 
42 1 -1.2588331619857227 -0.9834920002438532 -0.9669157047526964 1.6176039794212544 -0.5352848787204144 0.23295927041275863 -1.212127509872202 
43 -1 0.5613038203280533 0.1613234163097656 -0.04344462073736429 0.010486158829392949 0.07777364823321305 -0.30818170369265846 -0.13368319861965033 
44 -1 0.8825044642657784 0.5135743137108791 0.26437907393441307 -1.4894904737230112 -0.6885495104588213 -1.0297030024998812 0.05387233377209776 
45 1 -0.5093649927976972 -1.0715547245941315 -0.659092010080919 -2.6680435421570428 -1.0333949318702367 1.4956215433253985 -0.5556831465010835 
46 -1 -0.6164318741102723 -0.45511565414218297 -0.09474856984932718 -1.703772849801926 -1.6081373008892623 0.23295927041275863 -1.118349743676328 
47 1 0.9895713455783535 1.6583897302644979 1.752193598181337 0.11762734686885039 1.1889422283366629 1.6760018680272042 0.9916499957308382 
48 -1 -0.6164318741102723 -0.8954292758935748 -0.8130038574168077 0.9747568511845098 -0.38202024698200754 -0.6689423530962699 -0.4619053803052095 
49 1 -1.7941675685485978 -1.7760565193963584 -1.9416907378799915 2.9032982358947437 -0.49696872078581267 -1.210083327201687 -1.6810163408515721 
50 -1 -0.7234987554228474 -0.2789902054416262 -0.29996436629717876 -0.31093740528897934 -0.2670717731782024 -1.5708439766052984 0.5696500478494051 
51 1 -0.18816434885997207 0.07326069195948724 0.5208988194942276 -0.8466433454862665 0.1927221220370182 0.9544805692199815 -0.13368319861965033 
52 1 -0.08109746754739704 -0.45511565414218297 -0.24866041718521587 -1.0609257215651815 0.1927221220370182 0.5937199198163701 0.3352056323597199 
53 1 -0.5093649927976972 -1.2476801732946883 -1.120827552088585 0.5461920990266801 0.6908321751868405 -0.12780137899085278 0.05387233377209776 
54 -1 0.6683707016406283 0.8658252111119926 0.6748106668301163 -0.31093740528897934 0.30767059584082335 1.1348608939217872 1.0854277619267123 
55 -1 0.45423693901547824 0.5135743137108791 0.2130751248224502 0.6533332870661376 0.11608980616781475 -0.48856202839446417 -0.5556831465010835 
56 1 -1.7941675685485978 -2.128307416797472 -1.9929946869919544 0.3319097229477653 -1.0333949318702367 -0.8493226777980756 -1.7279052239495092 
57 -1 0.13303629507775308 0.33744886501032234 0.46959487038226466 -0.4180785933284368 -0.11380714143979553 0.4133395951145643 0.19453898306590883 
58 1 0.34717005770290316 0.9538879354622709 1.1365462088377822 0.5461920990266801 1.150626070402061 0.7741002445181757 1.3667610605143345 
59 1 -0.29523123017254715 0.1613234163097656 0.36698697215833886 -0.4180785933284368 -0.42033640491660923 0.23295927041275863 -0.4150164972072725 
60 1 -1.0446993993605724 -1.7760565193963584 -1.7364749414321399 -0.20379621724952193 -1.3016080374124486 -1.751224301307104 -1.305905276068076 
61 -1 -1.2588331619857227 -1.5118683463455234 -1.4799551958723254 -2.6680435421570428 -1.8380342484968726 -1.210083327201687 -1.4465719253618872 
62 -1 -0.4022981114851222 -0.3670529297919046 0.1104672265985244 0.010486158829392949 0.8057806489906456 -0.48856202839446417 0.428983398555594 
63 1 0.24010317639032813 0.24938614066004397 0.1617711757104873 0.11762734686885039 1.2655745442058661 0.05257894571095292 0.8040944633390902 
64 1 -0.9376325180479974 -1.15961744894441 -1.2234354503125109 0.2247685349083078 0.7674644910560439 -0.48856202839446417 -0.03990543242377629 
65 -1 -0.29523123017254715 -0.5431783784924613 -0.7616999083048448 2.046168731579084 -0.6502333525242195 -0.6689423530962699 -0.8839053281866428 
66 -1 -0.18816434885997207 -0.6312411028427397 -0.659092010080919 -1.9180552258808408 -1.3016080374124486 -0.6689423530962699 -1.0714608605783909 
67 -1 -1.3659000432982977 -1.15961744894441 -1.0695236029766222 0.3319097229477653 -0.42033640491660923 -1.751224301307104 0.05387233377209776 
68 1 -0.18816434885997207 -0.3670529297919046 -0.1460525189612901 0.010486158829392949 0.30767059584082335 0.9544805692199815 0.006983450674160735 
69 -1 -0.08109746754739704 0.1613234163097656 0.0591632774865615 0.5461920990266801 0.15440596410241647 -0.12780137899085278 0.19453898306590883 
70 1 -0.6164318741102723 -0.45511565414218297 0.1104672265985244 -0.4180785933284368 0.2693544379062216 -1.210083327201687 0.428983398555594 
71 -1 2.7026414465795545 2.2748288007164463 1.7008896490693741 -0.09665502921006448 -0.573601036655016 -0.8493226777980756 -0.2743498479134614 
72 -1 0.02596941376517802 -0.45511565414218297 -0.5564841118569932 -1.1680669096046388 0.2693544379062216 -0.6689423530962699 0.8509833464370272 
73 1 -0.7234987554228474 -0.6312411028427397 -0.7103959591928819 1.0818980392239672 0.07777364823321305 0.05257894571095292 -0.6025720295990206 
74 1 0.34717005770290316 0.42551158936060074 1.0852422597258193 -0.7395021574468091 0.15440596410241647 2.5779034915362327 0.2883167492617829 
75 1 -0.08109746754739704 0.07326069195948724 0.36698697215833886 -2.0251964139202983 -0.8801303001318298 1.6760018680272042 -0.3681276141093355 
76 1 -1.1517662806731475 -1.0715547245941315 -1.120827552088585 0.5461920990266801 0.15440596410241647 -0.30818170369265846 -0.5556831465010835 
77 1 -1.0446993993605724 -0.6312411028427397 -0.5051801627450303 0.010486158829392949 -1.1866595636086434 -0.8493226777980756 -1.3996830422639501 
78 -1 0.5613038203280533 -0.19092748109134788 -0.09474856984932718 -2.5609023541175855 -1.4548726691508556 -0.30818170369265846 -0.8370164450887058 
79 -1 0.45423693901547824 0.6016370380611574 0.41829092127030176 -0.31093740528897934 -0.0371748255705921 1.315241218623593 0.2883167492617829 
80 1 -1.1517662806731475 -1.0715547245941315 -1.0695236029766222 -0.6323609694073516 -0.6119171945896178 -1.0297030024998812 -0.8839053281866428 
81 -1 -0.6164318741102723 -0.2789902054416262 -0.24866041718521587 -0.20379621724952193 0.2310382799716199 -1.0297030024998812 0.6634278140452791 
82 -1 6.342915411207106 5.797337774727581 3.240008122428261 0.9747568511845098 0.7674644910560439 0.7741002445181757 1.6480943591019566 
83 -1 0.7754375829532034 0.6896997624114358 0.828722514166005 -1.0609257215651815 -0.2670717731782024 0.5937199198163701 0.05387233377209776 
84 -1 -0.29523123017254715 -1.0715547245941315 -1.0695236029766222 -1.5966316617624685 -1.1100272477394402 -0.8493226777980756 -0.6963497957948946 
85 -1 -1.1517662806731475 -1.423805621995245 -1.3773472976483996 -1.4894904737230112 -1.7614019326276693 -1.3904636519034927 -1.4934608084598242 
86 1 -0.4022981114851222 -0.3670529297919046 -0.5051801627450303 1.1890392272634247 1.150626070402061 0.5937199198163701 0.428983398555594 
87 -1 0.34717005770290316 -0.10286475674106951 -0.29996436629717876 -0.09665502921006448 -0.3437040890474058 -1.0297030024998812 0.19453898306590883 
88 1 -1.7941675685485978 -1.9521819680969152 -1.9929946869919544 2.1533099196185415 -1.0333949318702367 -1.5708439766052984 -1.8685718732433203 
89 1 0.02596941376517802 0.07326069195948724 -0.1460525189612901 0.6533332870661376 1.0356775965982559 0.5937199198163701 0.475872281653531 
90 -1 0.24010317639032813 -0.014802032390791135 0.1104672265985244 -0.4180785933284368 -0.3437040890474058 -0.8493226777980756 0.10076121687003478 
91 -1 -0.08109746754739704 0.07326069195948724 0.26437907393441307 -0.6323609694073516 -0.6119171945896178 0.5937199198163701 -0.32123873101139844 
92 -1 0.5613038203280533 0.5135743137108791 0.31568302304637597 -0.5252197813678943 -0.7651818263280247 -0.6689423530962699 -0.22746096481552439 
93 -1 0.7754375829532034 0.42551158936060074 0.2130751248224502 -0.5252197813678943 0.5375675434484336 -0.8493226777980756 1.2260944112205234 
94 1 1.2037051082035035 1.3942015572136628 1.6495856999574112 0.760474475105595 2.108530018767104 1.6760018680272042 1.6480943591019566 
95 -1 -0.9376325180479974 -0.9834920002438532 -0.8130038574168077 -0.31093740528897934 -0.8801303001318298 -1.210083327201687 -0.6494609126969576 
96 -1 0.34717005770290316 -0.014802032390791135 -0.35126831540914166 -2.0251964139202983 -1.263291879477847 -0.12780137899085278 -0.7432386788928317 
97 -1 -0.9376325180479974 -0.9834920002438532 -0.9669157047526964 1.1890392272634247 -0.15212329937439725 0.23295927041275863 -0.6025720295990206 
98 1 0.45423693901547824 0.42551158936060074 0.8800264632779679 0.4390509109872227 1.6487361235518834 1.6760018680272042 1.1792055281225864 
99 1 -0.5093649927976972 -0.19092748109134788 0.007859328374598606 0.8676156631450525 -0.2670717731782024 0.9544805692199815 -0.6025720295990206 
100 -1 0.5613038203280533 0.42551158936060074 0.36698697215833886 0.11762734686885039 0.2693544379062216 -0.48856202839446417 0.522761164751468 
101 -1 0.45423693901547824 0.33744886501032234 -0.04344462073736429 0.010486158829392949 -0.3437040890474058 0.5937199198163701 -0.32123873101139844 
102 -1 -0.6164318741102723 -0.8954292758935748 -0.9156117556407335 -1.1680669096046388 -0.6119171945896178 -1.210083327201687 -0.6025720295990206 
103 -1 -0.7234987554228474 -0.2789902054416262 0.1104672265985244 0.2247685349083078 -0.6119171945896178 -1.0297030024998812 -0.2743498479134614 
104 1 -0.4022981114851222 -0.7193038271930181 -0.6077880609689561 0.010486158829392949 -1.6847696167584658 -0.6689423530962699 -1.8685718732433203 
105 1 -1.4729669246108728 -1.0715547245941315 -1.5312591449842883 1.510462791381797 -0.6502333525242195 -0.8493226777980756 -1.352794159166013 
106 -1 0.24010317639032813 0.24938614066004397 -0.35126831540914166 0.3319097229477653 -0.7651818263280247 -0.48856202839446417 -0.6025720295990206 
107 1 -0.6164318741102723 -0.7193038271930181 -0.659092010080919 -0.20379621724952193 0.7674644910560439 0.5937199198163701 0.19453898306590883 
108 1 0.45423693901547824 0.6016370380611574 0.7261146159420792 -0.5252197813678943 2.261794650505511 1.6760018680272042 1.7887610083957677 
109 -1 1.953173277391529 2.0106406276656115 1.9061054455172257 1.9390275435396267 0.5375675434484336 1.1348608939217872 0.24142786616384587 
110 1 -0.6164318741102723 -0.45511565414218297 -0.29996436629717876 0.6533332870661376 0.9207291227944507 0.4133395951145643 0.38209451545765694 
111 -1 -0.18816434885997207 -0.19092748109134788 0.26437907393441307 0.8676156631450525 0.46093522757923017 -1.3904636519034927 0.8978722295349643 
112 1 -0.7234987554228474 -0.45511565414218297 -0.09474856984932718 -2.453761166078128 -1.531504985020059 2.2171428421326214 -0.8839053281866428 
113 -1 -0.5093649927976972 -0.9834920002438532 -0.9669157047526964 -0.6323609694073516 -1.1100272477394402 -0.30818170369265846 -1.0714608605783909 
114 1 0.34717005770290316 0.5135743137108791 0.828722514166005 0.2247685349083078 1.5721038076826799 1.8563821927290098 1.1323166450246493 
115 -1 0.7754375829532034 0.6896997624114358 0.5722027686061905 0.5461920990266801 0.8440968069252474 -0.6689423530962699 0.8509833464370272 
116 1 -0.18816434885997207 0.07326069195948724 0.26437907393441307 0.4390509109872227 0.7291483331214422 -1.210083327201687 0.428983398555594 
117 1 -0.7234987554228474 -0.9834920002438532 -1.0695236029766222 0.4390509109872227 -0.8801303001318298 -1.0297030024998812 -0.9307942112845798 
118 1 -0.6164318741102723 -0.5431783784924613 -0.6077880609689561 0.760474475105595 0.7291483331214422 0.4133395951145643 0.006983450674160735 
119 1 1.2037051082035035 1.6583897302644979 2.0600172928531144 1.6176039794212544 2.070213860832502 1.4956215433253985 1.3667610605143345 
120 -1 -0.5093649927976972 -0.8073665515432965 -1.3773472976483996 -0.953784533525724 -1.6081373008892623 -1.0297030024998812 -1.305905276068076 
121 1 0.34717005770290316 0.24938614066004397 0.41829092127030176 0.4390509109872227 0.34598675377542504 1.315241218623593 -0.22746096481552439 
122 1 0.13303629507775308 0.1613234163097656 0.41829092127030176 -0.8466433454862665 0.15440596410241647 0.7741002445181757 0.19453898306590883 
123 1 -1.9012344498611728 -1.9521819680969152 -2.198210483439806 1.8318863555001694 -1.3399241953470504 -1.9316046260089097 -2.0561274056350682 
124 1 -0.8305656367354224 -0.8954292758935748 -0.24866041718521587 -2.7751847301965005 -1.1483434056740418 1.6760018680272042 -0.3681276141093355 
125 -1 0.34717005770290316 0.6896997624114358 0.6748106668301163 0.11762734686885039 -0.5352848787204144 0.7741002445181757 -0.32123873101139844 
126 1 -0.9376325180479974 -0.7193038271930181 -0.45387621363306746 -1.1680669096046388 -0.6119171945896178 0.9544805692199815 -0.5556831465010835 
127 1 1.2037051082035035 1.3061388328633845 0.9313304123899308 -0.09665502921006448 0.34598675377542504 1.1348608939217872 0.38209451545765694 
128 -1 2.060240158704104 1.7464524546147764 1.290458056173671 -1.0609257215651815 -0.42033640491660923 -0.6689423530962699 0.3352056323597199 
129 -1 0.6683707016406283 0.8658252111119926 0.41829092127030176 1.1890392272634247 -0.3437040890474058 -1.0297030024998812 -1.0245719774804538 
130 1 0.24010317639032813 0.33744886501032234 0.6235067177181534 0.4390509109872227 2.1468461767017057 1.4956215433253985 1.6949832421998936 
131 -1 0.5613038203280533 0.42551158936060074 0.2130751248224502 -0.09665502921006448 -0.22875561524360066 -1.0297030024998812 -0.4619053803052095 
132 1 0.7754375829532034 1.3061388328633845 1.3930659543975967 0.8676156631450525 1.7253684394210866 1.4956215433253985 1.2260944112205234 
133 1 0.45423693901547824 0.42551158936060074 0.5208988194942276 0.3319097229477653 0.38430291171002673 1.1348608939217872 0.3352056323597199 
134 1 -0.18816434885997207 -0.45511565414218297 -0.09474856984932718 -0.6323609694073516 1.1123099124674594 0.7741002445181757 0.3352056323597199 
135 1 -1.7941675685485978 -2.0402446924471938 -1.9416907378799915 0.5461920990266801 -1.1100272477394402 -1.0297030024998812 -1.540349691557761 
136 1 -0.5093649927976972 -0.2789902054416262 0.0591632774865615 -0.8466433454862665 -0.6119171945896178 1.1348608939217872 -0.5556831465010835 
137 -1 0.7754375829532034 0.6016370380611574 0.31568302304637597 0.010486158829392949 -0.22875561524360066 -0.8493226777980756 -0.13368319861965033 
138 1 -1.1517662806731475 -0.8954292758935748 -1.0695236029766222 1.1890392272634247 -0.6119171945896178 -0.12780137899085278 -1.0714608605783909 
139 -1 0.34717005770290316 0.24938614066004397 0.26437907393441307 0.3319097229477653 0.4226190696446285 -0.6689423530962699 0.428983398555594 
140 -1 -0.29523123017254715 -0.5431783784924613 -0.659092010080919 -1.3823492856835538 0.03945749029861133 -0.12780137899085278 0.9916499957308382 
141 1 0.02596941376517802 0.24938614066004397 0.5722027686061905 -0.6323609694073516 0.1927221220370182 1.1348608939217872 0.19453898306590883 
142 -1 0.34717005770290316 -0.014802032390791135 -0.40257226452110456 -0.953784533525724 -2.029615038169881 -1.5708439766052984 -1.7279052239495092 
143 -1 -0.6164318741102723 -0.8954292758935748 -1.0182196538646593 0.11762734686885039 -0.7268656683934229 -0.6689423530962699 -0.6025720295990206 
144 -1 -0.4022981114851222 -0.45511565414218297 -0.5051801627450303 0.4390509109872227 0.2693544379062216 -1.0297030024998812 0.3352056323597199 
145 1 -0.18816434885997207 -0.014802032390791135 0.5208988194942276 -2.0251964139202983 -0.6502333525242195 1.315241218623593 0.24142786616384587 
146 -1 0.13303629507775308 -0.014802032390791135 0.5722027686061905 -0.8466433454862665 0.0011413323640096144 0.05257894571095292 0.14765009996797182 
147 -1 -0.08109746754739704 -0.014802032390791135 0.0591632774865615 -0.20379621724952193 0.7674644910560439 0.5937199198163701 0.7103166971432161 
148 1 -0.5093649927976972 -0.5431783784924613 -0.35126831540914166 -0.7395021574468091 -0.7268656683934229 0.5937199198163701 -0.6963497957948946 
149 1 -1.9012344498611728 -1.7760565193963584 -2.044298636103917 2.6890158598158287 -0.8801303001318298 -2.1119849507107156 -1.7747941070474462 
150 1 -1.1517662806731475 -0.9834920002438532 -1.4799551958723254 0.4390509109872227 -1.799718090562271 -1.210083327201687 -2.009238522537131 
151 -1 0.9895713455783535 0.8658252111119926 0.8800264632779679 -0.5252197813678943 0.38430291171002673 -0.48856202839446417 0.616538930947342 
152 1 0.13303629507775308 0.42551158936060074 0.7261146159420792 0.11762734686885039 0.9973614386636542 0.4133395951145643 0.7103166971432161 
153 1 -1.4729669246108728 -1.864119243746637 -1.5312591449842883 -0.8466433454862665 -1.6464534588238642 -0.6689423530962699 -1.8685718732433203 
154 -1 0.6683707016406283 0.33744886501032234 0.31568302304637597 -0.8466433454862665 -0.5352848787204144 -0.8493226777980756 -0.08679431552171332 
155 -1 0.45423693901547824 0.5135743137108791 0.26437907393441307 0.5461920990266801 0.07777364823321305 -0.6689423530962699 0.24142786616384587 
156 1 0.34717005770290316 0.33744886501032234 0.9313304123899308 0.6533332870661376 1.687052281486485 1.315241218623593 1.2729832943184605 
157 1 0.02596941376517802 0.42551158936060074 0.46959487038226466 0.4390509109872227 0.34598675377542504 0.23295927041275863 0.522761164751468 
158 1 -0.18816434885997207 -0.3670529297919046 -0.45387621363306746 1.9390275435396267 0.5758837013830354 -0.6689423530962699 -0.03990543242377629 
159 1 0.02596941376517802 -0.10286475674106951 -0.5051801627450303 0.6533332870661376 0.8057806489906456 2.2171428421326214 0.38209451545765694 
160 1 0.8825044642657784 1.1300133841628277 0.9313304123899308 0.010486158829392949 1.4571553338788747 0.5937199198163701 1.5074277098081457 
161 1 0.6683707016406283 1.0419506598125494 1.1365462088377822 -0.20379621724952193 1.2655745442058661 1.1348608939217872 1.2729832943184605 
162 1 -0.08109746754739704 0.1613234163097656 0.6748106668301163 -0.5252197813678943 0.1927221220370182 2.2171428421326214 0.10076121687003478 
163 -1 0.13303629507775308 0.33744886501032234 0.1617711757104873 0.8676156631450525 0.8057806489906456 -0.48856202839446417 0.475872281653531 
164 1 -1.0446993993605724 -0.9834920002438532 -1.0695236029766222 0.3319097229477653 -0.458652562851211 0.4133395951145643 -0.4150164972072725 
165 -1 0.45423693901547824 0.6016370380611574 0.6235067177181534 0.2247685349083078 -0.3437040890474058 -0.6689423530962699 0.10076121687003478 
166 1 0.13303629507775308 0.07326069195948724 0.46959487038226466 -2.1323376019597555 -0.841814142197228 1.315241218623593 -0.03990543242377629 
167 1 0.24010317639032813 0.6016370380611574 1.239154107061708 1.8318863555001694 1.0739937545328575 0.4133395951145643 0.14765009996797182 
168 1 -1.3659000432982977 -1.5118683463455234 -1.5825630940962512 -0.5252197813678943 -0.11380714143979553 0.7741002445181757 -0.4619053803052095 
169 1 0.7754375829532034 0.5135743137108791 1.1878501579497451 0.3319097229477653 2.0318977028979006 0.23295927041275863 1.2729832943184605 
170 -1 -0.08109746754739704 -0.2789902054416262 -0.35126831540914166 0.5461920990266801 -0.6502333525242195 -0.6689423530962699 -0.9776830943825168 
171 -1 0.24010317639032813 0.33744886501032234 0.0591632774865615 -0.31093740528897934 -0.38202024698200754 -0.30818170369265846 0.24142786616384587 
172 -1 0.5613038203280533 0.6896997624114358 0.26437907393441307 0.5461920990266801 -0.49696872078581267 0.23295927041275863 -0.6025720295990206 
173 1 0.45423693901547824 0.7777624867617142 1.1365462088377822 0.4390509109872227 1.9552653870286971 1.315241218623593 3.0078719689421303 
174 1 -1.2588331619857227 -0.45511565414218297 -0.6077880609689561 0.6533332870661376 0.6908321751868405 -0.12780137899085278 -0.18057208171758737 
175 -1 -0.08109746754739704 -0.10286475674106951 -0.04344462073736429 -0.4180785933284368 -0.3053879311128041 0.23295927041275863 -0.5556831465010835 
176 1 -0.18816434885997207 -0.45511565414218297 -0.35126831540914166 -0.09665502921006448 -0.0371748255705921 -0.6689423530962699 -0.3681276141093355 
177 -1 -0.5093649927976972 -0.45511565414218297 -0.35126831540914166 0.3319097229477653 -0.2670717731782024 -1.210083327201687 -0.5556831465010835 
178 -1 0.02596941376517802 0.1613234163097656 0.1617711757104873 -0.8466433454862665 0.11608980616781475 0.05257894571095292 0.428983398555594 
179 -1 -0.18816434885997207 0.07326069195948724 0.1104672265985244 -0.09665502921006448 0.5375675434484336 0.23295927041275863 0.24142786616384587 
180 1 0.13303629507775308 0.33744886501032234 0.36698697215833886 0.4390509109872227 0.8440968069252474 1.315241218623593 0.522761164751468 
181 -1 4.09451090364303 4.5644596338236845 4.060871308219667 2.5818746717763714 3.14306628300135 0.23295927041275863 3.851871864704997 
182 1 0.24010317639032813 0.1613234163097656 -0.8643078065287706 1.4033216033423397 -0.15212329937439725 -1.5708439766052984 -0.08679431552171332 
183 -1 1.3107719895160785 1.0419506598125494 0.9313304123899308 -0.5252197813678943 0.30767059584082335 0.4133395951145643 0.616538930947342 
184 -1 -0.18816434885997207 -0.8073665515432965 -0.6077880609689561 -0.09665502921006448 -0.5352848787204144 -1.0297030024998812 -0.4619053803052095 
185 1 1.6319726334538038 2.2748288007164463 2.675664682196669 1.510462791381797 2.070213860832502 1.8563821927290098 1.9294276576895788 
186 1 -1.5800338059234478 -1.5118683463455234 -1.5312591449842883 1.724745167460712 -0.6885495104588213 -1.0297030024998812 -1.9154607563412573 
187 1 -0.8305656367354224 -0.3670529297919046 -0.5051801627450303 2.5818746717763714 0.46093522757923017 0.7741002445181757 -0.2743498479134614 
188 -1 0.13303629507775308 0.1613234163097656 0.2130751248224502 -0.5252197813678943 0.9590452807290525 0.7741002445181757 0.8509833464370272 
189 1 0.45423693901547824 0.42551158936060074 0.31568302304637597 -0.09665502921006448 0.07777364823321305 0.05257894571095292 0.2883167492617829 
190 1 0.34717005770290316 0.5135743137108791 0.6748106668301163 0.11762734686885039 1.8020007552902901 1.315241218623593 1.4605388267102086 
191 -1 0.8825044642657784 1.1300133841628277 0.6748106668301163 0.010486158829392949 0.11608980616781475 0.05257894571095292 0.8040944633390902 
192 -1 -0.08109746754739704 -0.3670529297919046 -0.45387621363306746 -1.5966316617624685 -0.9184464580664315 -0.48856202839446417 -0.6963497957948946 
193 1 1.2037051082035035 1.6583897302644979 1.9574093946291886 1.0818980392239672 1.9552653870286971 1.6760018680272042 1.6012054760040195 
194 1 -0.8305656367354224 -0.8954292758935748 -0.9156117556407335 -0.953784533525724 -0.7268656683934229 -0.12780137899085278 -0.6963497957948946 
195 1 -1.6871006872360228 -1.423805621995245 -1.7877788905441028 1.8318863555001694 -0.6502333525242195 -0.6689423530962699 -1.4465719253618872 
196 1 2.060240158704104 1.482264281563941 0.46959487038226466 0.8676156631450525 -0.573601036655016 -1.210083327201687 -0.13368319861965033 
197 -1 0.6683707016406283 0.42551158936060074 0.1617711757104873 -0.953784533525724 -0.458652562851211 -0.30818170369265846 -0.22746096481552439 
198 1 -1.4729669246108728 -1.3357428976449668 -1.4799551958723254 0.4390509109872227 -1.1100272477394402 -0.12780137899085278 -1.540349691557761 
199 1 -1.6871006872360228 -1.7760565193963584 -1.9929946869919544 0.3319097229477653 -1.4931888270854572 -1.5708439766052984 -2.009238522537131 
200 1 -1.7941675685485978 -2.0402446924471938 -2.044298636103917 0.760474475105595 -0.9950787739356349 -0.8493226777980756 -1.7279052239495092 
201 1 -0.29523123017254715 0.07326069195948724 0.1104672265985244 1.724745167460712 1.5721038076826799 0.5937199198163701 0.8509833464370272 
202 -1 1.0966382268909285 0.6896997624114358 0.8800264632779679 -0.6323609694073516 0.11608980616781475 -1.0297030024998812 0.475872281653531 
203 -1 -0.08109746754739704 -0.19092748109134788 -0.29996436629717876 -0.31093740528897934 0.1927221220370182 -1.0297030024998812 0.7103166971432161 
204 1 0.5613038203280533 0.1613234163097656 0.7261146159420792 -0.7395021574468091 1.2272583862712645 0.9544805692199815 1.2729832943184605 
205 -1 -0.5093649927976972 -0.6312411028427397 -0.5564841118569932 -2.0251964139202983 -0.9950787739356349 -0.48856202839446417 -0.32123873101139844 
206 -1 0.6683707016406283 0.42551158936060074 0.31568302304637597 0.5461920990266801 -0.458652562851211 -0.48856202839446417 -0.13368319861965033 
207 1 -0.6164318741102723 -0.8073665515432965 -1.3773472976483996 0.9747568511845098 -1.2249757215432453 -1.210083327201687 -1.259016392970139 
208 -1 0.6683707016406283 0.6896997624114358 0.41829092127030176 -0.20379621724952193 -0.11380714143979553 -0.48856202839446417 0.10076121687003478 
209 -1 0.02596941376517802 -0.014802032390791135 0.36698697215833886 -0.20379621724952193 1.2272583862712645 0.5937199198163701 1.1323166450246493 
210 1 -1.2588331619857227 -1.3357428976449668 -1.5312591449842883 2.3675922956974564 -0.7268656683934229 -1.0297030024998812 -1.540349691557761 
211 1 -0.18816434885997207 0.1613234163097656 0.007859328374598606 2.046168731579084 0.8057806489906456 1.8563821927290098 0.10076121687003478 
212 -1 0.24010317639032813 0.42551158936060074 1.4956738526215225 -0.20379621724952193 1.150626070402061 0.5937199198163701 2.163872073179264 
213 -1 1.7390395147663789 1.0419506598125494 0.41829092127030176 -1.703772849801926 -0.42033640491660923 0.5937199198163701 0.475872281653531 
214 -1 0.02596941376517802 0.07326069195948724 0.0591632774865615 0.2247685349083078 0.15440596410241647 0.05257894571095292 -0.03990543242377629 
215 1 1.3107719895160785 1.8345151789650547 1.9574093946291886 0.2247685349083078 1.0739937545328575 1.8563821927290098 0.9447611126329013 
216 1 -1.5800338059234478 -1.3357428976449668 -1.5312591449842883 1.4033216033423397 -0.9950787739356349 -1.5708439766052984 -1.7747941070474462 
217 -1 0.9895713455783535 0.33744886501032234 0.36698697215833886 -2.1323376019597555 -1.0717110898048383 0.23295927041275863 -0.3681276141093355 
218 -1 0.02596941376517802 -0.014802032390791135 0.0591632774865615 -0.31093740528897934 0.2310382799716199 -0.12780137899085278 0.24142786616384587 
219 -1 0.13303629507775308 -0.014802032390791135 0.31568302304637597 -0.6323609694073516 0.0011413323640096144 -0.12780137899085278 0.006983450674160735 
220 -1 0.34717005770290316 -0.014802032390791135 -0.24866041718521587 -0.5252197813678943 -0.6119171945896178 -0.12780137899085278 -0.4150164972072725 
221 1 -0.29523123017254715 -0.45511565414218297 -0.6077880609689561 1.510462791381797 0.0011413323640096144 -1.5708439766052984 -0.18057208171758737 
222 -1 0.7754375829532034 0.7777624867617142 0.41829092127030176 0.11762734686885039 0.11608980616781475 -0.6689423530962699 0.5696500478494051 
223 1 0.9895713455783535 1.0419506598125494 1.5469778017334854 1.0818980392239672 1.6104199656172815 1.4956215433253985 1.0854277619267123 
224 1 0.24010317639032813 0.1613234163097656 0.2130751248224502 0.2247685349083078 1.4954714918134764 0.23295927041275863 1.0385388788287753 
225 -1 -0.4022981114851222 -0.6312411028427397 -0.659092010080919 -0.20379621724952193 -0.49696872078581267 -1.0297030024998812 0.14765009996797182 
226 -1 -0.18816434885997207 -0.10286475674106951 0.828722514166005 0.11762734686885039 1.0739937545328575 -0.30818170369265846 1.8356498914937047 
227 -1 0.7754375829532034 0.5135743137108791 0.1617711757104873 -0.09665502921006448 -0.22875561524360066 0.05257894571095292 -0.18057208171758737 
228 1 -1.0446993993605724 -1.5118683463455234 -1.3773472976483996 0.2247685349083078 -0.458652562851211 -1.210083327201687 -1.165238626774265 
229 -1 -0.29523123017254715 -0.5431783784924613 -0.40257226452110456 -1.0609257215651815 -0.7651818263280247 -1.210083327201687 -0.5556831465010835 
230 -1 -0.18816434885997207 -0.3670529297919046 -0.6077880609689561 -0.4180785933284368 -0.7651818263280247 -0.48856202839446417 -0.9307942112845798 
231 -1 1.3107719895160785 0.9538879354622709 0.777418565054042 -0.31093740528897934 0.34598675377542504 -0.12780137899085278 0.7572055802411531 
232 -1 0.02596941376517802 0.24938614066004397 0.1104672265985244 -0.20379621724952193 -0.2670717731782024 0.05257894571095292 -0.03990543242377629 
233 1 -1.7941675685485978 -1.7760565193963584 -1.8390828396560657 0.4390509109872227 -0.7651818263280247 1.1348608939217872 -1.7747941070474462 
234 1 -0.08109746754739704 0.1613234163097656 0.5722027686061905 -0.20379621724952193 -0.0371748255705921 1.315241218623593 0.38209451545765694 
235 1 0.13303629507775308 0.6896997624114358 1.0339383106138564 -1.2752080976440963 -0.6502333525242195 1.315241218623593 0.05387233377209776 
236 -1 1.5249057521412288 1.6583897302644979 1.1878501579497451 -1.3823492856835538 -0.42033640491660923 0.05257894571095292 0.2883167492617829 
237 -1 -0.9376325180479974 -0.8954292758935748 -0.8643078065287706 -0.20379621724952193 -1.0717110898048383 -0.6689423530962699 -0.9307942112845798 
238 1 -1.3659000432982977 -1.0715547245941315 -1.0182196538646593 -0.5252197813678943 -1.263291879477847 -0.12780137899085278 -1.212127509872202 
239 1 -0.8305656367354224 -0.7193038271930181 -0.9669157047526964 1.4033216033423397 0.1927221220370182 -0.12780137899085278 -0.9776830943825168 
240 1 -1.3659000432982977 -1.2476801732946883 -1.120827552088585 2.1533099196185415 -0.49696872078581267 -0.8493226777980756 -1.305905276068076 
241 -1 1.8461063960789539 1.3061388328633845 1.0852422597258193 0.3319097229477653 -0.11380714143979553 -0.6689423530962699 0.3352056323597199 
242 -1 -0.08109746754739704 0.07326069195948724 0.0591632774865615 0.4390509109872227 -0.458652562851211 -0.6689423530962699 -0.5556831465010835 
243 -1 -0.6164318741102723 -0.7193038271930181 -0.45387621363306746 -0.09665502921006448 -0.6502333525242195 -1.210083327201687 -0.5087942634031466 
244 1 0.6683707016406283 1.482264281563941 1.4443699035095596 2.1533099196185415 -0.6502333525242195 -0.8493226777980756 -1.4934608084598242 
245 -1 0.34717005770290316 0.33744886501032234 0.6748106668301163 0.11762734686885039 0.5758837013830354 -0.48856202839446417 1.3667610605143345 
246 1 0.5613038203280533 0.33744886501032234 0.5208988194942276 0.3319097229477653 1.3805230180096713 2.0367625174308155 0.6634278140452791 
247 1 -1.0446993993605724 -0.9834920002438532 -1.0182196538646593 -0.09665502921006448 -0.5352848787204144 -0.6689423530962699 -0.6494609126969576 
248 -1 -0.5093649927976972 -0.45511565414218297 -0.24866041718521587 0.5461920990266801 -0.0371748255705921 0.05257894571095292 -0.32123873101139844 
249 -1 0.24010317639032813 -0.014802032390791135 -0.1460525189612901 -0.953784533525724 -0.8034979842626264 0.23295927041275863 -0.5556831465010835 
250 -1 0.45423693901547824 -0.014802032390791135 -0.1460525189612901 -0.8466433454862665 -1.1866595636086434 -0.30818170369265846 -0.6963497957948946 
251 1 -0.6164318741102723 -0.45511565414218297 -0.5564841118569932 0.5461920990266801 -1.1100272477394402 -0.6689423530962699 -1.8216829901453833 
252 1 0.6683707016406283 1.3061388328633845 1.5469778017334854 -0.09665502921006448 1.8020007552902901 2.0367625174308155 1.1792055281225864 
253 -1 0.5613038203280533 0.6016370380611574 0.828722514166005 0.11762734686885039 0.9973614386636542 1.315241218623593 1.5074277098081457 
254 -1 -0.5093649927976972 -0.5431783784924613 -0.7103959591928819 -0.6323609694073516 -0.7651818263280247 -1.5708439766052984 -0.2743498479134614 
255 1 -1.5800338059234478 -1.7760565193963584 -1.7364749414321399 -1.1680669096046388 -1.531504985020059 -1.3904636519034927 -1.7279052239495092 
256 -1 -0.4022981114851222 -0.3670529297919046 -0.24866041718521587 -0.7395021574468091 0.0011413323640096144 -0.12780137899085278 -0.18057208171758737 
257 -1 0.5613038203280533 -0.014802032390791135 -0.24866041718521587 -1.9180552258808408 -1.3399241953470504 0.05257894571095292 -0.8839053281866428 
258 1 1.8461063960789539 2.62707969811756 2.419144936636855 0.9747568511845098 1.4188391759442731 0.4133395951145643 1.5074277098081457 
259 -1 -0.29523123017254715 -0.45511565414218297 -0.8130038574168077 -0.8466433454862665 -1.0717110898048383 -0.6689423530962699 -0.8839053281866428 
260 1 -1.1517662806731475 -0.8954292758935748 -0.9156117556407335 0.11762734686885039 -0.5352848787204144 -0.30818170369265846 -1.118349743676328 
261 -1 -0.4022981114851222 -0.19092748109134788 0.0591632774865615 0.11762734686885039 0.614199859317637 1.1348608939217872 0.3352056323597199 
262 -1 -0.08109746754739704 -0.014802032390791135 0.007859328374598606 0.010486158829392949 0.03945749029861133 -0.48856202839446417 0.3352056323597199 
263 -1 -0.7234987554228474 -0.6312411028427397 -0.7616999083048448 0.4390509109872227 -0.07549098350519381 0.4133395951145643 -0.5556831465010835 
264 1 -0.9376325180479974 -0.6312411028427397 -0.8130038574168077 1.1890392272634247 0.11608980616781475 0.05257894571095292 -0.32123873101139844 
265 -1 -0.6164318741102723 -0.8073665515432965 -0.9669157047526964 -0.09665502921006448 -0.9567626160010332 -0.8493226777980756 -0.6963497957948946 
266 -1 1.953173277391529 1.5703270059142196 0.9313304123899308 0.3319097229477653 -0.2670717731782024 -0.30818170369265846 0.2883167492617829 
267 1 0.34717005770290316 0.6016370380611574 0.46959487038226466 0.5461920990266801 0.38430291171002673 1.4956215433253985 0.38209451545765694 
268 -1 0.6683707016406283 0.7777624867617142 0.2130751248224502 -1.2752080976440963 -0.573601036655016 1.1348608939217872 -0.03990543242377629 
269 1 1.7390395147663789 1.8345151789650547 2.265233089300966 0.9747568511845098 1.4954714918134764 0.05257894571095292 1.3667610605143345 
270 -1 -0.29523123017254715 -0.5431783784924613 -0.7103959591928819 -1.8109140378413835 -2.1062473540390845 -0.8493226777980756 -1.9154607563412573 
271 -1 2.9167752092047046 2.0106406276656115 1.3417620052856338 0.5461920990266801 0.4992513855138319 -0.8493226777980756 1.0854277619267123 
272 1 0.02596941376517802 0.42551158936060074 0.5722027686061905 1.4033216033423397 2.1468461767017057 1.315241218623593 1.5543165929060827 
273 1 -1.0446993993605724 -1.2476801732946883 -1.3260433485364367 -1.4894904737230112 -0.841814142197228 0.05257894571095292 -0.7432386788928317 
274 1 1.4178388708286538 2.4509542494170033 3.137400224204335 2.9032982358947437 3.296330914739757 1.315241218623593 2.257649839375138 
275 -1 -0.08109746754739704 -0.19092748109134788 -0.5564841118569932 0.2247685349083078 -0.8801303001318298 -1.0297030024998812 -0.5087942634031466 
276 -1 0.13303629507775308 -0.3670529297919046 -0.6077880609689561 -1.3823492856835538 -1.4165565112162537 0.23295927041275863 -0.7432386788928317 
277 -1 2.7026414465795545 2.5390169737672816 1.9061054455172257 0.5461920990266801 0.6525160172522387 -0.30818170369265846 0.9447611126329013 
278 -1 0.24010317639032813 0.33744886501032234 0.46959487038226466 0.5461920990266801 -0.6119171945896178 -0.8493226777980756 -0.5556831465010835 
279 -1 0.6683707016406283 0.42551158936060074 0.41829092127030176 -0.6323609694073516 0.07777364823321305 -0.12780137899085278 0.3352056323597199 
280 1 -0.29523123017254715 -0.2789902054416262 0.1104672265985244 -0.953784533525724 -0.3053879311128041 2.0367625174308155 -0.32123873101139844 
281 -1 -1.4729669246108728 -1.7760565193963584 -1.685170992320177 -0.8466433454862665 -1.8380342484968726 -1.210083327201687 -1.634127457753635 
282 -1 0.45423693901547824 0.6896997624114358 0.6235067177181534 0.5461920990266801 0.46093522757923017 -0.12780137899085278 0.14765009996797182 
283 -1 0.7754375829532034 0.6016370380611574 0.2130751248224502 -1.5966316617624685 -0.458652562851211 0.05257894571095292 0.05387233377209776 
284 1 -0.29523123017254715 0.07326069195948724 0.36698697215833886 -1.1680669096046388 -0.841814142197228 0.9544805692199815 -0.32123873101139844 
285 -1 1.0966382268909285 1.0419506598125494 0.6235067177181534 -0.953784533525724 0.11608980616781475 -0.48856202839446417 0.8978722295349643 
286 -1 0.34717005770290316 0.42551158936060074 0.5208988194942276 -0.5252197813678943 -0.2670717731782024 -0.48856202839446417 0.24142786616384587 
287 1 -1.5800338059234478 -1.6879937950460802 -1.8903867887680286 1.6176039794212544 -1.0333949318702367 -1.5708439766052984 -1.6810163408515721 
288 1 -0.4022981114851222 -0.7193038271930181 -0.659092010080919 -0.5252197813678943 -0.6885495104588213 0.7741002445181757 -0.9307942112845798 
289 1 -1.7941675685485978 -1.864119243746637 -1.8390828396560657 0.5461920990266801 -1.9912988802352796 -1.210083327201687 -2.1967940549288794 
290 1 0.24010317639032813 0.33744886501032234 0.46959487038226466 0.760474475105595 1.303890702140468 1.4956215433253985 0.616538930947342 
291 1 -0.8305656367354224 -0.8073665515432965 -0.7103959591928819 -0.5252197813678943 -0.9950787739356349 1.315241218623593 -0.8370164450887058 
292 1 -2.115368212486323 -1.864119243746637 -1.9929946869919544 1.724745167460712 -1.3016080374124486 -0.48856202839446417 -1.9154607563412573 
293 1 0.45423693901547824 0.7777624867617142 0.9313304123899308 0.5461920990266801 1.4954714918134764 1.1348608939217872 1.0385388788287753 
294 1 -0.18816434885997207 -0.45511565414218297 -0.659092010080919 -0.20379621724952193 -0.9184464580664315 -0.8493226777980756 -0.5087942634031466 
295 -1 2.167307040016679 1.6583897302644979 1.3417620052856338 -1.2752080976440963 -0.22875561524360066 -0.30818170369265846 0.428983398555594 
296 1 0.24010317639032813 0.5135743137108791 0.6235067177181534 -0.20379621724952193 0.5375675434484336 2.0367625174308155 0.9447611126329013 
297 1 -2.115368212486323 -2.128307416797472 -2.198210483439806 -0.31093740528897934 -1.0717110898048383 -2.292365275412521 -1.6810163408515721 
298 -1 0.34717005770290316 0.1613234163097656 0.6748106668301163 -0.6323609694073516 0.5758837013830354 -1.0297030024998812 1.6012054760040195 
299 -1 1.6319726334538038 0.6016370380611574 0.26437907393441307 -1.5966316617624685 -0.9567626160010332 1.8563821927290098 -0.5087942634031466 
300 1 -0.4022981114851222 -0.2789902054416262 -0.19735646807325297 -0.31093740528897934 -0.3437040890474058 0.4133395951145643 -0.5556831465010835 
301 -1 -1.2588331619857227 -1.15961744894441 -1.3260433485364367 -0.953784533525724 -1.6081373008892623 -1.5708439766052984 -1.4934608084598242 
302 1 -2.008301331173748 -2.0402446924471938 -2.146906534327843 2.1533099196185415 -0.9567626160010332 -1.751224301307104 -1.7747941070474462 
303 -1 -0.18816434885997207 0.24938614066004397 0.36698697215833886 0.11762734686885039 -0.42033640491660923 0.4133395951145643 -0.03990543242377629 
304 -1 1.8461063960789539 1.482264281563941 0.9313304123899308 -0.31093740528897934 0.1927221220370182 -0.6689423530962699 0.6634278140452791 
305 -1 -1.3659000432982977 -1.2476801732946883 -1.3773472976483996 -0.20379621724952193 -0.9184464580664315 -1.9316046260089097 -1.0245719774804538 
306 -1 1.5249057521412288 2.0987033520158898 2.265233089300966 1.724745167460712 1.1123099124674594 0.4133395951145643 1.0854277619267123 
307 1 -0.9376325180479974 -1.2476801732946883 -1.172131501200548 -0.31093740528897934 -1.1483434056740418 -0.8493226777980756 -1.0245719774804538 
308 1 0.02596941376517802 0.42551158936060074 0.6748106668301163 0.760474475105595 -1.4931888270854572 0.5937199198163701 -1.9154607563412573 
309 -1 0.7754375829532034 0.6016370380611574 0.5208988194942276 -0.4180785933284368 -0.458652562851211 0.05257894571095292 -0.03990543242377629 
310 1 0.6683707016406283 0.6896997624114358 1.1878501579497451 -0.5252197813678943 1.2272583862712645 1.6760018680272042 1.5074277098081457 
311 -1 -1.2588331619857227 -1.423805621995245 -1.2234354503125109 -0.7395021574468091 -1.378240353281652 -0.8493226777980756 -1.305905276068076 
312 1 0.45423693901547824 0.6896997624114358 0.8800264632779679 0.3319097229477653 1.9935815449632988 1.315241218623593 1.6480943591019566 
313 -1 0.02596941376517802 -0.10286475674106951 0.0591632774865615 0.010486158829392949 0.30767059584082335 -0.30818170369265846 0.475872281653531 
314 -1 -0.29523123017254715 -0.2789902054416262 -0.1460525189612901 -1.0609257215651815 -1.1100272477394402 0.05257894571095292 -0.7901275619907687 
315 -1 0.45423693901547824 -0.19092748109134788 -0.1460525189612901 0.010486158829392949 0.8440968069252474 0.4133395951145643 1.0854277619267123 
316 -1 1.0966382268909285 0.6016370380611574 0.41829092127030176 -0.8466433454862665 -0.9567626160010332 -0.30818170369265846 -0.6494609126969576 
317 -1 0.02596941376517802 -0.2789902054416262 -0.40257226452110456 -1.3823492856835538 -1.1483434056740418 -0.48856202839446417 -0.7901275619907687 
318 -1 2.167307040016679 1.922577903315333 1.5469778017334854 0.8676156631450525 0.34598675377542504 -0.30818170369265846 0.6634278140452791 
319 -1 0.45423693901547824 0.07326069195948724 -0.35126831540914166 2.260451107657999 0.6908321751868405 -1.3904636519034927 0.7572055802411531 
320 1 -0.29523123017254715 -0.19092748109134788 -0.04344462073736429 -0.8466433454862665 -0.8034979842626264 0.4133395951145643 -0.6494609126969576 
321 1 1.4178388708286538 0.9538879354622709 0.5722027686061905 -1.5966316617624685 -1.2249757215432453 1.1348608939217872 -0.6025720295990206 
322 -1 0.13303629507775308 0.1613234163097656 0.36698697215833886 -0.20379621724952193 -0.15212329937439725 0.05257894571095292 0.428983398555594 
323 -1 0.6683707016406283 0.1613234163097656 0.2130751248224502 -0.953784533525724 -0.9567626160010332 0.23295927041275863 -0.4619053803052095 
324 1 0.9895713455783535 1.1300133841628277 1.6495856999574112 0.760474475105595 1.840316913224892 1.315241218623593 1.0385388788287753 
325 -1 -0.08109746754739704 0.07326069195948724 -0.09474856984932718 -0.5252197813678943 -0.3437040890474058 -0.30818170369265846 -0.3681276141093355 
326 1 -2.008301331173748 -1.9521819680969152 -1.9416907378799915 0.8676156631450525 -0.841814142197228 0.4133395951145643 -1.634127457753635 
327 1 0.34717005770290316 0.5135743137108791 0.9313304123899308 -0.09665502921006448 0.614199859317637 0.05257894571095292 0.6634278140452791 
328 1 -1.5800338059234478 -1.5999310706958019 -1.9929946869919544 0.2247685349083078 -1.1866595636086434 -1.5708439766052984 -1.7279052239495092 
329 1 -0.4022981114851222 -0.45511565414218297 -0.45387621363306746 0.2247685349083078 0.614199859317637 1.1348608939217872 0.616538930947342 
330 -1 0.34717005770290316 -0.014802032390791135 -0.1460525189612901 -0.5252197813678943 -0.7651818263280247 0.4133395951145643 -0.32123873101139844 
331 1 0.34717005770290316 0.24938614066004397 0.2130751248224502 -0.31093740528897934 1.2272583862712645 1.1348608939217872 0.7103166971432161 
332 1 0.34717005770290316 0.7777624867617142 0.5208988194942276 -0.953784533525724 -0.9567626160010332 0.23295927041275863 -0.4619053803052095 
333 1 0.24010317639032813 0.9538879354622709 1.290458056173671 1.4033216033423397 2.185162334636307 0.5937199198163701 1.2729832943184605 
334 -1 0.34717005770290316 0.42551158936060074 0.36698697215833886 -0.8466433454862665 -0.9567626160010332 -1.0297030024998812 -0.32123873101139844 
335 -1 0.8825044642657784 0.5135743137108791 0.36698697215833886 -0.6323609694073516 -0.458652562851211 -0.6689423530962699 -0.03990543242377629 
336 -1 -1.2588331619857227 -1.0715547245941315 -1.3773472976483996 1.510462791381797 0.0011413323640096144 -0.6689423530962699 -0.5556831465010835 
337 1 -0.18816434885997207 -0.014802032390791135 0.5208988194942276 -1.703772849801926 -0.8034979842626264 0.5937199198163701 -0.2743498479134614 
338 -1 0.24010317639032813 0.07326069195948724 0.1617711757104873 0.010486158829392949 -1.0333949318702367 -0.6689423530962699 -0.9307942112845798 
339 1 -0.4022981114851222 -0.014802032390791135 0.36698697215833886 -1.8109140378413835 -1.1100272477394402 1.1348608939217872 -0.4150164972072725 
340 -1 -1.1517662806731475 -0.9834920002438532 -0.9156117556407335 0.6533332870661376 -0.49696872078581267 -0.6689423530962699 -0.6963497957948946 
341 1 -1.2588331619857227 -1.0715547245941315 -1.172131501200548 -0.09665502921006448 -0.7651818263280247 -1.210083327201687 -0.4619053803052095 
342 -1 0.13303629507775308 -0.014802032390791135 -0.29996436629717876 -0.09665502921006448 -0.42033640491660923 -0.8493226777980756 -0.2743498479134614 
343 -1 0.02596941376517802 0.07326069195948724 0.1104672265985244 -0.8466433454862665 -0.3053879311128041 -0.8493226777980756 0.24142786616384587 
344 1 0.7754375829532034 1.0419506598125494 1.1878501579497451 0.11762734686885039 1.9169492290940953 1.4956215433253985 1.6012054760040195 
345 -1 0.34717005770290316 0.33744886501032234 0.1104672265985244 -0.09665502921006448 -0.0371748255705921 0.05257894571095292 0.24142786616384587 
346 1 0.13303629507775308 -0.014802032390791135 0.1104672265985244 -2.1323376019597555 -1.1100272477394402 0.5937199198163701 -0.5556831465010835 
347 -1 1.3107719895160785 0.8658252111119926 0.5208988194942276 -0.953784533525724 0.1927221220370182 -0.6689423530962699 0.9447611126329013 
348 -1 2.381440802641829 2.5390169737672816 1.9574093946291886 0.6533332870661376 0.7291483331214422 -0.12780137899085278 1.4136499436122716 
349 -1 -0.18816434885997207 -0.2789902054416262 -0.6077880609689561 0.9747568511845098 0.0011413323640096144 -1.210083327201687 -0.5556831465010835 
350 1 0.02596941376517802 -0.19092748109134788 0.31568302304637597 0.5461920990266801 1.4188391759442731 1.315241218623593 0.9916499957308382 
351 1 -0.8305656367354224 -1.15961744894441 -1.120827552088585 -0.4180785933284368 0.30767059584082335 -0.12780137899085278 -0.18057208171758737 
352 1 0.6683707016406283 1.3942015572136628 1.3417620052856338 1.0818980392239672 0.30767059584082335 2.0367625174308155 0.2883167492617829 
353 1 -1.6871006872360228 -2.2163701411477503 -2.2495144325517686 0.6533332870661376 -1.1100272477394402 -1.5708439766052984 -1.6810163408515721 
354 -1 0.34717005770290316 -0.10286475674106951 -0.29996436629717876 -0.7395021574468091 -0.15212329937439725 -0.8493226777980756 0.10076121687003478 
355 1 0.8825044642657784 1.3061388328633845 1.5469778017334854 1.4033216033423397 1.7253684394210866 1.4956215433253985 1.0385388788287753 
356 -1 -0.18816434885997207 0.1613234163097656 0.31568302304637597 -0.09665502921006448 0.2693544379062216 0.23295927041275863 0.6634278140452791 
357 -1 -0.29523123017254715 -0.2789902054416262 -0.24866041718521587 -0.5252197813678943 -0.38202024698200754 0.23295927041275863 -0.3681276141093355 
358 -1 0.24010317639032813 -0.10286475674106951 -0.24866041718521587 2.260451107657999 -0.2670717731782024 -1.5708439766052984 -0.5087942634031466 
359 -1 -1.4729669246108728 -1.15961744894441 -1.633867043208214 0.6533332870661376 -1.2249757215432453 -1.3904636519034927 -1.587238574655698 
360 -1 1.5249057521412288 1.6583897302644979 1.3417620052856338 0.8676156631450525 0.7291483331214422 -0.30818170369265846 0.9916499957308382 
361 1 -0.4022981114851222 -0.6312411028427397 -0.659092010080919 1.0818980392239672 -0.42033640491660923 -0.6689423530962699 0.19453898306590883 
362 -1 -0.4022981114851222 -0.014802032390791135 -0.35126831540914166 1.1890392272634247 -1.0333949318702367 -1.210083327201687 -1.165238626774265 
363 -1 0.7754375829532034 0.9538879354622709 0.5722027686061905 0.8676156631450525 -0.22875561524360066 -0.30818170369265846 -0.03990543242377629 
364 -1 -1.2588331619857227 -1.2476801732946883 -1.3773472976483996 -0.6323609694073516 -1.378240353281652 -0.8493226777980756 -1.4465719253618872 
365 1 -0.6164318741102723 -0.10286475674106951 0.5208988194942276 -1.8109140378413835 -0.8801303001318298 2.2171428421326214 -0.03990543242377629 
366 -1 -0.29523123017254715 -0.2789902054416262 -0.19735646807325297 0.5461920990266801 0.15440596410241647 0.05257894571095292 -0.22746096481552439 
367 1 -0.29523123017254715 -0.7193038271930181 -0.40257226452110456 -1.0609257215651815 0.8057806489906456 0.4133395951145643 0.616538930947342 
368 1 -1.3659000432982977 -1.423805621995245 -1.5825630940962512 0.8676156631450525 1.4954714918134764 -0.30818170369265846 -1.3996830422639501 
369 -1 -0.08109746754739704 -0.10286475674106951 0.0591632774865615 -0.09665502921006448 0.4992513855138319 0.4133395951145643 0.2883167492617829 
370 1 -1.2588331619857227 -1.5118683463455234 -1.4799551958723254 -0.20379621724952193 0.4226190696446285 0.05257894571095292 0.616538930947342 
371 -1 -0.4022981114851222 -0.45511565414218297 -0.1460525189612901 -0.31093740528897934 0.5758837013830354 -1.3904636519034927 1.5074277098081457 
372 1 -1.0446993993605724 -0.9834920002438532 -1.0182196538646593 0.6533332870661376 -0.458652562851211 0.5937199198163701 -0.6025720295990206 
373 -1 -0.5093649927976972 -1.2476801732946883 -0.9156117556407335 -0.8466433454862665 -1.4548726691508556 -0.6689423530962699 -0.9307942112845798 
374 1 -0.4022981114851222 -0.5431783784924613 -0.35126831540914166 0.760474475105595 -0.6885495104588213 -1.3904636519034927 -0.08679431552171332 
375 -1 -0.08109746754739704 -0.2789902054416262 -0.1460525189612901 -0.4180785933284368 0.11608980616781475 -0.30818170369265846 0.24142786616384587 
376 1 -0.4022981114851222 -0.3670529297919046 -0.29996436629717876 0.11762734686885039 0.15440596410241647 1.315241218623593 -0.08679431552171332 
377 1 -2.008301331173748 -2.128307416797472 -2.146906534327843 0.760474475105595 -1.7614019326276693 -1.9316046260089097 -2.1967940549288794 
378 1 1.4178388708286538 1.6583897302644979 2.1113212419650775 0.9747568511845098 1.840316913224892 0.7741002445181757 1.3667610605143345 
379 -1 0.13303629507775308 0.6016370380611574 0.828722514166005 0.9747568511845098 1.303890702140468 -0.48856202839446417 2.023205423885453 
380 1 0.02596941376517802 0.1613234163097656 0.2130751248224502 -0.6323609694073516 -0.11380714143979553 0.4133395951145643 0.5696500478494051 
381 -1 -0.5093649927976972 -0.7193038271930181 -0.7103959591928819 -0.31093740528897934 -0.5352848787204144 -1.5708439766052984 -0.13368319861965033 
382 1 -0.9376325180479974 -0.19092748109134788 -0.659092010080919 1.510462791381797 1.1123099124674594 0.05257894571095292 1.1792055281225864 
383 1 1.3107719895160785 1.482264281563941 1.8034975472933 -0.20379621724952193 1.0739937545328575 0.4133395951145643 2.257649839375138 
384 -1 -0.08109746754739704 -0.3670529297919046 -0.40257226452110456 -0.953784533525724 -1.378240353281652 -0.12780137899085278 -0.9307942112845798 
385 -1 -0.8305656367354224 -0.8954292758935748 -0.8643078065287706 -0.7395021574468091 -0.15212329937439725 -1.3904636519034927 0.522761164751468 
386 -1 -0.08109746754739704 -0.014802032390791135 0.007859328374598606 0.010486158829392949 0.03945749029861133 -0.48856202839446417 0.3352056323597199 
387 -1 0.34717005770290316 -0.10286475674106951 0.007859328374598606 -0.5252197813678943 -0.3437040890474058 -1.3904636519034927 -0.18057208171758737 
388 1 -0.8305656367354224 -1.2476801732946883 -1.0695236029766222 0.2247685349083078 0.2693544379062216 -0.48856202839446417 0.2883167492617829 
389 -1 1.2037051082035035 1.922577903315333 1.8548014964052628 1.724745167460712 1.4188391759442731 0.23295927041275863 1.8825387745916418 
390 1 -0.9376325180479974 -0.5431783784924613 -0.659092010080919 0.8676156631450525 0.30767059584082335 -1.210083327201687 -0.4619053803052095 
391 1 0.7754375829532034 0.8658252111119926 1.239154107061708 -0.5252197813678943 0.9590452807290525 1.315241218623593 1.1323166450246493 
392 1 -1.2588331619857227 -0.9834920002438532 -1.2234354503125109 2.260451107657999 -0.19043945730899894 -1.0297030024998812 -0.6025720295990206 
393 -1 -0.4022981114851222 -0.10286475674106951 0.1617711757104873 0.2247685349083078 1.150626070402061 0.05257894571095292 0.7103166971432161 
394 1 0.9895713455783535 0.6896997624114358 1.0339383106138564 0.11762734686885039 2.6066400719169263 1.8563821927290098 1.8356498914937047 
395 -1 -0.08109746754739704 0.07326069195948724 0.1104672265985244 0.11762734686885039 -0.22875561524360066 1.4956215433253985 0.006983450674160735 
396 -1 0.02596941376517802 0.07326069195948724 -0.19735646807325297 -0.4180785933284368 -1.0333949318702367 0.7741002445181757 -1.165238626774265 
397 1 -0.08109746754739704 0.07326069195948724 -0.09474856984932718 1.6176039794212544 0.6525160172522387 -0.8493226777980756 -0.13368319861965033 
398 1 -0.6164318741102723 -0.3670529297919046 -0.40257226452110456 0.4390509109872227 1.0739937545328575 -1.0297030024998812 0.475872281653531 
399 1 0.13303629507775308 0.42551158936060074 0.007859328374598606 2.3675922956974564 0.30767059584082335 -0.8493226777980756 0.24142786616384587 
400 1 0.34717005770290316 0.33744886501032234 0.5208988194942276 -0.20379621724952193 1.1889422283366629 1.6760018680272042 1.0854277619267123 
401 1 -0.8305656367354224 -0.45511565414218297 -0.6077880609689561 1.2961804153028822 0.6525160172522387 -0.30818170369265846 -0.08679431552171332 
402 1 -0.4022981114851222 -0.19092748109134788 -0.04344462073736429 -1.5966316617624685 0.7674644910560439 1.1348608939217872 1.2729832943184605 
403 -1 3.3450427344550047 1.3061388328633845 -0.7103959591928819 -1.2752080976440963 -1.4548726691508556 -1.0297030024998812 -1.352794159166013 
404 1 -2.008301331173748 -2.0402446924471938 -2.146906534327843 -0.6323609694073516 -1.5698211429546607 -0.8493226777980756 -2.009238522537131 
405 1 -1.4729669246108728 -1.2476801732946883 -1.2747393994244738 0.760474475105595 -0.6502333525242195 0.23295927041275863 -1.212127509872202 
406 -1 -0.08109746754739704 0.24938614066004397 0.007859328374598606 1.0818980392239672 0.5375675434484336 -1.0297030024998812 0.475872281653531 
407 -1 1.8461063960789539 1.922577903315333 1.9574093946291886 0.6533332870661376 1.840316913224892 -0.6689423530962699 1.9294276576895788 
408 -1 0.24010317639032813 0.07326069195948724 0.007859328374598606 -0.953784533525724 -0.07549098350519381 -0.30818170369265846 -0.08679431552171332 
409 1 -1.6871006872360228 -1.15961744894441 -1.4286512467603625 0.9747568511845098 -0.15212329937439725 -1.0297030024998812 -1.0714608605783909 
410 1 -0.18816434885997207 -0.19092748109134788 0.007859328374598606 -0.4180785933284368 -0.07549098350519381 0.05257894571095292 -0.2743498479134614 
411 -1 -1.0446993993605724 -0.8073665515432965 -0.8130038574168077 0.8676156631450525 -0.458652562851211 -0.6689423530962699 -0.3681276141093355 
412 -1 0.5613038203280533 0.1613234163097656 0.31568302304637597 -0.5252197813678943 -0.7268656683934229 -0.6689423530962699 -0.13368319861965033 
413 1 0.45423693901547824 0.42551158936060074 0.777418565054042 0.8676156631450525 2.338426966374714 2.0367625174308155 1.8825387745916418 
414 1 -2.115368212486323 -1.9521819680969152 -2.044298636103917 -0.6323609694073516 -1.378240353281652 -1.751224301307104 -1.634127457753635 
415 -1 1.0966382268909285 0.6896997624114358 0.31568302304637597 -1.1680669096046388 -0.42033640491660923 0.05257894571095292 -0.13368319861965033 
416 1 0.02596941376517802 0.42551158936060074 0.777418565054042 -1.5966316617624685 -0.6885495104588213 1.315241218623593 0.14765009996797182 
417 1 0.24010317639032813 0.42551158936060074 0.41829092127030176 -0.7395021574468091 -0.8034979842626264 0.05257894571095292 -0.8370164450887058 
418 1 -0.4022981114851222 -0.45511565414218297 -0.45387621363306746 0.3319097229477653 -0.42033640491660923 1.1348608939217872 -0.6494609126969576 
419 -1 1.3107719895160785 0.8658252111119926 1.0339383106138564 -0.5252197813678943 -0.2670717731782024 -0.12780137899085278 0.3352056323597199 
420 1 0.8825044642657784 1.0419506598125494 1.0852422597258193 0.760474475105595 2.376743124309316 1.315241218623593 1.6949832421998936 
421 1 -0.4022981114851222 -0.014802032390791135 0.1104672265985244 0.9747568511845098 0.6525160172522387 -0.12780137899085278 0.05387233377209776 
422 1 0.13303629507775308 0.33744886501032234 0.5208988194942276 0.6533332870661376 0.2693544379062216 1.315241218623593 0.428983398555594 
423 1 0.5613038203280533 0.5135743137108791 0.777418565054042 0.010486158829392949 1.0739937545328575 1.315241218623593 1.0385388788287753 
424 1 0.7754375829532034 1.3061388328633845 1.1365462088377822 0.11762734686885039 0.0011413323640096144 -0.30818170369265846 -0.18057208171758737 
425 1 -0.18816434885997207 -0.19092748109134788 -0.1460525189612901 0.760474475105595 1.687052281486485 1.1348608939217872 0.428983398555594 
426 -1 -1.3659000432982977 -1.423805621995245 -1.4286512467603625 0.010486158829392949 -0.841814142197228 -1.5708439766052984 -0.6494609126969576 
427 -1 0.02596941376517802 -0.19092748109134788 -0.1460525189612901 -0.6323609694073516 0.2310382799716199 0.23295927041275863 0.522761164751468 
428 -1 -0.18816434885997207 0.33744886501032234 -0.35126831540914166 0.010486158829392949 -0.15212329937439725 0.05257894571095292 0.006983450674160735 
429 1 0.5613038203280533 0.5135743137108791 0.6235067177181534 0.3319097229477653 1.7636845973556885 1.315241218623593 1.6012054760040195 
430 -1 -0.5093649927976972 -0.8073665515432965 -0.659092010080919 0.5461920990266801 -0.38202024698200754 0.05257894571095292 -0.8370164450887058 
431 -1 1.6319726334538038 1.3942015572136628 0.8800264632779679 -1.4894904737230112 -0.573601036655016 -0.30818170369265846 -0.03990543242377629 
432 1 -0.4022981114851222 -0.3670529297919046 -0.29996436629717876 -2.0251964139202983 -0.7268656683934229 1.315241218623593 -0.18057208171758737 
433 1 2.7026414465795545 3.15545604421923 3.0347923259804093 0.6533332870661376 1.0739937545328575 0.7741002445181757 1.7887610083957677 
434 1 0.45423693901547824 0.42551158936060074 0.7261146159420792 0.5461920990266801 2.108530018767104 1.315241218623593 1.4605388267102086 
435 1 -0.18816434885997207 0.07326069195948724 0.41829092127030176 -0.20379621724952193 1.0739937545328575 0.4133395951145643 0.616538930947342 
436 1 -0.29523123017254715 0.24938614066004397 0.46959487038226466 -2.0251964139202983 -0.841814142197228 1.8563821927290098 -0.32123873101139844 
437 -1 0.13303629507775308 -0.3670529297919046 -0.04344462073736429 -1.5966316617624685 -1.1100272477394402 0.05257894571095292 -0.6494609126969576 
438 1 -0.7234987554228474 -0.7193038271930181 -0.7616999083048448 1.0818980392239672 0.15440596410241647 -0.30818170369265846 -0.2743498479134614 
439 1 -1.0446993993605724 -1.0715547245941315 -0.659092010080919 0.4390509109872227 -0.6119171945896178 -0.48856202839446417 -1.0245719774804538 
440 1 -0.7234987554228474 -0.6312411028427397 -0.45387621363306746 -1.5966316617624685 -0.9567626160010332 1.315241218623593 -0.6494609126969576 
441 -1 -0.9376325180479974 -0.7193038271930181 -0.9669157047526964 -1.703772849801926 -1.799718090562271 -1.210083327201687 -1.3996830422639501 
442 1 0.02596941376517802 -0.014802032390791135 0.1104672265985244 0.2247685349083078 1.3805230180096713 0.5937199198163701 0.8040944633390902 
443 1 -1.2588331619857227 -1.15961744894441 -1.0182196538646593 -0.4180785933284368 0.38430291171002673 -1.5708439766052984 -0.3681276141093355 
444 -1 2.060240158704104 1.922577903315333 1.6495856999574112 0.010486158829392949 0.614199859317637 0.4133395951145643 0.9447611126329013 
445 -1 0.02596941376517802 -0.014802032390791135 -0.40257226452110456 -1.1680669096046388 -0.3437040890474058 0.4133395951145643 -0.03990543242377629 
446 -1 0.8825044642657784 0.6896997624114358 0.6235067177181534 -0.09665502921006448 -0.2670717731782024 -0.6689423530962699 0.2883167492617829 
447 1 -0.6164318741102723 -0.6312411028427397 -0.29996436629717876 -0.20379621724952193 0.0011413323640096144 -0.8493226777980756 -0.32123873101139844 
448 -1 -0.6164318741102723 -0.3670529297919046 -0.09474856984932718 -1.0609257215651815 0.7674644910560439 -0.6689423530962699 1.5543165929060827 
449 1 -0.5093649927976972 -0.014802032390791135 0.0591632774865615 -1.3823492856835538 -0.7268656683934229 0.4133395951145643 -0.2743498479134614 
450 1 -0.8305656367354224 -0.7193038271930181 -1.3773472976483996 1.8318863555001694 0.5758837013830354 -1.5708439766052984 -0.13368319861965033 
451 1 0.7754375829532034 0.42551158936060074 0.1104672265985244 0.4390509109872227 -0.6885495104588213 0.7741002445181757 -0.5556831465010835 
452 -1 1.5249057521412288 1.3942015572136628 1.5982817508454483 0.3319097229477653 1.4954714918134764 0.9544805692199815 1.6949832421998936 
453 1 -0.29523123017254715 0.33744886501032234 -0.29996436629717876 -0.5252197813678943 -0.7268656683934229 0.9544805692199815 -0.7432386788928317 
454 -1 0.9895713455783535 0.9538879354622709 1.0852422597258193 0.010486158829392949 0.4226190696446285 -0.6689423530962699 1.1792055281225864 
455 -1 0.02596941376517802 0.07326069195948724 0.007859328374598606 0.11762734686885039 -0.7268656683934229 -0.6689423530962699 -0.7432386788928317 
456 1 -0.8305656367354224 -0.45511565414218297 -0.04344462073736429 -2.3466199780386705 -1.263291879477847 1.1348608939217872 -0.6494609126969576 
457 -1 1.8461063960789539 1.6583897302644979 1.3417620052856338 -0.31093740528897934 0.2693544379062216 -0.6689423530962699 0.7103166971432161 
458 1 0.5613038203280533 0.7777624867617142 0.9313304123899308 -0.20379621724952193 1.0356775965982559 1.6760018680272042 1.3667610605143345 
459 -1 0.5613038203280533 0.7777624867617142 0.8800264632779679 0.3319097229477653 1.0356775965982559 0.9544805692199815 1.0385388788287753 
460 -1 0.34717005770290316 0.6016370380611574 0.1617711757104873 -0.5252197813678943 -0.3053879311128041 0.5937199198163701 0.3352056323597199 
461 -1 0.6683707016406283 0.33744886501032234 0.31568302304637597 -0.8466433454862665 -0.5352848787204144 -0.8493226777980756 -0.08679431552171332 
462 1 0.8825044642657784 1.1300133841628277 1.4443699035095596 0.6533332870661376 1.3805230180096713 1.1348608939217872 0.8509833464370272 
463 -1 0.02596941376517802 -0.10286475674106951 0.1617711757104873 -0.4180785933284368 0.9590452807290525 0.05257894571095292 0.9447611126329013 
464 1 0.5613038203280533 0.7777624867617142 1.1878501579497451 0.4390509109872227 1.7253684394210866 0.4133395951145643 0.9916499957308382 
465 1 -1.1517662806731475 -0.5431783784924613 -0.19735646807325297 -1.0609257215651815 -1.0717110898048383 1.8563821927290098 -0.3681276141093355 
466 1 -1.0446993993605724 -0.8073665515432965 -0.659092010080919 -0.5252197813678943 -0.38202024698200754 0.7741002445181757 -0.2743498479134614 
467 1 1.0966382268909285 1.0419506598125494 1.4443699035095596 -0.09665502921006448 1.5337876497480782 0.9544805692199815 1.4605388267102086 
468 -1 -0.4022981114851222 -0.19092748109134788 0.2130751248224502 -0.20379621724952193 0.6525160172522387 0.23295927041275863 0.6634278140452791 
469 -1 -0.29523123017254715 -0.19092748109134788 0.1104672265985244 -1.0609257215651815 -0.42033640491660923 -1.0297030024998812 0.38209451545765694 
