id label data 
0 -1 -0.13297684223769643 -0.5961267200802882 -0.7647281523000773 -1.1624329849375328 0.1186529519665256 -0.1720052290384473 1.2825117044457341 
1 1 -2.366987791831009 -2.450743182552296 -1.8712479868178749 0.5696691449362751 -0.6723667278103109 -1.8232554278075228 -1.9581380847356769 
2 1 0.34573978981801345 0.46365411561800196 0.4893276601534265 -0.3541186576630892 -0.05712919909499362 0.447213595499956 0.7522235571251396 
3 1 -0.29254905292293304 -0.3311815111557157 -0.24835222952510516 0.4541956696113545 0.250489565262665 1.4792449697306282 -0.07266911648467413 
4 -1 0.5053120005032501 0.19870890669342942 0.6368636380891328 -0.3541186576630892 0.0747074142011458 -0.1720052290384473 0.04517269403101355 
5 -1 -0.6116934742934063 -1.1260171379294333 -1.2811040750750495 0.4541956696113545 -0.7602578033410705 -0.7912240535768507 -0.7207990743209564 
6 -1 0.8244564218737234 1.1260171379294333 0.4155596711855733 -0.23864518233816864 -0.2768568879218926 0.6536198703460904 0.4576190308359204 
7 1 0.34573978981801345 0.5961267200802882 1.0057035829283987 -0.3541186576630892 0.2944351030280448 1.2728386948844936 0.2808563150623889 
8 -1 1.3031730539294333 0.8610719290048607 0.7843996160248391 -0.3541186576630892 0.1625984897319054 -0.1720052290384473 0.4576190308359204 
9 -1 1.1436008432441966 -0.06623630223114314 0.04671972634630749 -2.432641213511659 -1.5952230208832867 -0.3784115038845818 -1.0154036006101754 
10 1 -0.13297684223769643 0.3311815111557157 0.34179168221772016 2.1862977994851622 1.8764744625817178 0.6536198703460904 1.1057489886722025 
11 1 0.34573978981801345 0.7285993245425745 1.0057035829283987 0.33872219428643396 0.6459994051510832 -0.997630328422985 0.575460841351608 
12 -1 0.026595368447540194 -0.3311815111557157 -0.6909601633322242 -0.12317170701324813 -0.8042033411064503 -0.5848177787307162 -1.1332454111258632 
13 -1 0.34573978981801345 0.06623630223114314 0.26802369324986697 0.33872219428643396 0.4262717163241842 -0.3784115038845818 0.6343817466094519 
14 1 -1.0904101063491163 -0.06623630223114314 -0.7647281523000773 1.9553508488353213 1.34912800939716 0.03440104580768712 1.5181953254771094 
15 -1 2.260606318040853 1.7883801602408647 1.522079505703371 -0.23864518233816864 0.4262717163241842 0.447213595499956 0.8111444623829834 
16 1 0.026595368447540194 0.3311815111557157 0.5630956491212796 0.8006160955861161 0.9096726317433621 -1.410442878115254 0.575460841351608 
17 -1 0.9840286325589599 0.7285993245425745 0.12048771531416066 0.33872219428643396 -0.32080242568727246 0.6536198703460904 -0.3672736427738933 
18 -1 0.34573978981801345 0.06623630223114314 0.4155596711855733 -0.12317170701324813 1.1733458583356409 0.03440104580768712 1.2235907991878903 
19 1 -0.29254905292293304 -0.3311815111557157 -0.24835222952510516 -1.855273836887056 -0.7602578033410705 1.4792449697306282 -0.1905109270003618 
20 1 -0.4521212636081697 -0.5961267200802882 -0.32212021849295835 -0.4695921329880097 -0.7602578033410705 0.6536198703460904 -0.838640884836644 
21 1 0.5053120005032501 0.7285993245425745 0.710631627056986 0.8006160955861161 1.0415092450395014 1.4792449697306282 0.6933026518672958 
22 1 1.3031730539294333 2.1857979736277233 2.407295373317609 0.22324871896151346 2.140147689173997 2.304870069115166 1.5181953254771094 
23 -1 -0.29254905292293304 0.06623630223114314 0.4155596711855733 0.5696691449362751 1.39307354716254 0.03440104580768712 0.9289862728986711 
24 -1 -0.6116934742934063 -0.46365411561800196 0.04671972634630749 -1.5088534109122944 -1.771005171944806 0.24080732065382154 -1.3689290321572385 
25 -1 1.1436008432441966 1.390962346854006 0.8581676049926923 -0.007698231688327598 -0.36474796345265226 -0.5848177787307162 -0.07266911648467413 
26 -1 -1.0904101063491163 -1.2584897423917196 -0.9860321192036369 -0.007698231688327598 -0.9360399544025897 -1.410442878115254 -0.7797199795788001 
27 -1 -1.569126738404826 -1.5234349513162921 -1.7237120088821685 -0.7005390836378508 -1.771005171944806 -1.8232554278075228 -1.840296274219989 
28 1 -1.8882711597752992 -1.390962346854006 -2.018783964753581 1.9553508488353213 -0.6723667278103109 -0.997630328422985 -1.6635335584464577 
29 1 -0.9308378956638795 -1.1260171379294333 -1.1335680971393431 -0.7005390836378508 -0.7602578033410705 -0.1720052290384473 -0.838640884836644 
