id label data 
0 -1 -0.44342433728763375 -0.4937818388139081 -0.17464823382006459 -0.3224794120340737 0.5727753733550544 -1.4104740549875068 1.5072076487403057 
1 1 0.941002183319135 1.006338652487659 1.5194068672113274 1.0611927842638105 1.6171028859808645 1.5058759294793704 1.0814655215836115 
2 1 -1.7213565101554202 -1.817417566432938 -2.0227083440361286 0.3161385247187959 -1.5158796518965658 -1.5927459290166865 -2.0406434108988116 
3 -1 0.7280134878411706 0.9180962706463904 0.5440418090417382 0.8483201386795206 -0.2394793586872424 -0.3168428108124278 -0.053846817500905995 
4 1 -1.7213565101554202 -1.4644480390678634 -1.8173683317898992 1.806247043808825 -0.6649461230903502 -0.6813865588707875 -1.4729872413565528 
5 1 -0.8694017282435625 -1.02323612986152 -1.0473432858665392 0.6354474930952307 0.3020237960076221 0.7767884333626511 -0.10115149829609422 
6 -1 -0.7629073805045804 -0.3172970751313708 -0.3286532430047366 -0.3224794120340737 -0.2781581554511613 -1.5927459290166865 0.5611140328365409 
7 1 -0.549918685026616 -0.5820242206551768 -0.3799882460662939 -0.7482247032026534 -0.742303716618188 0.5945165593334713 -0.7161123486335412 
8 1 0.08904740140727732 0.6533691251225844 1.006056836595754 -1.2804063171633782 -0.6649461230903502 1.3236040554501907 0.040762544089470464 
9 -1 1.0474965310581172 0.5651267432813157 0.39003679985706613 -0.8546610259947984 -0.9743764972017014 -0.3168428108124278 -0.668807667838353 
10 1 -1.2953791191994914 -1.552690420909132 -1.5093583134205553 -0.2160430892419288 0.41806018629937874 0.0477009372459318 0.6084187136317292 
11 -1 -0.1239412940706871 0.21215721591624115 -0.020643224635392567 1.0611927842638105 0.5340965765911354 -1.0459303069291472 0.4665046712461645 
12 1 -0.549918685026616 -0.2290546932901021 -0.020643224635392567 0.8483201386795206 -0.2781581554511613 0.9590603073918309 -0.6215029870431648 
13 -1 0.5150247923632062 -0.05256992960756481 -0.2773182399431792 -1.9190242539162479 -1.2451280745491335 -0.6813865588707875 -0.5268936254527883 
14 1 -0.7629073805045804 -0.7585089843377141 -0.7906682705587526 1.0611927842638105 0.14730860895194653 -0.3168428108124278 -0.29037022147684716 
15 1 -0.1239412940706871 0.1239148340749725 0.5440418090417382 -0.2160430892419288 -0.04608537486764794 1.3236040554501907 0.37189530965578804 
16 1 -1.4018734669384736 -1.287963275385326 -1.4066883072974405 1.0611927842638105 -0.7809825133821069 -0.4991146848416077 -0.9526357526094823 
17 -1 -0.1239412940706871 -0.14081231144883347 -0.0719782276969499 -0.42891573482621864 -0.3168369522150802 0.22997281127511163 -0.5741983062479765 
18 -1 -0.549918685026616 -0.40553945697263943 -0.17464823382006459 -0.3224794120340737 0.5727753733550544 -0.6813865588707875 0.18267658647503515 
19 1 -1.508367814677456 -1.287963275385326 -1.304018301174326 0.7418838158873756 -0.6649461230903502 0.22997281127511163 -1.2364638373806116 
20 -1 -0.549918685026616 -0.8467513661789827 -0.6879982644356379 0.5290111703030858 -0.39419454574291796 0.0477009372459318 -0.8580263910191058 
21 -1 -0.33692998954865155 -0.5820242206551768 -0.43132324912785125 -1.0675336715790882 -0.7809825133821069 -1.228202180958327 -0.5741983062479765 
22 1 0.30203609688524174 0.21215721591624115 0.39003679985706613 0.4225748475109408 0.34070259277154097 1.3236040554501907 -0.24306554068165892 
23 -1 0.30203609688524174 0.1239148340749725 0.6467118151648528 -0.6417883804105086 0.5727753733550544 -1.0459303069291472 1.601817010330682 
24 1 0.6215191401021883 0.9180962706463904 1.3654018580266554 -0.8546610259947984 -0.08476417163156683 1.87041967753773 0.6084187136317292 
25 1 0.40853044462422394 0.741611506963853 1.1087268427188688 0.4225748475109408 1.9652120568561344 1.3236040554501907 3.020957434186329 
26 -1 -0.33692998954865155 -0.5820242206551768 -0.7393332674971953 -1.8125879311241029 -2.1347404001192682 -0.8636584328999674 -1.9460340493084352 
27 -1 4.029338267749619 4.536033926138405 4.034822017227637 2.5513013033538394 3.1642547565376202 0.22997281127511163 3.872441688499717 
28 -1 0.7280134878411706 0.741611506963853 0.39003679985706613 0.10326587913450602 0.10862981218802763 -0.6813865588707875 0.5611140328365409 
29 1 -0.7629073805045804 -1.02323612986152 -1.0986782889280966 0.4225748475109408 -0.8970189036738636 -1.0459303069291472 -0.9526357526094823 
30 1 -1.1888847714605093 -1.02323612986152 -1.5093583134205553 0.4225748475109408 -1.825310026007917 -1.228202180958327 -2.0406434108988116 
31 -1 -0.33692998954865155 -0.5820242206551768 -0.6879982644356379 -1.3868426399555231 0.031272218660189845 -0.13457093678324802 0.9868561599932351 
32 1 0.7280134878411706 0.741611506963853 1.0573918396573114 0.6354474930952307 1.8104968698004589 1.6881478035085502 1.5072076487403057 
33 1 -0.23043564180966933 -0.4937818388139081 -0.3799882460662939 -0.10960676644978386 -0.04608537486764794 -0.6813865588707875 -0.3849795830672236 
34 -1 0.6215191401021883 0.38864197959877844 0.28736679373395146 0.5290111703030858 -0.47155213927075573 -0.4991146848416077 -0.14845617909128245 
35 1 -0.44342433728763375 -0.40553945697263943 -0.3286532430047366 -2.025460576708393 -0.742303716618188 1.3236040554501907 -0.19576085988647068 
36 -1 0.7280134878411706 0.5651267432813157 0.4927068059801808 -0.42891573482621864 -0.47155213927075573 0.0477009372459318 -0.053846817500905995 
37 -1 0.30203609688524174 0.21215721591624115 0.2360317906723941 0.3161385247187959 0.41806018629937874 -0.6813865588707875 0.4191999904509763 
38 1 0.8345078355801528 1.006338652487659 1.0573918396573114 0.7418838158873756 2.3906788212592422 1.3236040554501907 1.6964263719210584 
39 1 0.7280134878411706 0.5651267432813157 0.6980468182264101 -0.0031704436576389197 -1.090412887493458 -0.3168428108124278 -0.9526357526094823 
40 1 -0.33692998954865155 -0.7585089843377141 -0.43132324912785125 -1.0675336715790882 0.8048481539385677 0.4122446853042915 0.6084187136317292 
41 -1 1.1539908787970994 0.47688436144004714 0.28736679373395146 -1.1739699943712332 -0.6262673263264313 -1.5927459290166865 -0.10115149829609422 
42 -1 -0.1239412940706871 0.03567245223370384 0.2360317906723941 -0.6417883804105086 -0.6262673263264313 0.5945165593334713 -0.33767490227203534 
43 -1 0.40853044462422394 0.47688436144004714 0.2360317906723941 0.5290111703030858 0.06995101542410874 -0.6813865588707875 0.2299812672702234 
44 1 0.19554174914625952 0.47688436144004714 0.5953768121032954 -0.2160430892419288 0.5340965765911354 2.0526915515669097 0.9395514791980468 
45 -1 -0.017446946331704894 0.03567245223370384 -0.22598323688162192 -0.42891573482621864 -1.0517340907295392 0.7767884333626511 -1.1891591565854234 
46 -1 -0.33692998954865155 -0.4937818388139081 -0.8420032736203099 -0.8546610259947984 -1.090412887493458 -0.6813865588707875 -0.9053310718142941 
47 -1 -0.017446946331704894 -0.05256992960756481 -0.43132324912785125 -1.1739699943712332 -0.35551574897899907 0.4122446853042915 -0.053846817500905995 
48 -1 1.8994513129699748 1.535792943535271 0.9033868304726395 -0.5353520576183636 -0.43287334250683684 -0.6813865588707875 0.13537190567984692 
49 -1 -0.1239412940706871 -0.40553945697263943 -0.4826582521894086 -1.599715285539813 -0.9356977004377824 -0.4991146848416077 -0.7161123486335412 
50 1 0.7280134878411706 0.8298538888051218 1.2113968488419835 -0.5353520576183636 0.9595633409942432 1.3236040554501907 1.1287702023787998 
51 -1 0.40853044462422394 0.5651267432813157 0.39003679985706613 -0.3224794120340737 -0.04608537486764794 1.3236040554501907 0.2772859480654116 
52 1 0.08904740140727732 0.38864197959877844 0.6980468182264101 0.10326587913450602 0.9982421377581622 0.4122446853042915 0.7030280752221056 
53 -1 -0.017446946331704894 -0.14081231144883347 0.13336178454927944 -0.42891573482621864 0.9595633409942432 0.0477009372459318 0.9395514791980468 
54 1 -0.6564130327655981 -0.8467513661789827 -1.4066883072974405 0.9547564614716655 -1.2451280745491335 -1.228202180958327 -1.2837685181757998 
55 -1 -0.017446946331704894 -0.3172970751313708 -0.43132324912785125 -1.3868426399555231 -1.1677704810212959 -0.4991146848416077 -0.8107217102239177 
56 -1 0.6215191401021883 0.38864197959877844 0.13336178454927944 -0.9610973487869433 -0.47155213927075573 -0.3168428108124278 -0.24306554068165892 
57 -1 0.19554174914625952 0.3003995977575098 0.030691778426164766 -0.3224794120340737 -0.39419454574291796 -0.3168428108124278 0.2299812672702234 
58 -1 0.19554174914625952 -0.14081231144883347 -0.2773182399431792 2.231992334977405 -0.2781581554511613 -1.5927459290166865 -0.5268936254527883 
59 -1 0.7280134878411706 0.5651267432813157 0.28736679373395146 -0.0031704436576389197 -0.2394793586872424 -0.8636584328999674 -0.14845617909128245 
60 -1 1.2604852265360817 0.9180962706463904 0.7493818212879675 -0.3224794120340737 0.34070259277154097 -0.13457093678324802 0.7503327560172939 
61 1 1.1539908787970994 1.271065798011465 0.9033868304726395 -0.10960676644978386 0.34070259277154097 1.1413321814210107 0.37189530965578804 
62 -1 1.2604852265360817 0.8298538888051218 1.006056836595754 -0.5353520576183636 -0.2781581554511613 -0.13457093678324802 0.32459062886059986 
63 -1 -0.33692998954865155 -0.3172970751313708 -0.2773182399431792 -0.5353520576183636 -0.39419454574291796 0.22997281127511163 -0.3849795830672236 
64 1 -1.508367814677456 -1.9056599482742065 -1.5606933164821126 -0.8546610259947984 -1.6705948389522414 -0.6813865588707875 -1.898729368513247 
65 1 -1.2953791191994914 -1.1997208935440573 -1.0473432858665392 -0.42891573482621864 0.37938138953545986 -1.5927459290166865 -0.3849795830672236 
66 -1 -0.44342433728763375 -0.2290546932901021 0.18469678761083677 -0.2160430892419288 0.6501329668828921 0.22997281127511163 0.6557233944269174 
67 -1 -0.9758960759825448 -1.02323612986152 -0.8420032736203099 -0.3224794120340737 -0.8970189036738636 -1.228202180958327 -0.668807667838353 
68 -1 1.1539908787970994 1.8887624709003457 1.8274168855806714 1.69981072101668 1.4237089021612699 0.22997281127511163 1.8856450951018113 
69 -1 0.5150247923632062 0.38864197959877844 0.33870179679550877 0.10326587913450602 0.2633449992437032 -0.4991146848416077 0.5138093520413527 
70 -1 -0.549918685026616 -0.4937818388139081 -0.2773182399431792 0.5290111703030858 -0.04608537486764794 0.0477009372459318 -0.33767490227203534 
71 1 0.30203609688524174 0.5651267432813157 0.44137180291862343 0.5290111703030858 0.37938138953545986 1.5058759294793704 0.37189530965578804 
72 -1 0.5150247923632062 -0.05256992960756481 -0.2773182399431792 -1.9190242539162479 -1.3611644648408903 0.0477009372459318 -0.9053310718142941 
73 1 -0.017446946331704894 0.38864197959877844 0.5440418090417382 1.3805017526402452 2.158606040675729 1.3236040554501907 1.5545123295354937 
74 1 0.19554174914625952 0.21215721591624115 0.13336178454927944 0.10326587913450602 1.2689937151055943 0.0477009372459318 0.7976374368124821 
75 1 0.941002183319135 0.6533691251225844 1.006056836595754 0.10326587913450602 2.6227516018427557 1.87041967753773 1.838340414306623 
76 1 0.19554174914625952 0.38864197959877844 0.39003679985706613 -0.7482247032026534 -0.8196613101460257 0.0477009372459318 -0.8580263910191058 
77 -1 -0.549918685026616 -1.287963275385326 -0.9446732797434246 -0.8546610259947984 -1.477200855132647 -0.6813865588707875 -0.9526357526094823 
78 1 0.30203609688524174 0.741611506963853 0.4927068059801808 -0.9610973487869433 -0.9743764972017014 0.22997281127511163 -0.47958894465760005 
79 1 -1.8278508578944026 -1.9939023301154752 -2.0227083440361286 2.12555601218526 -1.0517340907295392 -1.5927459290166865 -1.898729368513247 
80 1 0.30203609688524174 0.38864197959877844 0.39003679985706613 0.5290111703030858 1.1529573248138376 0.7767884333626511 0.8922467984028586 
81 -1 0.941002183319135 0.8298538888051218 0.8520518274110821 -0.5353520576183636 0.37938138953545986 -0.4991146848416077 0.6084187136317292 
82 -1 0.941002183319135 0.9180962706463904 1.0573918396573114 -0.0031704436576389197 0.41806018629937874 -0.6813865588707875 1.176074883173988 
83 1 0.5150247923632062 0.3003995977575098 0.4927068059801808 0.3161385247187959 1.385030105397351 2.0526915515669097 0.6557233944269174 
84 -1 0.6215191401021883 0.741611506963853 0.18469678761083677 -1.2804063171633782 -0.5875885295625124 1.1413321814210107 -0.053846817500905995 
85 -1 0.19554174914625952 0.03567245223370384 -0.020643224635392567 -0.9610973487869433 -0.08476417163156683 -0.3168428108124278 -0.10115149829609422 
86 -1 2.325428703925904 2.5064591437892263 1.9300868917037861 0.6354474930952307 0.7274905604107299 -0.13457093678324802 1.4125982871499292 
87 -1 -0.44342433728763375 -0.40553945697263943 -0.2773182399431792 -0.7482247032026534 -0.007406578103729044 -0.13457093678324802 -0.19576085988647068 
88 1 -1.9343452056333847 -2.0821447119567438 -2.074043347097686 0.3161385247187959 -1.4385220583687282 -1.5927459290166865 -1.7568153261276822 
89 -1 3.2838778335767436 1.271065798011465 -0.7393332674971953 -1.2804063171633782 -1.477200855132647 -1.0459303069291472 -1.3783778797661763 
90 1 -0.9758960759825448 -0.5820242206551768 -0.6879982644356379 0.8483201386795206 0.3020237960076221 -1.228202180958327 -0.47958894465760005 
91 1 -1.614862162416438 -1.552690420909132 -1.5606933164821126 1.69981072101668 -0.7036249198542691 -1.0459303069291472 -1.9460340493084352 
92 -1 0.8345078355801528 0.47688436144004714 0.2360317906723941 -1.4932789627476681 -0.7036249198542691 -1.0459303069291472 0.040762544089470464 
93 -1 0.30203609688524174 -0.05256992960756481 -0.2773182399431792 -0.5353520576183636 -0.6262673263264313 -0.13457093678324802 -0.4322842638624118 
94 -1 0.19554174914625952 -0.05256992960756481 -0.020643224635392567 -0.3224794120340737 -0.7036249198542691 0.7767884333626511 -0.19576085988647068 
95 -1 -0.23043564180966933 -0.2290546932901021 0.2360317906723941 0.8483201386795206 0.45673898306329763 -1.4104740549875068 0.8922467984028586 
96 1 -1.1888847714605093 -1.1114785117027888 -1.150013291989654 0.5290111703030858 0.14730860895194653 -0.3168428108124278 -0.5741983062479765 
97 1 0.5150247923632062 0.741611506963853 0.9033868304726395 -0.2160430892419288 1.0369209345220811 1.6881478035085502 1.365293606354741 
98 -1 -0.017446946331704894 0.21215721591624115 0.0820267814877221 -0.2160430892419288 -0.2781581554511613 0.0477009372459318 -0.053846817500905995 
99 1 -1.082390423721527 -0.8467513661789827 -0.6879982644356379 -0.5353520576183636 -0.39419454574291796 0.7767884333626511 -0.29037022147684716 
100 1 -0.017446946331704894 0.38864197959877844 0.6467118151648528 0.7418838158873756 -1.5158796518965658 0.5945165593334713 -1.9460340493084352 
101 1 -0.23043564180966933 -0.05256992960756481 0.4927068059801808 -1.706151608331958 -0.8196613101460257 0.5945165593334713 -0.29037022147684716 
102 -1 -0.44342433728763375 -0.2290546932901021 0.030691778426164766 0.10326587913450602 0.6114541701189732 1.1413321814210107 0.32459062886059986 
103 1 -0.33692998954865155 -0.3172970751313708 0.0820267814877221 -0.9610973487869433 -0.3168369522150802 2.0526915515669097 -0.33767490227203534 
104 -1 0.6215191401021883 0.47688436144004714 0.18469678761083677 -0.0031704436576389197 -0.7809825133821069 -0.4991146848416077 -0.4322842638624118 
105 1 -0.017446946331704894 0.3003995977575098 0.5440418090417382 -0.0031704436576389197 0.4954177798272166 -0.8636584328999674 0.4191999904509763 
106 -1 0.7280134878411706 0.6533691251225844 0.8007168243495247 -1.0675336715790882 -0.2781581554511613 0.5945165593334713 0.040762544089470464 
107 1 -1.7213565101554202 -1.1997208935440573 -1.458023310358998 0.9547564614716655 -0.1621217651594046 -1.0459303069291472 -1.0945497949950471 
108 -1 0.30203609688524174 -0.05256992960756481 -0.43132324912785125 -0.9610973487869433 -2.05738280659143 -1.5927459290166865 -1.7568153261276822 
109 -1 -0.1239412940706871 -0.40553945697263943 -0.0719782276969499 0.20970220192665096 -0.43287334250683684 0.0477009372459318 -0.4322842638624118 
110 1 1.2604852265360817 1.800520089059077 1.9300868917037861 0.20970220192665096 1.075599731286 1.87041967753773 0.9395514791980468 
111 -1 -0.017446946331704894 0.03567245223370384 0.0820267814877221 -0.8546610259947984 -0.3168369522150802 -0.8636584328999674 0.2299812672702234 
112 1 -1.2953791191994914 -1.02323612986152 -1.2526832981127687 2.231992334977405 -0.2008005619233235 -1.0459303069291472 -0.6215029870431648 
113 -1 0.7280134878411706 0.741611506963853 1.006056836595754 -0.3224794120340737 -0.1621217651594046 -0.4991146848416077 0.6084187136317292 
114 1 0.6215191401021883 1.3593081798527338 1.3140668549650982 1.0611927842638105 0.3020237960076221 2.0526915515669097 0.2772859480654116 
115 1 -1.7213565101554202 -1.817417566432938 -2.1767133532208005 0.4225748475109408 -1.2451280745491335 -1.7750178030458665 -1.9460340493084352 
116 -1 -1.4018734669384736 -1.287963275385326 -1.4066883072974405 -0.2160430892419288 -0.9356977004377824 -1.9572896770750463 -1.0472451141998589 
117 -1 1.1539908787970994 0.5651267432813157 0.39003679985706613 -0.8546610259947984 -1.090412887493458 -0.8636584328999674 -0.8580263910191058 
118 1 -2.040839553372367 -1.9939023301154752 -1.9713733409745713 0.8483201386795206 -0.8583401069099447 0.4122446853042915 -1.6622059645373057 
119 1 -1.1888847714605093 -0.5820242206551768 -0.22598323688162192 -1.0675336715790882 -1.090412887493458 1.87041967753773 -0.3849795830672236 
120 -1 -0.549918685026616 -0.4937818388139081 -0.3799882460662939 0.3161385247187959 -0.2781581554511613 -1.228202180958327 -0.5741983062479765 
121 -1 -0.23043564180966933 0.3003995977575098 -0.3799882460662939 -0.0031704436576389197 -0.1621217651594046 0.0477009372459318 -0.006542136705717764 
122 1 0.19554174914625952 0.5651267432813157 1.2113968488419835 1.806247043808825 1.075599731286 0.4122446853042915 0.13537190567984692 
123 -1 1.1539908787970994 1.271065798011465 1.006056836595754 1.5933743982245352 1.2303149183416755 0.0477009372459318 1.601817010330682 
124 1 -0.7629073805045804 -0.6702666024964454 -0.4826582521894086 -1.599715285539813 -0.9743764972017014 1.3236040554501907 -0.668807667838353 
125 1 0.7280134878411706 1.271065798011465 1.1087268427188688 0.10326587913450602 -0.007406578103729044 -0.3168428108124278 -0.19576085988647068 
126 -1 -1.4018734669384736 -1.1997208935440573 -1.0986782889280966 0.3161385247187959 -0.43287334250683684 -1.7750178030458665 0.040762544089470464 
127 1 -0.017446946331704894 0.38864197959877844 0.7493818212879675 -1.599715285539813 -0.7036249198542691 1.3236040554501907 0.13537190567984692 
128 1 -0.9758960759825448 -1.287963275385326 -1.2013482950512113 -0.3224794120340737 -1.1677704810212959 -0.8636584328999674 -1.0472451141998589 
129 1 0.40853044462422394 0.741611506963853 0.9033868304726395 0.5290111703030858 1.5010664956891078 1.1413321814210107 1.0341608407884233 
130 -1 -0.44342433728763375 -0.14081231144883347 0.13336178454927944 0.20970220192665096 1.1529573248138376 0.0477009372459318 0.7030280752221056 
131 1 -0.23043564180966933 -0.40553945697263943 -0.17464823382006459 -0.0031704436576389197 0.3020237960076221 0.9590603073918309 -0.006542136705717764 
132 1 0.6215191401021883 1.271065798011465 1.5194068672113274 -0.10960676644978386 1.8104968698004589 2.0526915515669097 1.176074883173988 
133 -1 0.5150247923632062 0.741611506963853 0.8520518274110821 0.3161385247187959 1.0369209345220811 0.9590603073918309 1.0341608407884233 
134 1 0.08904740140727732 -0.05256992960756481 0.0820267814877221 -2.131896899500538 -1.1290916842573768 0.5945165593334713 -0.5741983062479765 
135 1 -0.6564130327655981 -0.4937818388139081 -0.3286532430047366 0.6354474930952307 0.9208845442303244 0.4122446853042915 0.37189530965578804 
136 1 0.30203609688524174 0.47688436144004714 0.9033868304726395 -0.10960676644978386 0.6114541701189732 0.0477009372459318 0.6557233944269174 
137 1 0.941002183319135 1.0945810343289277 1.6220768733344422 0.7418838158873756 1.8491756665643777 1.3236040554501907 1.0341608407884233 
138 -1 0.6215191401021883 0.47688436144004714 0.6467118151648528 0.10326587913450602 2.2359636342035665 0.22997281127511163 1.7437310527162466 
139 -1 0.08904740140727732 0.1239148340749725 0.18469678761083677 -0.5353520576183636 0.9595633409942432 0.7767884333626511 0.8449421176076704 
140 1 0.30203609688524174 0.3003995977575098 0.9033868304726395 0.6354474930952307 1.6944604795087022 1.3236040554501907 1.2706842447643645 
141 1 -0.017446946331704894 0.1239148340749725 0.44137180291862343 -0.42891573482621864 1.1916361215777567 1.6881478035085502 1.176074883173988 
142 -1 0.19554174914625952 0.21215721591624115 -0.3799882460662939 0.3161385247187959 -0.7809825133821069 -0.4991146848416077 -0.6215029870431648 
143 -1 0.19554174914625952 0.03567245223370384 0.13336178454927944 -0.0031704436576389197 -1.0517340907295392 -0.6813865588707875 -0.9526357526094823 
144 1 0.40853044462422394 0.6533691251225844 0.8520518274110821 0.3161385247187959 2.0038908536200535 1.3236040554501907 1.6491216911258701 
145 1 -0.8694017282435625 -0.4937818388139081 -0.6366632613740806 1.2740654298481002 0.6501329668828921 -0.3168428108124278 -0.10115149829609422 
146 -1 0.30203609688524174 -0.05256992960756481 -0.3799882460662939 -2.025460576708393 -1.2838068713130524 -0.13457093678324802 -0.7634170294287295 
147 1 -0.44342433728763375 -0.4937818388139081 -0.4826582521894086 0.20970220192665096 0.6114541701189732 1.1413321814210107 0.6084187136317292 
148 -1 0.941002183319135 0.5651267432813157 -0.17464823382006459 0.3161385247187959 -1.1677704810212959 -1.0459303069291472 -1.1418544757902354 
149 1 -1.082390423721527 -1.02323612986152 -1.0986782889280966 0.3161385247187959 -0.47155213927075573 0.4122446853042915 -0.4322842638624118 
150 1 -0.44342433728763375 -0.5820242206551768 -0.3799882460662939 0.7418838158873756 -0.7036249198542691 -1.4104740549875068 -0.10115149829609422 
151 -1 -0.6564130327655981 -0.3172970751313708 -0.2773182399431792 -0.2160430892419288 0.2246662024797843 -1.0459303069291472 0.6557233944269174 
152 1 -2.1473339011113493 -2.1703870937980123 -2.228048356282358 -0.3224794120340737 -1.090412887493458 -2.321833425133406 -1.709510645332494 
153 1 -1.1888847714605093 -0.8467513661789827 -0.7906682705587526 0.20970220192665096 -0.5102309360346746 0.5945165593334713 -0.9053310718142941 
154 1 -0.44342433728763375 -0.40553945697263943 -0.3286532430047366 0.10326587913450602 0.14730860895194653 1.3236040554501907 -0.10115149829609422 
155 1 -0.33692998954865155 -0.2290546932901021 -0.0719782276969499 -0.8546610259947984 -0.8196613101460257 0.4122446853042915 -0.668807667838353 
156 1 -1.2953791191994914 -1.4644480390678634 -1.8173683317898992 1.4869380754323902 -0.742303716618188 -0.8636584328999674 -1.2837685181757998 
157 -1 0.08904740140727732 -0.05256992960756481 -0.3286532430047366 -0.10960676644978386 -0.43287334250683684 -0.8636584328999674 -0.29037022147684716 
158 1 -0.6564130327655981 -0.7585089843377141 -0.6879982644356379 -0.2160430892419288 0.7661693571746488 0.5945165593334713 0.18267658647503515 
159 -1 0.08904740140727732 0.5651267432813157 0.8007168243495247 0.9547564614716655 1.3076725118695134 -0.4991146848416077 2.0275591374873763 
160 1 -0.44342433728763375 -0.05256992960756481 0.33870179679550877 -1.8125879311241029 -1.1290916842573768 1.1413321814210107 -0.4322842638624118 
161 -1 0.19554174914625952 0.38864197959877844 1.46807186414977 -0.2160430892419288 1.1529573248138376 0.5945165593334713 2.169473179872941 
162 -1 0.19554174914625952 -0.2290546932901021 -0.22598323688162192 -1.1739699943712332 -0.2008005619233235 -0.6813865588707875 0.2299812672702234 
163 -1 0.08904740140727732 0.3003995977575098 0.44137180291862343 -0.42891573482621864 -0.12344296839548571 0.4122446853042915 0.18267658647503515 
164 1 -1.082390423721527 -1.552690420909132 -1.4066883072974405 0.20970220192665096 -0.47155213927075573 -1.228202180958327 -1.1891591565854234 
165 -1 -0.1239412940706871 0.03567245223370384 0.030691778426164766 0.4225748475109408 -0.47155213927075573 -0.6813865588707875 -0.5741983062479765 
166 -1 -0.44342433728763375 -0.40553945697263943 0.0820267814877221 -0.0031704436576389197 0.8048481539385677 -0.4991146848416077 0.4191999904509763 
167 1 -1.8278508578944026 -1.7291751845916692 -1.8173683317898992 0.7418838158873756 -0.8970189036738636 -0.3168428108124278 -1.6149012837421175 
168 1 -0.017446946331704894 -0.05256992960756481 0.0820267814877221 0.20970220192665096 1.385030105397351 0.5945165593334713 0.7976374368124821 
169 -1 0.8345078355801528 0.6533691251225844 0.5953768121032954 -0.10960676644978386 -0.2781581554511613 -0.6813865588707875 0.2772859480654116 
170 1 -1.082390423721527 -1.287963275385326 -1.3553533042358832 -1.4932789627476681 -0.8583401069099447 0.0477009372459318 -0.7634170294287295 
171 -1 0.40853044462422394 0.03567245223370384 -0.3799882460662939 2.231992334977405 0.688811763646811 -1.4104740549875068 0.7503327560172939 
172 1 -1.2953791191994914 -0.4937818388139081 -0.6366632613740806 0.6354474930952307 0.688811763646811 -0.13457093678324802 -0.19576085988647068 
173 1 0.08904740140727732 0.3003995977575098 0.4927068059801808 0.6354474930952307 0.2633449992437032 1.3236040554501907 0.4191999904509763 
174 -1 -0.23043564180966933 -0.3172970751313708 -0.8420032736203099 2.5513013033538394 -0.08476417163156683 0.22997281127511163 -0.4322842638624118 
175 1 -0.33692998954865155 0.1239148340749725 0.33870179679550877 -0.42891573482621864 -0.43287334250683684 0.22997281127511163 -0.4322842638624118 
176 1 -0.7629073805045804 -0.4937818388139081 -0.12331323075850724 -2.4512058678769724 -1.5545584486604846 2.2349634255960895 -0.9053310718142941 
177 1 0.5150247923632062 0.741611506963853 1.1600618457804261 0.4225748475109408 1.733139276272621 0.4122446853042915 0.9868561599932351 
178 -1 -1.2953791191994914 -1.1997208935440573 -1.3553533042358832 -0.9610973487869433 -1.6319160421883225 -1.5927459290166865 -1.520291922151741 
179 1 -1.4018734669384736 -1.552690420909132 -1.61202831954367 -0.5353520576183636 -0.12344296839548571 0.7767884333626511 -0.47958894465760005 
180 1 -0.1239412940706871 -0.40553945697263943 -0.0719782276969499 0.6354474930952307 2.2359636342035665 0.22997281127511163 1.6964263719210584 
181 1 1.0474965310581172 1.006338652487659 1.4167368610882127 -0.10960676644978386 1.5397452924530266 0.9590603073918309 1.4599029679451174 
182 -1 0.5150247923632062 0.47688436144004714 0.28736679373395146 -0.5353520576183636 -0.7809825133821069 -0.6813865588707875 -0.24306554068165892 
183 1 -2.1473339011113493 -1.9939023301154752 -2.074043347097686 -0.6417883804105086 -1.399843261604809 -1.7750178030458665 -1.6622059645373057 
184 -1 1.0474965310581172 0.47688436144004714 0.2360317906723941 -1.1739699943712332 -0.2781581554511613 0.22997281127511163 -0.33767490227203534 
185 1 -1.1888847714605093 -1.1114785117027888 -1.5093583134205553 3.509228208483144 -0.43287334250683684 -1.4104740549875068 -1.3783778797661763 
186 1 0.30203609688524174 0.9180962706463904 1.1087268427188688 0.5290111703030858 1.1529573248138376 0.7767884333626511 1.365293606354741 
187 -1 1.7929569652309927 1.8887624709003457 1.9300868917037861 0.6354474930952307 1.8491756665643777 -0.6813865588707875 1.9329497758969996 
188 -1 6.265719570268246 5.771427271916166 3.2134619682427195 0.9547564614716655 0.7661693571746488 0.7767884333626511 1.6491216911258701 
189 1 -0.44342433728763375 -0.05256992960756481 0.0820267814877221 0.9547564614716655 0.6501329668828921 -0.13457093678324802 0.040762544089470464 
190 1 0.40853044462422394 0.38864197959877844 0.6980468182264101 0.5290111703030858 2.11992724391181 1.3236040554501907 1.4599029679451174 
191 -1 0.30203609688524174 0.5651267432813157 0.13336178454927944 -0.5353520576183636 -0.3168369522150802 0.5945165593334713 0.32459062886059986 
192 1 -1.7213565101554202 -2.2586294756392813 -2.2793833593439152 0.6354474930952307 -1.1290916842573768 -1.5927459290166865 -1.709510645332494 
193 1 2.005945660708957 1.4475505616940023 0.44137180291862343 0.8483201386795206 -0.5875885295625124 -1.228202180958327 -0.14845617909128245 
194 1 0.6215191401021883 0.8298538888051218 1.2113968488419835 0.7418838158873756 3.1255759597737014 1.6881478035085502 2.4059965838488817 
195 1 -0.017446946331704894 0.21215721591624115 0.5440418090417382 -0.6417883804105086 0.18598740571586542 1.1413321814210107 0.18267658647503515 
196 1 -0.9758960759825448 -0.2290546932901021 -0.6879982644356379 1.4869380754323902 1.1142785280499188 0.0477009372459318 1.176074883173988 
197 -1 -1.2953791191994914 -1.1114785117027888 -1.4066883072974405 1.4869380754323902 -0.007406578103729044 -0.6813865588707875 -0.5741983062479765 
198 1 0.19554174914625952 0.3003995977575098 0.44137180291862343 0.7418838158873756 1.3076725118695134 1.5058759294793704 0.6084187136317292 
199 -1 -0.23043564180966933 -0.8467513661789827 -0.6366632613740806 -0.10960676644978386 -0.5489097327985936 -1.0459303069291472 -0.47958894465760005 
200 1 0.8345078355801528 1.0945810343289277 1.4167368610882127 0.6354474930952307 1.385030105397351 1.1413321814210107 0.8449421176076704 
201 1 0.5150247923632062 0.47688436144004714 0.5953768121032954 0.3161385247187959 1.77181807303654 1.3236040554501907 1.601817010330682 
202 -1 0.40853044462422394 0.3003995977575098 -0.0719782276969499 -0.0031704436576389197 -0.35551574897899907 0.5945165593334713 -0.33767490227203534 
203 -1 0.08904740140727732 -0.14081231144883347 -0.020643224635392567 0.3161385247187959 -0.12344296839548571 -0.13457093678324802 0.13537190567984692 
204 -1 -1.508367814677456 -1.1997208935440573 -1.6633633226052273 0.6354474930952307 -1.2451280745491335 -1.4104740549875068 -1.6149012837421175 
205 -1 -0.1239412940706871 0.03567245223370384 0.0820267814877221 0.10326587913450602 -0.2394793586872424 1.5058759294793704 -0.006542136705717764 
206 -1 -0.33692998954865155 -0.4937818388139081 -0.8420032736203099 -1.2804063171633782 -1.0517340907295392 1.3236040554501907 -0.7161123486335412 
207 -1 -1.508367814677456 -1.817417566432938 -1.7146983256667847 -0.8546610259947984 -1.8639888227718358 -1.228202180958327 -1.6622059645373057 
208 1 -1.4018734669384736 -1.1114785117027888 -1.0473432858665392 -0.5353520576183636 -1.2838068713130524 -0.13457093678324802 -1.2364638373806116 
209 -1 0.30203609688524174 -0.14081231144883347 -0.020643224635392567 -0.5353520576183636 -0.35551574897899907 -1.4104740549875068 -0.19576085988647068 
210 -1 0.5150247923632062 0.1239148340749725 0.28736679373395146 -0.5353520576183636 -0.742303716618188 -0.6813865588707875 -0.14845617909128245 
211 -1 -0.549918685026616 -0.8467513661789827 -1.4066883072974405 -0.9610973487869433 -1.6319160421883225 -1.0459303069291472 -1.331073198970988 
212 1 -2.040839553372367 -2.1703870937980123 -2.1767133532208005 0.7418838158873756 -1.786631229243998 -1.9572896770750463 -2.2298621340795646 
213 -1 1.7929569652309927 1.271065798011465 1.0573918396573114 0.3161385247187959 -0.12344296839548571 -0.6813865588707875 0.32459062886059986 
214 -1 1.8994513129699748 1.535792943535271 0.9033868304726395 0.3161385247187959 -0.2781581554511613 -0.3168428108124278 0.2772859480654116 
215 -1 1.5799682697530284 0.5651267432813157 0.2360317906723941 -1.599715285539813 -0.9743764972017014 1.87041967753773 -0.5268936254527883 
216 1 -0.33692998954865155 0.03567245223370384 0.0820267814877221 1.69981072101668 1.5784240892169454 0.5945165593334713 0.8449421176076704 
217 -1 -0.1239412940706871 0.03567245223370384 -0.12331323075850724 -0.5353520576183636 -0.35551574897899907 -0.3168428108124278 -0.3849795830672236 
218 1 -0.23043564180966933 0.03567245223370384 0.39003679985706613 -0.2160430892419288 1.075599731286 0.4122446853042915 0.6084187136317292 
219 -1 -0.7629073805045804 -0.3172970751313708 0.0820267814877221 0.20970220192665096 -0.6262673263264313 -1.0459303069291472 -0.29037022147684716 
220 1 0.5150247923632062 0.1239148340749725 0.6980468182264101 -0.7482247032026534 1.2303149183416755 0.9590603073918309 1.2706842447643645 
221 -1 -0.33692998954865155 -0.3172970751313708 -0.22598323688162192 0.5290111703030858 0.14730860895194653 0.0477009372459318 -0.24306554068165892 
222 -1 0.6215191401021883 0.8298538888051218 0.6467118151648528 -0.3224794120340737 0.3020237960076221 1.1413321814210107 1.0814655215836115 
223 -1 -0.6564130327655981 -0.9349937480202514 -0.9446732797434246 -1.1739699943712332 -0.6262673263264313 -1.228202180958327 -0.6215029870431648 
224 -1 -0.017446946331704894 -0.05256992960756481 0.030691778426164766 -0.3224794120340737 0.2246662024797843 -0.13457093678324802 0.2299812672702234 
225 1 -0.23043564180966933 -0.4937818388139081 -0.12331323075850724 -0.6417883804105086 1.1142785280499188 0.7767884333626511 0.32459062886059986 
226 -1 -1.1888847714605093 -1.02323612986152 -0.9446732797434246 0.6354474930952307 -0.5102309360346746 -0.6813865588707875 -0.7161123486335412 
227 1 -0.23043564180966933 -0.2290546932901021 -0.020643224635392567 -0.42891573482621864 -0.08476417163156683 0.0477009372459318 -0.29037022147684716 
228 1 0.941002183319135 1.6240353253765396 1.724746879457557 0.10326587913450602 1.1916361215777567 1.6881478035085502 0.9868561599932351 
229 -1 -0.1239412940706871 -0.05256992960756481 0.030691778426164766 -0.2160430892419288 0.7661693571746488 0.5945165593334713 0.7030280752221056 
230 1 -0.8694017282435625 -0.4937818388139081 -0.0719782276969499 -2.3447695450848274 -1.2838068713130524 1.1413321814210107 -0.668807667838353 
231 -1 0.08904740140727732 -0.40553945697263943 -0.6366632613740806 -1.3868426399555231 -1.4385220583687282 0.22997281127511163 -0.7634170294287295 
232 -1 0.30203609688524174 0.38864197959877844 0.4927068059801808 -0.5353520576183636 -0.2781581554511613 -0.4991146848416077 0.2299812672702234 
233 1 -0.23043564180966933 -0.40553945697263943 -0.4826582521894086 1.91268336660097 0.5727753733550544 -0.6813865588707875 -0.053846817500905995 
234 -1 0.6215191401021883 0.1239148340749725 0.18469678761083677 -0.9610973487869433 -0.9743764972017014 0.22997281127511163 -0.47958894465760005 
235 -1 -0.1239412940706871 -0.2290546932901021 -0.3286532430047366 -0.3224794120340737 0.18598740571586542 -1.0459303069291472 0.7030280752221056 
236 1 -0.23043564180966933 0.1239148340749725 -0.020643224635392567 2.019119689393115 0.8048481539385677 1.87041967753773 0.08806722488465869 
237 1 -0.44342433728763375 -0.40553945697263943 -0.533993255250966 1.1676291070559555 1.1529573248138376 0.5945165593334713 0.4191999904509763 
238 -1 -0.6564130327655981 -0.8467513661789827 -0.9960082828049819 -0.10960676644978386 -0.9743764972017014 -0.8636584328999674 -0.7161123486335412 
239 1 -1.614862162416438 -1.7291751845916692 -1.920038337913014 1.5933743982245352 -1.0517340907295392 -1.5927459290166865 -1.709510645332494 
240 1 -0.6564130327655981 -0.4937818388139081 -0.5853282583125232 0.5290111703030858 -1.1290916842573768 -0.6813865588707875 -1.8514246877180587 
241 1 -1.2953791191994914 -1.02323612986152 -0.9960082828049819 1.5933743982245352 -0.5489097327985936 0.22997281127511163 -1.2364638373806116 
242 -1 1.0474965310581172 0.9180962706463904 0.6980468182264101 -0.7482247032026534 -0.43287334250683684 -0.6813865588707875 0.18267658647503515 
243 -1 -0.549918685026616 -1.02323612986152 -0.9960082828049819 -0.6417883804105086 -1.1290916842573768 -0.3168428108124278 -1.0945497949950471 
244 -1 0.5150247923632062 0.6533691251225844 0.2360317906723941 0.5290111703030858 -0.5102309360346746 0.22997281127511163 -0.6215029870431648 
245 -1 -1.4018734669384736 -1.4644480390678634 -1.458023310358998 -0.0031704436576389197 -0.8583401069099447 -1.5927459290166865 -0.668807667838353 
246 1 -1.508367814677456 -1.3762056572265946 -1.5093583134205553 0.4225748475109408 -1.1290916842573768 -0.13457093678324802 -1.5675966029469293 
247 -1 -0.1239412940706871 -0.14081231144883347 0.030691778426164766 -0.10960676644978386 0.4954177798272166 0.4122446853042915 0.2772859480654116 
248 1 1.1539908787970994 1.3593081798527338 1.6220768733344422 0.7418838158873756 2.11992724391181 1.6881478035085502 1.6491216911258701 
249 -1 0.40853044462422394 0.5651267432813157 0.5953768121032954 0.20970220192665096 -0.35551574897899907 -0.6813865588707875 0.08806722488465869 
250 1 0.941002183319135 1.6240353253765396 1.8274168855806714 -0.42891573482621864 0.34070259277154097 1.1413321814210107 1.1287702023787998 
251 1 -1.8278508578944026 -2.1703870937980123 -2.0227083440361286 0.3161385247187959 -1.0517340907295392 -0.8636584328999674 -1.7568153261276822 
252 1 0.19554174914625952 0.1239148340749725 -0.8933382766818673 1.3805017526402452 -0.1621217651594046 -1.5927459290166865 -0.10115149829609422 
253 1 -1.9343452056333847 -1.817417566432938 -2.074043347097686 2.6577376261459844 -0.8970189036738636 -2.1395615511042263 -1.8041200069228704 
254 1 -0.23043564180966933 0.03567245223370384 0.2360317906723941 0.4225748475109408 0.7274905604107299 -1.228202180958327 0.4191999904509763 
255 1 0.7280134878411706 1.271065798011465 1.3654018580266554 0.8483201386795206 1.733139276272621 1.5058759294793704 1.2233795639691762 
256 1 -0.017446946331704894 -0.14081231144883347 -0.533993255250966 0.6354474930952307 0.8048481539385677 2.2349634255960895 0.37189530965578804 
257 1 -1.508367814677456 -1.287963275385326 -1.0473432858665392 0.3161385247187959 -1.2451280745491335 -0.4991146848416077 -1.2837685181757998 
258 -1 -0.23043564180966933 0.1239148340749725 0.28736679373395146 -0.10960676644978386 0.2633449992437032 0.22997281127511163 0.6557233944269174 
259 1 0.40853044462422394 0.38864197959877844 0.8520518274110821 0.4225748475109408 1.6557816827447833 1.6881478035085502 1.176074883173988 
260 1 -0.44342433728763375 -0.3172970751313708 -0.22598323688162192 -0.3224794120340737 -0.35551574897899907 0.4122446853042915 -0.5741983062479765 
261 1 -0.6564130327655981 -0.5820242206551768 -0.6366632613740806 0.7418838158873756 0.7274905604107299 0.4122446853042915 -0.006542136705717764 
262 1 -0.1239412940706871 -0.4937818388139081 -0.2773182399431792 -1.0675336715790882 0.18598740571586542 0.5945165593334713 0.32459062886059986 
263 -1 0.40853044462422394 0.6533691251225844 0.5953768121032954 0.5290111703030858 0.45673898306329763 -0.13457093678324802 0.13537190567984692 
264 -1 0.30203609688524174 0.3003995977575098 0.0820267814877221 -0.10960676644978386 -0.04608537486764794 0.0477009372459318 0.2299812672702234 
265 1 -0.9758960759825448 -0.8467513661789827 -1.0986782889280966 -0.42891573482621864 -0.8196613101460257 -0.4991146848416077 -1.1891591565854234 
266 -1 -0.7629073805045804 -0.6702666024964454 -0.7906682705587526 0.4225748475109408 -0.08476417163156683 0.4122446853042915 -0.5741983062479765 
267 -1 2.005945660708957 1.8887624709003457 1.6220768733344422 -0.0031704436576389197 0.6114541701189732 0.4122446853042915 0.9395514791980468 
268 1 0.40853044462422394 0.5651267432813157 0.6980468182264101 -0.5353520576183636 2.2746424309674858 1.6881478035085502 1.7910357335114349 
269 1 -1.8278508578944026 -2.0821447119567438 -1.9713733409745713 0.5290111703030858 -1.1290916842573768 -1.0459303069291472 -1.5675966029469293 
270 -1 0.08904740140727732 -0.40553945697263943 -0.0719782276969499 -1.599715285539813 -1.1290916842573768 0.0477009372459318 -0.668807667838353 
271 -1 -0.017446946331704894 -0.4937818388139081 -0.5853282583125232 -1.1739699943712332 0.2633449992437032 -0.6813865588707875 0.8449421176076704 
272 -1 -0.549918685026616 -0.5820242206551768 -0.7393332674971953 -0.6417883804105086 -0.7809825133821069 -1.5927459290166865 -0.29037022147684716 
273 1 -1.8278508578944026 -1.9056599482742065 -1.8687033348514566 0.5290111703030858 -2.0187040098275113 -1.228202180958327 -2.2298621340795646 
274 -1 -0.23043564180966933 0.03567245223370384 0.0820267814877221 -0.10960676644978386 0.5340965765911354 0.22997281127511163 0.2299812672702234 
275 -1 0.5150247923632062 -0.2290546932901021 -0.12331323075850724 -2.5576421906691174 -1.477200855132647 -0.3168428108124278 -0.8580263910191058 
276 -1 -0.33692998954865155 -0.2290546932901021 0.0820267814877221 -1.0675336715790882 -0.43287334250683684 -1.0459303069291472 0.37189530965578804 
277 1 0.30203609688524174 0.21215721591624115 0.18469678761083677 -0.3224794120340737 1.2303149183416755 1.1413321814210107 0.7030280752221056 
278 1 -1.4018734669384736 -1.4644480390678634 -1.61202831954367 0.8483201386795206 1.5010664956891078 -0.3168428108124278 -1.4256825605613646 
279 -1 -0.23043564180966933 -0.14081231144883347 0.8007168243495247 0.10326587913450602 1.075599731286 -0.3168428108124278 1.838340414306623 
280 1 -0.549918685026616 -0.05256992960756481 0.030691778426164766 -1.3868426399555231 -0.742303716618188 0.4122446853042915 -0.29037022147684716 
281 -1 -0.017446946331704894 -0.2290546932901021 -0.17464823382006459 -0.6417883804105086 0.2246662024797843 0.22997281127511163 0.5138093520413527 
282 1 -0.8694017282435625 -0.40553945697263943 -0.533993255250966 2.5513013033538394 0.45673898306329763 0.7767884333626511 -0.29037022147684716 
283 1 -0.1239412940706871 0.03567245223370384 -0.12331323075850724 1.5933743982245352 0.6501329668828921 -0.8636584328999674 -0.14845617909128245 
284 1 -1.508367814677456 -1.1114785117027888 -1.5606933164821126 1.4869380754323902 -0.6649461230903502 -0.8636584328999674 -1.3783778797661763 
285 -1 -0.9758960759825448 -1.02323612986152 -0.9960082828049819 1.1676291070559555 -0.1621217651594046 0.22997281127511163 -0.6215029870431648 
286 1 -1.8278508578944026 -1.817417566432938 -1.8687033348514566 0.4225748475109408 -0.7809825133821069 1.1413321814210107 -1.8041200069228704 
287 -1 0.5150247923632062 0.38864197959877844 0.18469678761083677 -0.10960676644978386 -0.2394793586872424 -1.0459303069291472 -0.47958894465760005 
288 -1 -0.1239412940706871 -0.05256992960756481 -0.020643224635392567 -0.0031704436576389197 0.031272218660189845 -0.4991146848416077 0.32459062886059986 
289 1 -0.8694017282435625 -1.1997208935440573 -1.150013291989654 -0.42891573482621864 0.3020237960076221 -0.13457093678324802 -0.19576085988647068 
290 -1 1.2604852265360817 0.8298538888051218 0.4927068059801808 -0.9610973487869433 0.18598740571586542 -0.6813865588707875 0.9395514791980468 
291 1 0.19554174914625952 0.3003995977575098 0.5953768121032954 0.4225748475109408 2.158606040675729 1.5058759294793704 1.6964263719210584 
292 1 -0.8694017282435625 -0.9349937480202514 -0.9446732797434246 -0.9610973487869433 -0.742303716618188 -0.13457093678324802 -0.7161123486335412 
293 -1 0.5150247923632062 0.5651267432813157 0.8007168243495247 0.10326587913450602 0.9982421377581622 1.3236040554501907 1.5072076487403057 
294 -1 0.8345078355801528 0.741611506963853 0.5953768121032954 -0.5353520576183636 -0.2394793586872424 -0.4991146848416077 -0.19576085988647068 
295 1 0.30203609688524174 0.47688436144004714 0.8007168243495247 0.20970220192665096 1.5784240892169454 1.87041967753773 1.1287702023787998 
296 -1 0.30203609688524174 -0.14081231144883347 -0.3286532430047366 -0.10960676644978386 -0.35551574897899907 -1.0459303069291472 0.18267658647503515 
297 -1 0.19554174914625952 -0.05256992960756481 0.0820267814877221 -0.42891573482621864 -0.35551574897899907 -0.8636584328999674 0.08806722488465869 
298 1 0.30203609688524174 0.38864197959877844 1.0573918396573114 -0.7482247032026534 0.14730860895194653 2.5995071736544495 0.2772859480654116 
299 -1 1.473473922014046 2.0652472345828827 2.2380969100731303 1.69981072101668 1.1142785280499188 0.4122446853042915 1.0814655215836115 
300 -1 1.7929569652309927 1.4475505616940023 0.9033868304726395 -0.3224794120340737 0.18598740571586542 -0.6813865588707875 0.6557233944269174 
301 1 0.08904740140727732 0.38864197959877844 -0.020643224635392567 2.33842865776955 0.3020237960076221 -0.8636584328999674 0.2299812672702234 
302 -1 1.0474965310581172 1.1828234161701963 0.9033868304726395 1.4869380754323902 1.1529573248138376 0.0477009372459318 0.8449421176076704 
303 1 -1.1888847714605093 -1.1114785117027888 -1.0986782889280966 -0.6417883804105086 -0.6262673263264313 -1.0459303069291472 -0.9053310718142941 
304 -1 -0.23043564180966933 -0.40553945697263943 -0.6366632613740806 -0.42891573482621864 -0.7809825133821069 -0.4991146848416077 -0.9526357526094823 
305 1 -0.549918685026616 -1.1114785117027888 -0.6879982644356379 -2.6640785134612623 -1.0517340907295392 1.5058759294793704 -0.5741983062479765 
306 -1 -1.2953791191994914 -1.552690420909132 -1.5093583134205553 -2.6640785134612623 -1.8639888227718358 -1.228202180958327 -1.4729872413565528 
307 1 -0.549918685026616 -0.3172970751313708 0.030691778426164766 -0.8546610259947984 -0.6262673263264313 1.1413321814210107 -0.5741983062479765 
308 1 0.19554174914625952 0.9180962706463904 1.2627318519035409 1.3805017526402452 2.1972848374396476 0.5945165593334713 1.2706842447643645 
309 1 1.1539908787970994 1.6240353253765396 1.9300868917037861 1.0611927842638105 1.9652120568561344 1.6881478035085502 1.601817010330682 
310 1 0.19554174914625952 0.47688436144004714 0.33870179679550877 0.10326587913450602 -0.6262673263264313 0.7767884333626511 -0.9526357526094823 
311 -1 -0.33692998954865155 -0.3172970751313708 -0.17464823382006459 -1.0675336715790882 -1.1290916842573768 0.0477009372459318 -0.8107217102239177 
312 -1 -0.7629073805045804 -0.5820242206551768 -0.7393332674971953 -0.6417883804105086 -0.2781581554511613 -0.3168428108124278 0.13537190567984692 
313 -1 0.30203609688524174 -0.05256992960756481 -0.17464823382006459 -0.5353520576183636 -0.7809825133821069 0.4122446853042915 -0.33767490227203534 
314 1 -0.017446946331704894 0.03567245223370384 -0.17464823382006459 0.6354474930952307 1.0369209345220811 0.5945165593334713 0.4665046712461645 
315 1 0.40853044462422394 0.38864197959877844 0.28736679373395146 -0.10960676644978386 0.06995101542410874 0.0477009372459318 0.2772859480654116 
316 1 -1.8278508578944026 -2.0821447119567438 -2.074043347097686 0.7418838158873756 -1.0130552939656203 -0.8636584328999674 -1.7568153261276822 
317 1 0.8345078355801528 1.271065798011465 1.5194068672113274 1.3805017526402452 1.733139276272621 1.5058759294793704 1.0341608407884233 
318 -1 1.7929569652309927 1.6240353253765396 1.1600618457804261 -0.3224794120340737 -0.04608537486764794 -0.4991146848416077 0.4665046712461645 
319 -1 0.7280134878411706 0.47688436144004714 0.13336178454927944 -0.10960676644978386 -0.2394793586872424 0.0477009372459318 -0.19576085988647068 
320 1 -1.2953791191994914 -1.1114785117027888 -1.2013482950512113 -0.10960676644978386 -0.7809825133821069 -1.228202180958327 -0.47958894465760005 
321 -1 0.40853044462422394 -0.05256992960756481 -0.17464823382006459 -0.8546610259947984 -1.2064492777852147 -0.3168428108124278 -0.7161123486335412 
322 1 -0.017446946331704894 0.1239148340749725 0.18469678761083677 -0.6417883804105086 -0.12344296839548571 0.4122446853042915 0.5611140328365409 
323 1 -0.23043564180966933 -0.05256992960756481 0.4927068059801808 -2.025460576708393 -0.6649461230903502 1.3236040554501907 0.2299812672702234 
324 1 1.2604852265360817 1.535792943535271 1.3654018580266554 1.91268336660097 1.733139276272621 1.87041967753773 0.8922467984028586 
325 -1 -0.1239412940706871 -0.05256992960756481 -0.020643224635392567 -1.2804063171633782 -1.090412887493458 -0.3168428108124278 -0.5741983062479765 
326 -1 2.6449117471428503 2.5064591437892263 1.8787518886422288 0.5290111703030858 0.6501329668828921 -0.3168428108124278 0.9395514791980468 
327 -1 0.6215191401021883 0.3003995977575098 0.28736679373395146 -0.8546610259947984 -0.5489097327985936 -0.8636584328999674 -0.10115149829609422 
328 -1 0.30203609688524174 1.3593081798527338 2.546106928442474 1.4869380754323902 2.854824382426269 0.22997281127511163 4.108965092475658 
329 -1 0.7280134878411706 0.8298538888051218 0.7493818212879675 0.20970220192665096 0.688811763646811 0.7767884333626511 1.5072076487403057 
330 -1 0.7280134878411706 0.6533691251225844 0.5440418090417382 0.5290111703030858 0.8435269507024866 -0.6813865588707875 0.8449421176076704 
331 -1 0.40853044462422394 -0.2290546932901021 -0.17464823382006459 -0.0031704436576389197 0.8435269507024866 0.4122446853042915 1.0814655215836115 
332 1 0.08904740140727732 0.03567245223370384 0.44137180291862343 -2.131896899500538 -0.8583401069099447 1.3236040554501907 -0.053846817500905995 
333 1 -1.1888847714605093 -0.9349937480202514 -0.9446732797434246 0.10326587913450602 -0.5489097327985936 -0.3168428108124278 -1.1418544757902354 
334 1 1.5799682697530284 2.2417319982654202 2.6487769345655887 1.4869380754323902 2.081248447147891 1.87041967753773 1.9329497758969996 
335 -1 -0.017446946331704894 -0.14081231144883347 0.030691778426164766 -0.0031704436576389197 0.3020237960076221 -0.3168428108124278 0.4665046712461645 
336 1 -0.23043564180966933 0.03567245223370384 0.4927068059801808 -0.8546610259947984 0.18598740571586542 0.9590603073918309 -0.14845617909128245 
337 -1 -0.1239412940706871 -0.05256992960756481 -0.020643224635392567 -0.0031704436576389197 0.031272218660189845 -0.4991146848416077 0.32459062886059986 
338 -1 0.08904740140727732 -0.05256992960756481 0.28736679373395146 -0.6417883804105086 -0.007406578103729044 -0.13457093678324802 -0.006542136705717764 
339 -1 0.6215191401021883 0.8298538888051218 0.39003679985706613 1.1676291070559555 -0.35551574897899907 -1.0459303069291472 -1.0472451141998589 
340 -1 -0.1239412940706871 -0.3172970751313708 -0.17464823382006459 -0.42891573482621864 0.10862981218802763 -0.3168428108124278 0.2299812672702234 
341 1 -1.614862162416438 -1.6409328027504007 -2.0227083440361286 0.20970220192665096 -1.2064492777852147 -1.5927459290166865 -1.7568153261276822 
342 1 -1.7213565101554202 -1.552690420909132 -1.6633633226052273 2.4448649805616944 -1.2064492777852147 0.22997281127511163 -1.5675966029469293 
343 -1 2.005945660708957 1.7122777072178084 1.2627318519035409 -1.0675336715790882 -0.43287334250683684 -0.6813865588707875 0.32459062886059986 
344 -1 0.5150247923632062 0.1239148340749725 -0.0719782276969499 -0.0031704436576389197 0.06995101542410874 -0.3168428108124278 -0.14845617909128245 
345 1 -1.082390423721527 -1.02323612986152 -1.0473432858665392 0.6354474930952307 -0.47155213927075573 0.5945165593334713 -0.6215029870431648 
346 -1 1.0474965310581172 0.6533691251225844 0.8520518274110821 -0.6417883804105086 0.10862981218802763 -1.0459303069291472 0.4665046712461645 
347 -1 0.19554174914625952 0.3003995977575098 0.44137180291862343 0.5290111703030858 -0.6262673263264313 -0.8636584328999674 -0.5741983062479765 
348 1 -2.040839553372367 -2.0821447119567438 -2.1767133532208005 2.12555601218526 -0.9743764972017014 -1.7750178030458665 -1.8041200069228704 
349 1 -0.33692998954865155 -0.4937818388139081 -0.6366632613740806 1.4869380754323902 -0.007406578103729044 -1.5927459290166865 -0.19576085988647068 
350 -1 -0.017446946331704894 -0.05256992960756481 0.33870179679550877 -0.2160430892419288 1.2303149183416755 0.5945165593334713 1.1287702023787998 
351 -1 -0.017446946331704894 0.03567245223370384 -0.020643224635392567 0.10326587913450602 -0.742303716618188 -0.6813865588707875 -0.7634170294287295 
352 1 -0.017446946331704894 0.38864197959877844 0.44137180291862343 0.4225748475109408 0.34070259277154097 0.22997281127511163 0.5138093520413527 
353 1 2.6449117471428503 3.124155816678107 3.00812195599649 0.6354474930952307 1.075599731286 0.7767884333626511 1.7910357335114349 
354 -1 -0.1239412940706871 -0.40553945697263943 -0.43132324912785125 -0.9610973487869433 -1.399843261604809 -0.13457093678324802 -0.9526357526094823 
355 -1 -0.44342433728763375 -0.5820242206551768 -0.43132324912785125 -0.7482247032026534 -0.04608537486764794 -0.6813865588707875 0.7976374368124821 
356 -1 -0.23043564180966933 -0.3172970751313708 -0.6366632613740806 0.9547564614716655 -0.007406578103729044 -1.228202180958327 -0.5741983062479765 
357 -1 0.19554174914625952 -0.05256992960756481 -0.17464823382006459 -0.9610973487869433 -0.8196613101460257 0.22997281127511163 -0.5741983062479765 
358 -1 -0.44342433728763375 -0.05256992960756481 -0.3799882460662939 1.1676291070559555 -1.0517340907295392 -1.228202180958327 -1.1891591565854234 
359 1 0.08904740140727732 0.1239148340749725 0.39003679985706613 -0.8546610259947984 0.14730860895194653 0.7767884333626511 0.18267658647503515 
360 1 -0.9758960759825448 -0.7585089843377141 -0.4826582521894086 -1.1739699943712332 -0.6262673263264313 0.9590603073918309 -0.5741983062479765 
361 1 1.366979574275064 1.6240353253765396 2.084091900888458 0.9547564614716655 1.8491756665643777 0.7767884333626511 1.365293606354741 
362 1 -0.7629073805045804 -0.6702666024964454 -0.7393332674971953 1.0611927842638105 0.06995101542410874 0.0477009372459318 -0.6215029870431648 
363 1 -0.1239412940706871 0.1239148340749725 0.6467118151648528 -0.5353520576183636 0.18598740571586542 2.2349634255960895 0.08806722488465869 
364 1 1.7929569652309927 2.594701525630495 2.392101919257802 0.9547564614716655 1.4237089021612699 0.4122446853042915 1.5072076487403057 
365 -1 0.7280134878411706 0.5651267432813157 0.18469678761083677 -1.599715285539813 -0.47155213927075573 0.0477009372459318 0.040762544089470464 
366 -1 -1.082390423721527 -0.8467513661789827 -0.8420032736203099 0.8483201386795206 -0.47155213927075573 -0.6813865588707875 -0.3849795830672236 
367 1 -0.44342433728763375 -0.7585089843377141 -0.6366632613740806 -0.0031704436576389197 -1.7092736357161602 -0.6813865588707875 -1.898729368513247 
368 -1 1.7929569652309927 1.6240353253765396 1.3140668549650982 -0.3224794120340737 0.2633449992437032 -0.6813865588707875 0.7030280752221056 
369 1 -0.6564130327655981 -0.6702666024964454 -0.3286532430047366 -0.2160430892419288 -0.007406578103729044 -0.8636584328999674 -0.33767490227203534 
370 1 -0.44342433728763375 0.1239148340749725 0.030691778426164766 -0.42891573482621864 -0.47155213927075573 1.5058759294793704 -0.47958894465760005 
371 1 -0.8694017282435625 -0.7585089843377141 -1.4066883072974405 1.806247043808825 0.5727753733550544 -1.5927459290166865 -0.14845617909128245 
372 -1 -0.23043564180966933 -0.6702666024964454 -0.6879982644356379 -1.9190242539162479 -1.3224856680769714 -0.6813865588707875 -1.0945497949950471 
373 1 0.40853044462422394 0.38864197959877844 0.4927068059801808 0.3161385247187959 0.37938138953545986 1.1413321814210107 0.32459062886059986 
374 -1 -0.23043564180966933 0.21215721591624115 0.33870179679550877 0.10326587913450602 -0.43287334250683684 0.4122446853042915 -0.053846817500905995 
375 -1 -0.549918685026616 -0.6702666024964454 -0.5853282583125232 -2.025460576708393 -1.0130552939656203 -0.4991146848416077 -0.33767490227203534 
376 1 0.30203609688524174 0.47688436144004714 0.6467118151648528 0.10326587913450602 1.8104968698004589 1.3236040554501907 1.4599029679451174 
377 -1 -0.017446946331704894 0.1239148340749725 0.13336178454927944 -0.8546610259947984 0.10862981218802763 0.0477009372459318 0.4191999904509763 
378 1 1.366979574275064 2.4182167619479573 3.1107919621196047 2.8706102717302744 3.3189699435932956 1.3236040554501907 2.264082541463317 
379 -1 -0.1239412940706871 -0.3172970751313708 -0.3799882460662939 0.5290111703030858 -0.6649461230903502 -0.6813865588707875 -0.9999404334046705 
380 1 0.7280134878411706 0.6533691251225844 0.9033868304726395 0.10326587913450602 0.5340965765911354 1.1413321814210107 0.18267658647503515 
381 -1 -0.33692998954865155 -1.1114785117027888 -1.0986782889280966 -1.599715285539813 -1.1290916842573768 -0.8636584328999674 -0.7161123486335412 
382 1 -1.082390423721527 -1.817417566432938 -1.766033328728342 -0.2160430892419288 -1.3224856680769714 -1.7750178030458665 -1.331073198970988 
383 1 -1.082390423721527 -1.02323612986152 -1.0473432858665392 -0.10960676644978386 -0.5489097327985936 -0.6813865588707875 -0.668807667838353 
384 -1 0.08904740140727732 0.1239148340749725 0.33870179679550877 -0.2160430892419288 -0.1621217651594046 0.0477009372459318 0.4191999904509763 
385 1 0.30203609688524174 0.3003995977575098 0.4927068059801808 -0.2160430892419288 1.1916361215777567 1.6881478035085502 1.0814655215836115 
386 -1 1.0474965310581172 1.006338652487659 0.5953768121032954 -0.9610973487869433 0.10862981218802763 -0.4991146848416077 0.8922467984028586 
387 1 -0.23043564180966933 -0.2290546932901021 -0.17464823382006459 0.7418838158873756 1.6944604795087022 1.1413321814210107 0.4191999904509763 
388 -1 0.6215191401021883 0.38864197959877844 0.39003679985706613 -0.6417883804105086 0.06995101542410874 -0.13457093678324802 0.32459062886059986 
389 1 -1.082390423721527 -1.1114785117027888 -0.6879982644356379 0.4225748475109408 -0.6262673263264313 -0.4991146848416077 -1.0472451141998589 
390 -1 1.473473922014046 1.6240353253765396 1.1600618457804261 -1.3868426399555231 -0.43287334250683684 0.0477009372459318 0.2772859480654116 
391 1 -0.017446946331704894 -0.2290546932901021 0.28736679373395146 0.5290111703030858 1.4237089021612699 1.3236040554501907 0.9868561599932351 
392 1 -0.6564130327655981 -0.40553945697263943 -0.43132324912785125 0.4225748475109408 1.075599731286 -1.0459303069291472 0.4665046712461645 
393 -1 1.1539908787970994 0.9180962706463904 1.0573918396573114 -1.2804063171633782 -0.3168369522150802 0.0477009372459318 0.6557233944269174 
394 -1 -0.44342433728763375 -0.4937818388139081 -0.533993255250966 0.4225748475109408 0.2633449992437032 -1.0459303069291472 0.32459062886059986 
395 1 -0.9758960759825448 -0.9349937480202514 -1.2013482950512113 0.20970220192665096 -0.1621217651594046 -0.8636584328999674 -0.29037022147684716 
396 1 0.6215191401021883 1.006338652487659 1.1087268427188688 -0.2160430892419288 1.2689937151055943 1.1413321814210107 1.2706842447643645 
397 -1 -0.44342433728763375 -0.6702666024964454 -0.6879982644356379 -0.2160430892419288 -0.5102309360346746 -1.0459303069291472 0.13537190567984692 
398 -1 0.08904740140727732 0.47688436144004714 0.0820267814877221 -0.8546610259947984 -0.8970189036738636 -0.6813865588707875 -0.33767490227203534 
399 -1 0.7280134878411706 0.38864197959877844 0.18469678761083677 -0.5353520576183636 0.5340965765911354 -0.8636584328999674 1.2233795639691762 
400 -1 1.8994513129699748 1.9770048527416142 1.8787518886422288 1.91268336660097 0.5340965765911354 1.1413321814210107 0.2299812672702234 
401 1 -0.9758960759825448 -0.6702666024964454 -0.8420032736203099 1.1676291070559555 0.10862981218802763 0.0477009372459318 -0.33767490227203534 
402 -1 1.6864626174920105 1.3593081798527338 0.7493818212879675 -0.7482247032026534 0.06995101542410874 0.5945165593334713 0.6084187136317292 
403 -1 1.5799682697530284 1.3593081798527338 0.8520518274110821 -1.4932789627476681 -0.5875885295625124 -0.3168428108124278 -0.053846817500905995 
404 1 -0.23043564180966933 -0.4937818388139081 -0.6879982644356379 -0.2160430892419288 -0.9356977004377824 -0.8636584328999674 -0.5268936254527883 
405 -1 -0.549918685026616 -0.7585089843377141 -0.7393332674971953 -0.3224794120340737 -0.5489097327985936 -1.5927459290166865 -0.14845617909128245 
406 -1 0.6215191401021883 0.3003995977575098 0.28736679373395146 -0.8546610259947984 -0.5489097327985936 -0.8636584328999674 -0.10115149829609422 
407 -1 0.30203609688524174 0.38864197959877844 0.33870179679550877 -0.8546610259947984 -0.9743764972017014 -1.0459303069291472 -0.33767490227203534 
408 -1 0.19554174914625952 0.1239148340749725 0.13336178454927944 -1.0675336715790882 0.3020237960076221 0.22997281127511163 0.4191999904509763 
409 1 0.5150247923632062 0.47688436144004714 0.7493818212879675 -0.0031704436576389197 1.075599731286 1.3236040554501907 1.0341608407884233 
410 1 1.1539908787970994 1.6240353253765396 2.032756897826901 1.5933743982245352 2.081248447147891 1.5058759294793704 1.365293606354741 
411 1 -1.8278508578944026 -1.817417566432938 -1.9713733409745713 2.8706102717302744 -0.5102309360346746 -1.228202180958327 -1.709510645332494 
412 -1 0.6215191401021883 0.6533691251225844 0.39003679985706613 -0.2160430892419288 -0.12344296839548571 -0.4991146848416077 0.08806722488465869 
413 1 0.6215191401021883 0.6533691251225844 1.1600618457804261 -0.5353520576183636 1.2303149183416755 1.6881478035085502 1.5072076487403057 
414 -1 -0.33692998954865155 0.03567245223370384 -0.22598323688162192 0.3161385247187959 0.14730860895194653 -0.8636584328999674 0.37189530965578804 
415 1 -0.6564130327655981 -0.4937818388139081 0.0820267814877221 -0.42891573482621864 0.2633449992437032 -1.228202180958327 0.4191999904509763 
416 1 0.08904740140727732 0.3003995977575098 0.33870179679550877 0.4225748475109408 0.8435269507024866 1.3236040554501907 0.5138093520413527 
417 -1 2.1124400084479396 1.6240353253765396 1.3140668549650982 -1.2804063171633782 -0.2394793586872424 -0.3168428108124278 0.4191999904509763 
418 -1 0.7280134878411706 0.5651267432813157 0.28736679373395146 -0.8546610259947984 -0.2781581554511613 -0.6813865588707875 0.040762544089470464 
419 1 -1.082390423721527 -0.6702666024964454 -0.533993255250966 -0.0031704436576389197 -1.2064492777852147 -0.8636584328999674 -1.4256825605613646 
420 -1 0.30203609688524174 0.3003995977575098 0.6467118151648528 0.10326587913450602 0.5727753733550544 -0.4991146848416077 1.365293606354741 
421 -1 1.2604852265360817 1.006338652487659 0.9033868304726395 -0.5353520576183636 0.3020237960076221 0.4122446853042915 0.6084187136317292 
422 1 -1.2953791191994914 -1.3762056572265946 -1.5606933164821126 2.33842865776955 -0.742303716618188 -1.0459303069291472 -1.5675966029469293 
423 -1 -1.2953791191994914 -1.4644480390678634 -1.2526832981127687 -0.7482247032026534 -1.399843261604809 -0.8636584328999674 -1.331073198970988 
424 -1 1.473473922014046 1.3593081798527338 1.5707418702728848 0.3161385247187959 1.5010664956891078 0.9590603073918309 1.6964263719210584 
425 1 0.6215191401021883 1.4475505616940023 1.4167368610882127 2.12555601218526 -0.6649461230903502 -0.8636584328999674 -1.520291922151741 
426 1 -0.9758960759825448 -1.1997208935440573 -1.2526832981127687 0.20970220192665096 0.7661693571746488 -0.4991146848416077 -0.053846817500905995 
427 1 0.7280134878411706 0.47688436144004714 1.1600618457804261 0.3161385247187959 2.0425696503839723 0.22997281127511163 1.2706842447643645 
428 -1 -0.6564130327655981 -0.7585089843377141 -0.4826582521894086 -0.10960676644978386 -0.6649461230903502 -1.228202180958327 -0.5268936254527883 
429 1 -0.44342433728763375 -0.6702666024964454 -0.6879982644356379 1.0611927842638105 -0.43287334250683684 -0.6813865588707875 0.18267658647503515 
430 -1 1.1539908787970994 1.4475505616940023 1.0573918396573114 0.6354474930952307 0.9595633409942432 0.0477009372459318 0.6084187136317292 
431 -1 2.857900442620815 1.9770048527416142 1.3140668549650982 0.5290111703030858 0.4954177798272166 -0.8636584328999674 1.0814655215836115 
432 -1 1.0474965310581172 0.6533691251225844 0.28736679373395146 -1.1739699943712332 -0.43287334250683684 0.0477009372459318 -0.14845617909128245 
433 1 0.19554174914625952 0.1239148340749725 0.18469678761083677 0.20970220192665096 1.5010664956891078 0.22997281127511163 1.0341608407884233 
434 1 -0.44342433728763375 -0.2290546932901021 -0.0719782276969499 -1.599715285539813 0.7661693571746488 1.1413321814210107 1.2706842447643645 
435 -1 -0.44342433728763375 -0.5820242206551768 -0.43132324912785125 0.10326587913450602 0.34070259277154097 -1.4104740549875068 0.5138093520413527 
436 1 1.6864626174920105 1.800520089059077 2.2380969100731303 0.9547564614716655 1.5010664956891078 0.0477009372459318 1.365293606354741 
437 -1 0.08904740140727732 -0.05256992960756481 0.5440418090417382 -0.8546610259947984 -0.007406578103729044 0.0477009372459318 0.13537190567984692 
438 1 0.40853044462422394 0.38864197959877844 0.7493818212879675 0.8483201386795206 2.3520000244953234 2.0526915515669097 1.8856450951018113 
439 1 -1.614862162416438 -1.3762056572265946 -1.5606933164821126 1.3805017526402452 -1.0130552939656203 -1.5927459290166865 -1.8041200069228704 
440 1 -1.8278508578944026 -1.817417566432938 -1.458023310358998 0.20970220192665096 -0.6649461230903502 -1.5927459290166865 -1.6149012837421175 
441 -1 0.5150247923632062 0.741611506963853 0.44137180291862343 -0.3224794120340737 -0.39419454574291796 -0.4991146848416077 -0.10115149829609422 
442 -1 -0.1239412940706871 0.1239148340749725 0.030691778426164766 0.5290111703030858 0.14730860895194653 -0.13457093678324802 0.18267658647503515 
443 1 0.19554174914625952 -0.2290546932901021 0.18469678761083677 -0.3224794120340737 1.6171028859808645 0.5945165593334713 1.0814655215836115 
444 1 -0.1239412940706871 0.03567245223370384 0.33870179679550877 -2.025460576708393 -0.8970189036738636 1.6881478035085502 -0.3849795830672236 
445 -1 2.6449117471428503 2.2417319982654202 1.6734118763959995 -0.10960676644978386 -0.5875885295625124 -0.8636584328999674 -0.29037022147684716 
446 1 -0.44342433728763375 -0.4937818388139081 -0.4826582521894086 0.3161385247187959 -0.43287334250683684 1.1413321814210107 -0.668807667838353 
447 -1 -0.23043564180966933 -0.3172970751313708 -0.17464823382006459 0.6354474930952307 -0.12344296839548571 -0.6813865588707875 0.18267658647503515 
448 -1 -0.1239412940706871 -0.2290546932901021 -0.5853282583125232 0.20970220192665096 -0.8970189036738636 -1.0459303069291472 -0.5268936254527883 
449 1 -1.614862162416438 -1.817417566432938 -1.766033328728342 -1.1739699943712332 -1.5545584486604846 -1.4104740549875068 -1.7568153261276822 
450 1 0.5150247923632062 -0.4937818388139081 -0.22598323688162192 -0.2160430892419288 -1.2064492777852147 0.22997281127511163 -1.520291922151741 
451 1 -0.8694017282435625 -0.7585089843377141 -0.9960082828049819 1.3805017526402452 0.18598740571586542 -0.13457093678324802 -0.9999404334046705 
452 1 1.2604852265360817 1.4475505616940023 1.7760818825191143 -0.2160430892419288 1.075599731286 0.4122446853042915 2.264082541463317 
453 -1 1.6864626174920105 1.006338652487659 0.39003679985706613 -1.706151608331958 -0.43287334250683684 0.5945165593334713 0.4665046712461645 
454 -1 2.1124400084479396 1.8887624709003457 1.5194068672113274 0.8483201386795206 0.34070259277154097 -0.3168428108124278 0.6557233944269174 
455 1 -0.6564130327655981 -0.14081231144883347 0.4927068059801808 -1.8125879311241029 -0.8970189036738636 2.2349634255960895 -0.053846817500905995 
456 1 -0.8694017282435625 -0.8467513661789827 -0.7393332674971953 -0.5353520576183636 -1.0130552939656203 1.3236040554501907 -0.8580263910191058 
457 -1 0.30203609688524174 0.6533691251225844 0.6467118151648528 0.10326587913450602 -0.5489097327985936 0.7767884333626511 -0.33767490227203534 
458 -1 0.941002183319135 0.3003995977575098 0.33870179679550877 -2.131896899500538 -1.090412887493458 0.22997281127511163 -0.3849795830672236 
459 -1 -0.33692998954865155 -0.5820242206551768 -0.7906682705587526 2.019119689393115 -0.6649461230903502 -0.6813865588707875 -0.9053310718142941 
460 1 1.473473922014046 -0.8467513661789827 -0.7906682705587526 0.5290111703030858 0.2633449992437032 -0.3168428108124278 -0.14845617909128245 
461 1 -0.33692998954865155 0.3003995977575098 -0.3286532430047366 -0.5353520576183636 -0.742303716618188 0.9590603073918309 -0.7634170294287295 
462 -1 0.8345078355801528 0.47688436144004714 0.33870179679550877 -0.6417883804105086 -0.47155213927075573 -0.6813865588707875 -0.053846817500905995 
463 -1 0.8345078355801528 1.0945810343289277 0.6467118151648528 -0.0031704436576389197 0.10862981218802763 0.0477009372459318 0.7976374368124821 
464 -1 -1.2953791191994914 -1.287963275385326 -1.4066883072974405 -0.6417883804105086 -1.399843261604809 -0.8636584328999674 -1.4729872413565528 
465 1 0.7280134878411706 1.006338652487659 1.1600618457804261 0.10326587913450602 1.9265332600922156 1.5058759294793704 1.601817010330682 
466 1 0.5150247923632062 0.6533691251225844 0.5953768121032954 0.3161385247187959 1.5010664956891078 1.87041967753773 1.0814655215836115 
467 -1 1.2604852265360817 0.5651267432813157 0.2360317906723941 -2.3447695450848274 -1.090412887493458 1.1413321814210107 -0.47958894465760005 
468 -1 1.473473922014046 1.6240353253765396 1.3140668549650982 0.8483201386795206 0.7274905604107299 -0.3168428108124278 0.9868561599932351 
469 1 -2.1473339011113493 -1.9056599482742065 -2.0227083440361286 1.69981072101668 -1.3224856680769714 -0.4991146848416077 -1.9460340493084352 
