id label data 
0 1 -0.10450596278625317 0.13759174133102703 0.6547033807733811 -0.5170048890156873 0.19828559575473287 2.1964396371104558 0.10312888561583179 
1 -1 -0.21082155263373983 -0.21338854863142956 0.24598933267311351 0.8451770307281031 0.4659752182549676 -1.3980124152638966 0.9008053580945302 
2 -1 -1.3802930409560932 -1.4418195635000277 -1.43995611574049 0.0069112339626935864 -0.8342315196033154 -1.5777350178826142 -0.6476254414229432 
3 1 -0.21082155263373983 0.04984666884041288 0.5014356127357807 -0.8313545628027159 0.19828559575473287 0.9383814187794324 -0.1314818415837854 
4 -1 0.4270719864511801 0.3130818863122553 -0.060546203402087155 0.0069112339626935864 -0.3370936492457366 0.5789362135419972 -0.3191704233434791 
5 1 -0.21082155263373983 -0.037898403650201265 0.5014356127357807 -1.983970033355154 -0.643024646388862 1.2978266240168677 0.2438953219356021 
6 1 1.2775967052310735 1.5415129011808535 1.3699529649488493 1.893009276684865 1.72794058147036 1.8369944318730205 0.9008053580945302 
7 -1 0.10812521690872015 -0.037898403650201265 0.5525248687483142 -0.8313545628027159 0.0070787225402795 0.03976840568584435 0.1500510310557552 
8 -1 -0.21082155263373983 -0.3011336211220437 -0.8268850435900889 2.521708624258922 -0.06940402674550185 0.21949100830456197 -0.413014714223326 
9 1 1.5965434747735334 2.2434734811057666 2.647184365262185 1.4738763783021602 2.0721129532563762 1.8369944318730205 1.9330925577728457 
10 -1 0.0018096270612334875 -0.476623766103272 -0.5714387635274216 -1.1457042365897445 0.27476834504051423 -0.6791220047890261 0.8538832126546068 
11 1 0.10812521690872015 0.13759174133102703 0.39925710071071385 -0.8313545628027159 0.16004422111184222 0.7586588161607148 0.19697317649567866 
12 -1 0.7460187559936401 0.5763171037840978 0.29707858868564696 -0.8313545628027159 -0.26061089995995523 -0.6791220047890261 0.056206740175908355 
13 1 -0.3171371424812265 -0.476623766103272 -0.6225280195399551 1.4738763783021602 0.0070787225402795 -1.5777350178826142 -0.17840398702370883 
14 -1 -0.6360839120236865 -0.9153491285563428 -0.8268850435900889 0.9499602553237793 -0.3753350238886273 -0.6791220047890261 -0.45993685966324943 
15 1 -0.9550306815661465 -0.21338854863142956 -0.6736172755524885 1.4738763783021602 1.116078587184109 0.03976840568584435 1.1823382307340708 
16 1 0.7460187559936401 0.8395523212559403 1.2166851969112489 -0.5170048890156873 0.9631130886125464 1.2978266240168677 1.1354160852941473 
17 1 0.7460187559936401 0.5763171037840978 0.7057926367859145 0.0069112339626935864 -1.0636797674606595 -0.31967679955159084 -0.9291583140624837 
18 -1 0.3207563966036935 0.664062176274712 0.6547033807733811 0.11169445855836978 -0.52830052246019 0.7586588161607148 -0.3191704233434791 
19 1 -0.21082155263373983 -0.38887869361265787 -0.4692602515023547 1.893009276684865 0.5806993421836396 -0.6791220047890261 -0.03763755070393852 
20 1 0.3207563966036935 0.2253368138216412 0.39925710071071385 0.42604413234539834 0.3512510943262956 1.2978266240168677 -0.22532613246363226 
21 1 -1.3802930409560932 -1.0908392735375712 -1.0312420676402225 -0.5170048890156873 -1.254886640675113 -0.13995419693287325 -1.2106911867020245 
22 -1 -0.42345273232871317 -0.5643688385938862 -0.4181709954898213 -0.7265713382070398 -0.031162652102611176 -0.6791220047890261 0.8069610672146833 
23 -1 0.5333875762986668 0.664062176274712 0.24598933267311351 0.5308273569410745 -0.4900591478172993 0.21949100830456197 -0.6007032959830197 
24 -1 0.8523343458411268 0.664062176274712 0.6036141247608476 -0.0978719906329826 -0.26061089995995523 -0.6791220047890261 0.29081746737552555 
25 1 0.10812521690872015 0.04984666884041288 0.4503463567232473 -2.08875325795083 -0.8342315196033154 1.2978266240168677 -0.03763755070393852 
26 -1 0.5333875762986668 0.5763171037840978 0.8079711488109814 0.11169445855836978 1.001354463255437 1.2978266240168677 1.5107932488135347 
27 1 -0.10450596278625317 -0.38887869361265787 -0.060546203402087155 0.6356105815367508 2.2250784518279385 0.21949100830456197 1.6984818305732285 
28 1 0.3207563966036935 0.4008269588028695 1.0634174288736487 -0.7265713382070398 0.16004422111184222 2.555884842347891 0.29081746737552555 
29 1 0.9586499356886135 1.6292579736714676 1.7275777570365833 0.11169445855836978 1.1925613364698904 1.657271829254303 0.994649648974377 
30 1 -2.1245021698885 -1.9682899984437126 -2.0530271878908914 -0.6217881136113635 -1.369610764603785 -1.7574576205013317 -1.6329904956613353 
31 1 -0.21082155263373983 -0.21338854863142956 -0.00945694738955371 -0.4122216644200112 -0.06940402674550185 0.03976840568584435 -0.2722482779035557 
32 -1 0.6397031661461534 0.664062176274712 0.39925710071071385 -0.20265521522865879 -0.10764540138839253 -0.4993994021703085 0.10312888561583179 
33 -1 0.0018096270612334875 0.13759174133102703 0.14381082064804662 -0.8313545628027159 0.12180284646895152 0.03976840568584435 0.4315839036952958 
34 1 -0.6360839120236865 -0.12564347614081542 0.5014356127357807 -1.7744035841638017 -0.8724728942462061 2.1964396371104558 -0.03763755070393852 
35 1 0.6397031661461534 1.4537678286902393 1.4210422209613827 2.102575725876217 -0.643024646388862 -0.8588446074077437 -1.492224059341565 
36 1 0.2144408067562068 0.4008269588028695 0.39925710071071385 -0.7265713382070398 -0.7959901449604248 0.03976840568584435 -0.8353140231826369 
37 -1 0.5333875762986668 0.4008269588028695 0.3481678446981804 0.11169445855836978 0.27476834504051423 -0.4993994021703085 0.5254281945751427 
38 -1 -0.5297683221761998 -1.003094201046957 -0.9801528116276891 -0.6217881136113635 -1.1019211421035502 -0.31967679955159084 -1.069924750382254 
39 1 -0.7423995018711731 -0.7398589835751145 -0.7757957875775554 1.0547434799194555 0.16004422111184222 -0.31967679955159084 -0.2722482779035557 
40 -1 -0.3171371424812265 -1.0908392735375712 -1.082331323652756 -1.5648371349724493 -1.1019211421035502 -0.8588446074077437 -0.6945475868628666 
41 -1 0.10812521690872015 -0.38887869361265787 -0.060546203402087155 -1.5648371349724493 -1.1019211421035502 0.03976840568584435 -0.6476254414229432 
42 1 0.4270719864511801 0.7518072487653261 0.9101496608360483 0.5308273569410745 1.4984923336130158 1.11810402139815 1.0415717944143004 
43 1 -0.3171371424812265 -0.21338854863142956 -0.060546203402087155 -0.8313545628027159 -0.7959901449604248 0.39921361092327956 -0.6476254414229432 
44 -1 -0.42345273232871317 -0.38887869361265787 -0.3159924834647544 -0.5170048890156873 -0.6047832717459714 1.11810402139815 -0.8822361686225604 
45 -1 -0.10450596278625317 -0.037898403650201265 -0.00945694738955371 0.0069112339626935864 0.04532009718317018 -0.4993994021703085 0.33773961281544895 
46 1 0.5333875762986668 0.48857203129348364 0.6036141247608476 0.32126090774972216 1.7661819561132506 1.2978266240168677 1.6046375396933816 
47 1 0.4270719864511801 0.4008269588028695 0.756881892798448 0.8451770307281031 2.3398025757566105 2.0167170344917382 1.8861704123329224 
48 -1 -1.3802930409560932 -1.1785843460281853 -1.082331323652756 0.32126090774972216 -0.41357639853151795 -1.7574576205013317 0.056206740175908355 
49 1 -0.42345273232871317 -0.38887869361265787 -0.3159924834647544 0.11169445855836978 0.16004422111184222 1.2978266240168677 -0.08455969614386195 
50 -1 -0.21082155263373983 0.13759174133102703 0.29707858868564696 -0.0978719906329826 0.27476834504051423 0.21949100830456197 0.666194630894913 
51 -1 0.9586499356886135 0.5763171037840978 -0.16272471542715405 0.32126090774972216 -1.1401625167464409 -1.0385672100264614 -1.1168468958221776 
52 -1 -0.21082155263373983 -0.12564347614081542 0.8079711488109814 0.11169445855836978 1.0778372125412183 -0.31967679955159084 1.8392482668929988 
53 -1 0.2144408067562068 -0.037898403650201265 0.09272156463551318 -0.4122216644200112 -0.3370936492457366 -0.8588446074077437 0.10312888561583179 
54 -1 -0.5297683221761998 -0.476623766103272 -0.36708173947728784 0.32126090774972216 -0.26061089995995523 -1.2182898126451789 -0.5537811505430963 
55 1 0.3207563966036935 0.5763171037840978 0.4503463567232473 0.5308273569410745 0.38949246896918627 1.4775492266355852 0.3846617582553724 
56 1 -0.21082155263373983 -0.037898403650201265 0.5014356127357807 -1.6696203595681254 -0.7959901449604248 0.5789362135419972 -0.2722482779035557 
57 -1 -0.7423995018711731 -0.6521139110845003 -0.7757957875775554 0.42604413234539834 -0.06940402674550185 0.39921361092327956 -0.5537811505430963 
58 1 0.3207563966036935 0.9272973937465544 1.114506684886182 0.5308273569410745 1.1543199618269997 0.7586588161607148 1.3700268124937645 
59 1 0.2144408067562068 0.5763171037840978 1.2166851969112489 1.7882260520891888 1.0778372125412183 0.39921361092327956 0.1500510310557552 
60 1 0.7460187559936401 1.0150424662371687 1.1655959408987155 0.11169445855836978 1.9191474546848133 1.4775492266355852 1.6046375396933816 
61 1 -0.7423995018711731 -1.003094201046957 -1.082331323652756 0.42604413234539834 -0.8724728942462061 -1.0385672100264614 -0.9291583140624837 
62 -1 1.8091746544685068 1.6292579736714676 1.1655959408987155 -0.307438439824335 -0.031162652102611176 -0.4993994021703085 0.47850604913521927 
63 1 -1.9118709901935265 -1.9682899984437126 -2.2062949559284917 1.7882260520891888 -1.3313693899608943 -1.9371802231200494 -2.0552898046206463 
64 -1 1.0649655255361001 0.9272973937465544 0.7057926367859145 -0.7265713382070398 -0.41357639853151795 -0.6791220047890261 0.19697317649567866 
65 -1 0.5333875762986668 0.13759174133102703 -0.060546203402087155 0.0069112339626935864 0.08356147182606086 -0.31967679955159084 -0.1314818415837854 
66 -1 -0.3171371424812265 -0.476623766103272 -0.8268850435900889 -1.2504874611854206 -1.0254383928177688 1.2978266240168677 -0.6945475868628666 
67 -1 -0.10450596278625317 -0.3011336211220437 -0.16272471542715405 -0.4122216644200112 0.12180284646895152 -0.31967679955159084 0.2438953219356021 
68 1 0.7460187559936401 0.4008269588028695 0.09272156463551318 0.42604413234539834 -0.6812660210317527 0.7586588161607148 -0.5537811505430963 
69 1 -0.9550306815661465 -1.2663294185187994 -1.184509835677823 -0.307438439824335 -1.1401625167464409 -0.8588446074077437 -1.0230026049423306 
70 -1 -0.21082155263373983 0.04984666884041288 0.09272156463551318 -0.0978719906329826 0.5424579675407489 0.21949100830456197 0.2438953219356021 
71 -1 0.8523343458411268 1.1027875387277828 0.6547033807733811 0.0069112339626935864 0.12180284646895152 0.03976840568584435 0.8069610672146833 
72 -1 1.1712811153835867 1.4537678286902393 1.0634174288736487 0.6356105815367508 0.9631130886125464 0.03976840568584435 0.6192724854549896 
73 1 -1.699239810498553 -1.7927998534624843 -2.155205699915958 0.42604413234539834 -1.2166452660322222 -1.7574576205013317 -1.914523368300876 
74 -1 0.7460187559936401 0.4008269588028695 0.19490007666058007 -0.5170048890156873 0.5424579675407489 -0.8588446074077437 1.2292603761739942 
75 -1 1.4902278849260469 1.6292579736714676 1.3188637089363158 0.8451770307281031 0.7336648407552023 -0.31967679955159084 0.994649648974377 
76 1 -0.3171371424812265 0.2253368138216412 0.4503463567232473 -1.983970033355154 -0.8342315196033154 1.8369944318730205 -0.3191704233434791 
77 1 0.5333875762986668 -0.476623766103272 -0.21381397143968747 -0.20265521522865879 -1.1784038913893315 0.21949100830456197 -1.492224059341565 
78 1 0.2144408067562068 0.48857203129348364 0.3481678446981804 0.11169445855836978 -0.6047832717459714 0.7586588161607148 -0.9291583140624837 
79 1 -1.8055554003460397 -1.7927998534624843 -1.9508486758658246 2.8360582980459506 -0.4900591478172993 -1.2182898126451789 -1.6799126411012588 
80 1 -0.5297683221761998 -0.21338854863142956 -0.00945694738955371 0.8451770307281031 -0.26061089995995523 0.9383814187794324 -0.6007032959830197 
81 -1 1.2775967052310735 0.5763171037840978 0.24598933267311351 -2.2983197071421824 -1.0636797674606595 1.11810402139815 -0.45993685966324943 
82 1 -2.018186580041013 -1.9682899984437126 -1.9508486758658246 0.8451770307281031 -0.8342315196033154 0.39921361092327956 -1.6329904956613353 
83 -1 0.7460187559936401 0.8395523212559403 0.756881892798448 0.21647768315404597 0.6954234661123117 0.7586588161607148 1.5107932488135347 
84 -1 -0.6360839120236865 -0.38887869361265787 -0.1116354594146206 -1.0409210119940684 0.771906215398093 -0.6791220047890261 1.5577153942534583 
85 -1 -1.3802930409560932 -1.2663294185187994 -1.3888668597279568 -0.20265521522865879 -0.9107142688890967 -1.9371802231200494 -1.0230026049423306 
86 -1 2.872330552943373 1.9802382636339242 1.3188637089363158 0.5308273569410745 0.5042165928978583 -0.8588446074077437 1.088493939854224 
87 -1 1.4902278849260469 1.3660227561996252 1.5743099889989831 0.32126090774972216 1.4984923336130158 0.9383814187794324 1.6984818305732285 
88 1 -1.8055554003460397 -1.9682899984437126 -2.001937931878358 2.102575725876217 -1.0254383928177688 -1.5777350178826142 -1.8676012228609524 
89 -1 2.02180583416348 1.7170030461620818 1.2677744529237824 -1.0409210119940684 -0.41357639853151795 -0.6791220047890261 0.33773961281544895 
90 1 0.2144408067562068 0.3130818863122553 0.6036141247608476 0.42604413234539834 2.1485957025421576 1.4775492266355852 1.6984818305732285 
91 1 0.0018096270612334875 0.13759174133102703 0.4503463567232473 -0.4122216644200112 1.1925613364698904 1.657271829254303 1.1823382307340708 
92 -1 0.3207563966036935 0.3130818863122553 0.09272156463551318 -0.0978719906329826 -0.031162652102611176 0.03976840568584435 0.2438953219356021 
93 -1 -0.42345273232871317 -0.21338854863142956 0.19490007666058007 -0.20265521522865879 0.657182091469421 0.21949100830456197 0.666194630894913 
94 -1 -0.7423995018711731 -0.3011336211220437 -0.3159924834647544 -0.307438439824335 -0.26061089995995523 -1.5777350178826142 0.5723503400150661 
95 1 -1.4866086308035797 -1.0908392735375712 -1.542134627765557 1.4738763783021602 -0.643024646388862 -0.8588446074077437 -1.3514576230217947 
96 1 1.1712811153835867 1.6292579736714676 1.9319347810867171 1.0547434799194555 1.957388829327704 1.657271829254303 1.6046375396933816 
97 1 -0.8487150917186598 -0.8276040560657286 -0.724706531565022 -0.5170048890156873 -0.987197018174878 1.2978266240168677 -0.8353140231826369 
98 -1 -0.10450596278625317 -0.21338854863142956 -0.3159924834647544 -0.307438439824335 0.19828559575473287 -1.0385672100264614 0.7131167763348364 
99 1 -1.1676618612611198 -1.0908392735375712 -1.4910453717530237 3.4647576456200078 -0.41357639853151795 -1.3980124152638966 -1.3514576230217947 
100 -1 -1.2739774511086064 -1.0908392735375712 -1.3888668597279568 1.4738763783021602 0.0070787225402795 -0.6791220047890261 -0.5537811505430963 
101 -1 0.0018096270612334875 0.04984666884041288 0.04163230862297973 0.21647768315404597 0.16004422111184222 0.03976840568584435 -0.03763755070393852 
102 -1 0.4270719864511801 0.48857203129348364 0.19490007666058007 0.6356105815367508 0.12180284646895152 -0.4993994021703085 -0.5537811505430963 
103 1 -1.8055554003460397 -1.7927998534624843 -1.43995611574049 0.21647768315404597 -0.643024646388862 -1.5777350178826142 -1.586068350221412 
104 -1 -0.21082155263373983 -0.8276040560657286 -0.6225280195399551 -0.0978719906329826 -0.52830052246019 -1.0385672100264614 -0.45993685966324943 
105 1 -0.3171371424812265 0.13759174133102703 0.3481678446981804 -0.4122216644200112 -0.41357639853151795 0.21949100830456197 -0.413014714223326 
106 1 0.9586499356886135 0.664062176274712 1.012328172861115 0.11169445855836978 2.6074921982568453 1.8369944318730205 1.8392482668929988 
107 -1 0.6397031661461534 0.8395523212559403 0.39925710071071385 1.1595267045151316 -0.3370936492457366 -1.0385672100264614 -1.0230026049423306 
108 -1 1.0649655255361001 0.664062176274712 0.29707858868564696 -1.1457042365897445 -0.41357639853151795 0.03976840568584435 -0.1314818415837854 
109 1 -1.4866086308035797 -1.3540744910094136 -1.4910453717530237 0.42604413234539834 -1.1019211421035502 -0.13995419693287325 -1.5391462047814883 
110 -1 -0.10450596278625317 -0.21338854863142956 -0.5714387635274216 0.21647768315404597 -0.8724728942462061 -1.0385672100264614 -0.5068590051031728 
111 -1 -0.10450596278625317 -0.12564347614081542 0.04163230862297973 -0.0978719906329826 0.5042165928978583 0.39921361092327956 0.29081746737552555 
112 -1 -0.3171371424812265 0.04984666884041288 -0.21381397143968747 0.32126090774972216 0.16004422111184222 -0.8588446074077437 0.3846617582553724 
113 -1 1.1712811153835867 1.278277683709011 1.012328172861115 1.5786596028978364 1.230802711112781 0.03976840568584435 1.6046375396933816 
114 1 -1.2739774511086064 -1.003094201046957 -0.9801528116276891 1.5786596028978364 -0.52830052246019 0.21949100830456197 -1.2106911867020245 
115 -1 1.70285906462102 1.3660227561996252 0.756881892798448 -0.7265713382070398 0.08356147182606086 0.5789362135419972 0.6192724854549896 
116 1 -0.10450596278625317 0.04984666884041288 0.3481678446981804 -1.983970033355154 -0.8724728942462061 1.657271829254303 -0.36609256878340257 
117 1 -1.8055554003460397 -1.7050547809718701 -1.7975809078282243 0.7403938061324269 -0.8724728942462061 -0.31967679955159084 -1.586068350221412 
118 1 -0.21082155263373983 -0.21338854863142956 -0.16272471542715405 0.7403938061324269 1.6896992068274692 1.11810402139815 0.4315839036952958 
119 1 1.1712811153835867 1.6292579736714676 2.0341132931117842 1.5786596028978364 2.0721129532563762 1.4775492266355852 1.3700268124937645 
120 -1 0.2144408067562068 0.3130818863122553 0.4503463567232473 0.5308273569410745 -0.6047832717459714 -0.8588446074077437 -0.5537811505430963 
121 -1 -0.10450596278625317 -0.12564347614081542 -0.060546203402087155 -0.4122216644200112 -0.2988522746028459 0.21949100830456197 -0.5537811505430963 
122 -1 -0.42345273232871317 -0.5643688385938862 -0.4181709954898213 0.11169445855836978 0.3512510943262956 -1.3980124152638966 0.5254281945751427 
123 -1 -1.4866086308035797 -1.1785843460281853 -1.6443131397906239 0.6356105815367508 -1.2166452660322222 -1.3980124152638966 -1.586068350221412 
124 1 -0.42345273232871317 -0.3011336211220437 -0.21381397143968747 -0.307438439824335 -0.3370936492457366 0.39921361092327956 -0.5537811505430963 
125 -1 -0.10450596278625317 0.04984666884041288 -0.1116354594146206 -0.5170048890156873 -0.3370936492457366 -0.31967679955159084 -0.36609256878340257 
126 -1 0.7460187559936401 0.5763171037840978 0.19490007666058007 -1.5648371349724493 -0.45181777317440863 0.03976840568584435 0.056206740175908355 
127 1 -0.3171371424812265 0.04984666884041288 0.3481678446981804 -1.1457042365897445 -0.8342315196033154 0.9383814187794324 -0.3191704233434791 
128 -1 1.4902278849260469 2.0679833361245383 2.2384703171619176 1.6834428274935127 1.116078587184109 0.39921361092327956 1.088493939854224 
129 1 -1.5929242206510665 -1.3540744910094136 -1.542134627765557 1.369093153706484 -0.987197018174878 -1.5777350178826142 -1.7737569319811055 
130 -1 -0.10450596278625317 -0.037898403650201265 -0.00945694738955371 0.0069112339626935864 0.04532009718317018 -0.4993994021703085 0.33773961281544895 
131 -1 1.2775967052310735 1.0150424662371687 0.9101496608360483 -0.5170048890156873 0.3130097196834049 0.39921361092327956 0.6192724854549896 
132 -1 0.8523343458411268 0.7518072487653261 0.6036141247608476 -0.5170048890156873 -0.22236952531706455 -0.4993994021703085 -0.17840398702370883 
133 -1 -1.2739774511086064 -1.5295646359906419 -1.4910453717530237 -2.612669380929211 -1.8285072603184729 -1.2182898126451789 -1.4453019139016416 
134 -1 -0.6360839120236865 -0.7398589835751145 -0.4692602515023547 -0.0978719906329826 -0.643024646388862 -1.2182898126451789 -0.5068590051031728 
135 1 0.10812521690872015 0.4008269588028695 0.7057926367859145 0.11169445855836978 1.001354463255437 0.39921361092327956 0.7131167763348364 
136 1 -0.8487150917186598 -1.1785843460281853 -1.1334205796652894 -0.4122216644200112 0.3130097196834049 -0.13995419693287325 -0.17840398702370883 
137 -1 0.2144408067562068 0.04984666884041288 0.14381082064804662 0.0069112339626935864 -1.0254383928177688 -0.6791220047890261 -0.9291583140624837 
138 1 0.3207563966036935 0.48857203129348364 0.9101496608360483 -0.0978719906329826 0.6189407168265303 0.03976840568584435 0.666194630894913 
139 -1 0.7460187559936401 0.7518072487653261 0.39925710071071385 0.11169445855836978 0.12180284646895152 -0.6791220047890261 0.5723503400150661 
140 -1 1.8091746544685068 1.89249319114331 1.9319347810867171 0.6356105815367508 1.842664705399032 -0.6791220047890261 1.9330925577728457 
141 -1 -0.3171371424812265 -0.3011336211220437 -0.16272471542715405 -1.0409210119940684 -1.1019211421035502 0.03976840568584435 -0.7883918777427135 
142 -1 0.0018096270612334875 -0.12564347614081542 0.14381082064804662 -0.4122216644200112 0.9631130886125464 0.03976840568584435 0.9477275035344536 
143 1 0.7460187559936401 1.278277683709011 1.114506684886182 0.11169445855836978 0.0070787225402795 -0.31967679955159084 -0.17840398702370883 
144 1 -1.2739774511086064 -0.476623766103272 -0.6225280195399551 0.6356105815367508 0.6954234661123117 -0.13995419693287325 -0.17840398702370883 
145 1 0.0018096270612334875 0.2253368138216412 0.5525248687483142 -0.6217881136113635 0.19828559575473287 1.11810402139815 0.19697317649567866 
146 -1 -0.5297683221761998 -0.38887869361265787 -0.16272471542715405 -0.307438439824335 0.5806993421836396 -0.6791220047890261 0.19697317649567866 
147 1 -0.8487150917186598 -0.7398589835751145 -1.3888668597279568 1.7882260520891888 0.5806993421836396 -1.5777350178826142 -0.1314818415837854 
148 1 -0.42345273232871317 -0.7398589835751145 -0.6225280195399551 0.0069112339626935864 -1.6755417617469102 -0.6791220047890261 -1.8676012228609524 
149 1 0.9586499356886135 1.1027875387277828 1.6253992450115164 0.7403938061324269 1.842664705399032 1.2978266240168677 1.0415717944143004 
150 1 1.2775967052310735 1.804748118652696 1.9319347810867171 0.21647768315404597 1.0778372125412183 1.8369944318730205 0.9477275035344536 
151 1 -0.6360839120236865 -0.476623766103272 0.09272156463551318 -0.4122216644200112 0.27476834504051423 -1.2182898126451789 0.4315839036952958 
152 1 -1.8055554003460397 -2.056035070934327 -2.0530271878908914 0.7403938061324269 -0.987197018174878 -0.8588446074077437 -1.7268347865411822 
153 1 0.8523343458411268 1.1027875387277828 1.4210422209613827 0.6356105815367508 1.3837682096843438 1.11810402139815 0.8538832126546068 
154 1 -0.7423995018711731 -0.476623766103272 -0.1116354594146206 -2.403102931737859 -1.5225762631753474 2.1964396371104558 -0.8822361686225604 
155 -1 0.5333875762986668 0.4008269588028695 0.19490007666058007 -0.0978719906329826 -0.22236952531706455 -1.0385672100264614 -0.45993685966324943 
156 1 -0.5297683221761998 -1.0908392735375712 -0.6736172755524885 -2.612669380929211 -1.0254383928177688 1.4775492266355852 -0.5537811505430963 
157 -1 0.3207563966036935 0.5763171037840978 0.14381082064804662 -0.5170048890156873 -0.2988522746028459 0.5789362135419972 0.33773961281544895 
158 -1 0.2144408067562068 0.3130818863122553 0.04163230862297973 -0.307438439824335 -0.3753350238886273 -0.31967679955159084 0.2438953219356021 
159 1 0.4270719864511801 0.664062176274712 0.8590604048235149 0.32126090774972216 1.9956302039705947 1.2978266240168677 1.6515596851333052 
160 -1 0.5333875762986668 0.7518072487653261 0.8590604048235149 0.32126090774972216 1.0395958378983277 0.9383814187794324 1.0415717944143004 
161 1 0.3207563966036935 0.7518072487653261 0.5014356127357807 -0.9361377873983922 -0.9489556435319874 0.21949100830456197 -0.45993685966324943 
162 1 -1.699239810498553 -2.231525215915555 -2.2573842119410252 0.6356105815367508 -1.1019211421035502 -1.5777350178826142 -1.6799126411012588 
163 1 -0.21082155263373983 -0.476623766103272 -0.1116354594146206 -0.6217881136113635 1.116078587184109 0.7586588161607148 0.33773961281544895 
164 -1 -0.42345273232871317 -0.476623766103272 -0.5203495075148882 0.42604413234539834 0.27476834504051423 -1.0385672100264614 0.33773961281544895 
165 -1 0.6397031661461534 0.13759174133102703 0.19490007666058007 -0.9361377873983922 -0.9489556435319874 0.21949100830456197 -0.45993685966324943 
166 1 -0.6360839120236865 -0.476623766103272 -0.3159924834647544 0.6356105815367508 0.9248717139696557 0.39921361092327956 0.3846617582553724 
167 1 -0.42345273232871317 -0.476623766103272 -0.4692602515023547 0.21647768315404597 0.6189407168265303 1.11810402139815 0.6192724854549896 
168 1 -1.061346271413633 -0.8276040560657286 -0.6736172755524885 -0.5170048890156873 -0.3753350238886273 0.7586588161607148 -0.2722482779035557 
169 -1 -0.42345273232871317 -0.476623766103272 -0.16272471542715405 -0.307438439824335 0.5806993421836396 -1.3980124152638966 1.5107932488135347 
170 -1 -1.1676618612611198 -1.4418195635000277 -1.3888668597279568 -1.4600539103767731 -1.7520245110326915 -1.3980124152638966 -1.492224059341565 
171 1 -2.018186580041013 -2.143780143424941 -2.155205699915958 0.7403938061324269 -1.7520245110326915 -1.9371802231200494 -2.1960562409404165 
172 -1 -0.10450596278625317 -0.037898403650201265 -0.00945694738955371 -1.2504874611854206 -1.0636797674606595 -0.31967679955159084 -0.5537811505430963 
173 -1 0.3207563966036935 -0.12564347614081542 -0.00945694738955371 -0.5170048890156873 -0.3370936492457366 -1.3980124152638966 -0.17840398702370883 
174 -1 -0.7423995018711731 -0.3011336211220437 0.09272156463551318 0.21647768315404597 -0.6047832717459714 -1.0385672100264614 -0.2722482779035557 
175 1 0.3207563966036935 0.48857203129348364 0.6547033807733811 0.11169445855836978 1.8044233307561413 1.2978266240168677 1.4638711033736114 
176 1 0.0018096270612334875 0.4008269588028695 0.4503463567232473 0.42604413234539834 0.3512510943262956 0.21949100830456197 0.5254281945751427 
177 -1 -0.21082155263373983 -0.6521139110845003 -0.6736172755524885 -1.8791868087594779 -1.2931280153180036 -0.6791220047890261 -1.069924750382254 
178 -1 0.10812521690872015 0.13759174133102703 0.19490007666058007 -0.5170048890156873 0.9631130886125464 0.7586588161607148 0.8538832126546068 
179 1 0.4270719864511801 0.5763171037840978 0.7057926367859145 -0.5170048890156873 2.263319826470829 1.657271829254303 1.7923261214530755 
180 -1 0.5333875762986668 0.13759174133102703 0.29707858868564696 -0.5170048890156873 -0.7195073956746434 -0.6791220047890261 -0.1314818415837854 
181 -1 -0.21082155263373983 0.2253368138216412 0.3481678446981804 0.11169445855836978 -0.41357639853151795 0.39921361092327956 -0.03763755070393852 
182 1 -0.8487150917186598 -0.9153491285563428 -0.9290635556151557 -0.9361377873983922 -0.7195073956746434 -0.13995419693287325 -0.6945475868628666 
183 -1 -0.10450596278625317 -0.38887869361265787 -0.060546203402087155 0.21647768315404597 -0.41357639853151795 0.03976840568584435 -0.413014714223326 
184 -1 -0.3171371424812265 -0.21338854863142956 0.09272156463551318 -1.0409210119940684 -0.41357639853151795 -1.0385672100264614 0.3846617582553724 
185 1 1.1712811153835867 1.278277683709011 0.9101496608360483 -0.0978719906329826 0.3512510943262956 1.11810402139815 0.3846617582553724 
186 -1 0.2144408067562068 0.2253368138216412 -0.36708173947728784 0.32126090774972216 -0.7577487703175341 -0.4993994021703085 -0.6007032959830197 
187 1 1.70285906462102 1.804748118652696 2.2384703171619176 0.9499602553237793 1.4984923336130158 0.03976840568584435 1.3700268124937645 
188 -1 -0.10450596278625317 -0.38887869361265787 -0.4692602515023547 -1.5648371349724493 -0.9107142688890967 -0.4993994021703085 -0.6945475868628666 
189 -1 1.8091746544685068 1.278277683709011 1.0634174288736487 0.32126090774972216 -0.10764540138839253 -0.6791220047890261 0.33773961281544895 
190 -1 0.6397031661461534 0.7518072487653261 0.19490007666058007 -1.2504874611854206 -0.5665418971030807 1.11810402139815 -0.03763755070393852 
191 -1 0.10812521690872015 0.48857203129348364 0.09272156463551318 -0.8313545628027159 -0.8724728942462061 -0.6791220047890261 -0.3191704233434791 
192 -1 0.10812521690872015 -0.38887869361265787 -0.6225280195399551 -1.3552706857810968 -1.4078521392466756 0.21949100830456197 -0.74146973230279 
193 1 -2.018186580041013 -2.056035070934327 -2.155205699915958 -0.6217881136113635 -1.5608176378182381 -0.8588446074077437 -2.0083676591807227 
194 -1 -0.42345273232871317 -0.037898403650201265 -0.36708173947728784 1.1595267045151316 -1.0254383928177688 -1.2182898126451789 -1.163769041262101 
195 -1 0.10812521690872015 -0.12564347614081542 -0.00945694738955371 0.32126090774972216 -0.10764540138839253 -0.13995419693287325 0.1500510310557552 
196 -1 0.4270719864511801 0.04984666884041288 -0.36708173947728784 2.2073589504718933 0.6954234661123117 -1.3980124152638966 0.7600389217747598 
197 1 -1.061346271413633 -1.5295646359906419 -1.3888668597279568 0.21647768315404597 -0.45181777317440863 -1.2182898126451789 -1.163769041262101 
198 1 0.5333875762986668 0.664062176274712 0.6036141247608476 0.32126090774972216 1.4984923336130158 1.8369944318730205 1.088493939854224 
199 1 -1.2739774511086064 -1.5295646359906419 -1.4910453717530237 -0.20265521522865879 0.42773384361207695 0.03976840568584435 0.6192724854549896 
200 1 0.9586499356886135 1.6292579736714676 1.8297562690616502 -0.4122216644200112 0.3512510943262956 1.11810402139815 1.1354160852941473 
201 1 0.0018096270612334875 0.5763171037840978 1.0634174288736487 1.0547434799194555 2.1485957025421576 1.11810402139815 1.745403976013152 
202 1 -1.4866086308035797 -1.2663294185187994 -1.2866883477028899 0.7403938061324269 -0.643024646388862 0.21949100830456197 -1.2106911867020245 
203 -1 -0.5297683221761998 -0.8276040560657286 -0.6736172755524885 0.5308273569410745 -0.3753350238886273 0.03976840568584435 -0.8353140231826369 
204 1 -1.2739774511086064 -1.003094201046957 -1.2355990916903563 2.2073589504718933 -0.18412815067417387 -1.0385672100264614 -0.6007032959830197 
205 1 -1.699239810498553 -1.4418195635000277 -1.7975809078282243 1.7882260520891888 -0.643024646388862 -0.6791220047890261 -1.4453019139016416 
206 1 0.6397031661461534 1.278277683709011 1.5232207329864496 -0.0978719906329826 1.8044233307561413 2.0167170344917382 1.1823382307340708 
207 1 0.10812521690872015 0.4008269588028695 -0.00945694738955371 2.31214217506757 0.3130097196834049 -0.8588446074077437 0.2438953219356021 
208 1 -0.21082155263373983 -0.38887869361265787 -0.16272471542715405 0.0069112339626935864 0.3130097196834049 0.9383814187794324 0.009284594735984917 
209 1 -0.42345273232871317 -0.037898403650201265 0.3481678446981804 -1.7744035841638017 -1.1019211421035502 1.11810402139815 -0.413014714223326 
210 -1 -0.10450596278625317 0.04984666884041288 0.24598933267311351 -0.6217881136113635 -0.6047832717459714 0.5789362135419972 -0.3191704233434791 
211 -1 0.6397031661461534 0.3130818863122553 0.29707858868564696 -0.8313545628027159 -0.52830052246019 -0.8588446074077437 -0.08455969614386195 
212 1 0.5333875762986668 0.48857203129348364 0.756881892798448 0.0069112339626935864 1.0778372125412183 1.2978266240168677 1.0415717944143004 
213 1 1.38391229507856 0.9272973937465544 0.5525248687483142 -1.5648371349724493 -1.2166452660322222 1.11810402139815 -0.6007032959830197 
214 -1 0.10812521690872015 0.5763171037840978 0.8079711488109814 0.9499602553237793 1.3072854603985624 -0.4993994021703085 2.0269368486526926 
215 -1 0.5333875762986668 -0.21338854863142956 -0.1116354594146206 -2.507886156333535 -1.4460935138895663 -0.31967679955159084 -0.8353140231826369 
216 -1 1.9154902443159934 1.5415129011808535 0.9101496608360483 -0.5170048890156873 -0.41357639853151795 -0.6791220047890261 0.1500510310557552 
217 1 -1.8055554003460397 -1.8805449259530984 -1.8486701638407577 0.5308273569410745 -1.9814727588900356 -1.2182898126451789 -2.1960562409404165 
218 1 -1.2739774511086064 -1.4418195635000277 -1.7975809078282243 1.4738763783021602 -0.7195073956746434 -0.8588446074077437 -1.2576133321419478 
219 1 0.0018096270612334875 -0.12564347614081542 -0.5203495075148882 0.6356105815367508 0.8101475900409837 2.1964396371104558 0.3846617582553724 
220 1 0.6397031661461534 0.9272973937465544 1.3699529649488493 -0.8313545628027159 -0.06940402674550185 1.8369944318730205 0.6192724854549896 
221 1 0.3207563966036935 0.3130818863122553 0.9101496608360483 0.6356105815367508 1.6896992068274692 1.2978266240168677 1.2761825216139175 
222 -1 -0.42345273232871317 -0.38887869361265787 0.09272156463551318 0.0069112339626935864 0.8101475900409837 -0.4993994021703085 0.4315839036952958 
223 -1 2.1281214240109665 1.89249319114331 1.5232207329864496 0.8451770307281031 0.3512510943262956 -0.31967679955159084 0.666194630894913 
224 -1 0.3207563966036935 -0.037898403650201265 -0.36708173947728784 -1.983970033355154 -1.254886640675113 -0.13995419693287325 -0.74146973230279 
225 1 -1.061346271413633 -0.6521139110845003 -0.5203495075148882 0.0069112339626935864 -1.1784038913893315 -0.8588446074077437 -1.398379768461718 
226 1 0.5333875762986668 0.7518072487653261 1.1655959408987155 0.42604413234539834 1.72794058147036 0.39921361092327956 0.994649648974377 
227 1 -1.061346271413633 -1.7927998534624843 -1.7464916518156908 -0.20265521522865879 -1.2931280153180036 -1.7574576205013317 -1.3045354775818712 
228 -1 2.6596993732484 2.2434734811057666 1.67648850102405 -0.0978719906329826 -0.5665418971030807 -0.8588446074077437 -0.2722482779035557 
229 -1 -0.6360839120236865 -0.8276040560657286 -0.9801528116276891 -0.0978719906329826 -0.9489556435319874 -0.8588446074077437 -0.6945475868628666 
230 1 0.2144408067562068 0.13759174133102703 -0.8779742996026223 1.369093153706484 -0.1458867760312832 -1.5777350178826142 -0.08455969614386195 
231 -1 0.0018096270612334875 -0.037898403650201265 0.04163230862297973 -0.307438439824335 0.23652697039762355 -0.13995419693287325 0.2438953219356021 
232 -1 -0.9550306815661465 -0.7398589835751145 -0.9801528116276891 -1.6696203595681254 -1.7902658856755822 -1.2182898126451789 -1.398379768461718 
233 1 -0.9550306815661465 -0.7398589835751145 -0.4692602515023547 -1.1457042365897445 -0.6047832717459714 0.9383814187794324 -0.5537811505430963 
234 -1 0.7460187559936401 0.5763171037840978 0.5014356127357807 -0.4122216644200112 -0.45181777317440863 0.03976840568584435 -0.03763755070393852 
235 -1 -0.10450596278625317 0.13759174133102703 0.04163230862297973 0.5308273569410745 0.16004422111184222 -0.13995419693287325 0.19697317649567866 
236 -1 0.3207563966036935 0.13759174133102703 0.6547033807733811 -0.6217881136113635 0.5806993421836396 -1.0385672100264614 1.6046375396933816 
237 -1 -1.061346271413633 -1.0908392735375712 -1.082331323652756 -0.4122216644200112 -0.2988522746028459 -1.5777350178826142 0.10312888561583179 
238 -1 -1.1676618612611198 -1.003094201046957 -0.9290635556151557 0.6356105815367508 -0.4900591478172993 -0.6791220047890261 -0.6945475868628666 
239 1 -0.5297683221761998 -0.3011336211220437 0.04163230862297973 -0.8313545628027159 -0.6047832717459714 1.11810402139815 -0.5537811505430963 
240 1 0.2144408067562068 0.2253368138216412 0.14381082064804662 0.11169445855836978 1.2690440857556717 0.03976840568584435 0.8069610672146833 
241 -1 -0.5297683221761998 -0.6521139110845003 -0.5714387635274216 -1.983970033355154 -0.987197018174878 -0.4993994021703085 -0.3191704233434791 
242 -1 1.2775967052310735 0.8395523212559403 1.012328172861115 -0.5170048890156873 -0.26061089995995523 -0.13995419693287325 0.33773961281544895 
243 -1 -0.42345273232871317 -0.6521139110845003 -0.6736172755524885 -0.20265521522865879 -0.4900591478172993 -1.0385672100264614 0.1500510310557552 
244 -1 0.10812521690872015 0.3130818863122553 0.14381082064804662 0.8451770307281031 0.8101475900409837 -0.4993994021703085 0.47850604913521927 
245 1 -1.699239810498553 -1.1785843460281853 -1.43995611574049 0.9499602553237793 -0.1458867760312832 -1.0385672100264614 -1.069924750382254 
246 1 -0.5297683221761998 -0.037898403650201265 0.04163230862297973 -1.3552706857810968 -0.7195073956746434 0.39921361092327956 -0.2722482779035557 
247 1 -0.9550306815661465 -0.9153491285563428 -1.184509835677823 0.21647768315404597 -0.1458867760312832 -0.8588446074077437 -0.2722482779035557 
248 1 -1.5929242206510665 -1.7050547809718701 -1.8997594198532912 1.5786596028978364 -1.0254383928177688 -1.5777350178826142 -1.6799126411012588 
249 -1 0.3207563966036935 -0.037898403650201265 -0.16272471542715405 -0.5170048890156873 -0.7577487703175341 0.39921361092327956 -0.3191704233434791 
250 1 -0.6360839120236865 -0.6521139110845003 -0.3159924834647544 -0.20265521522865879 0.0070787225402795 -0.8588446074077437 -0.3191704233434791 
251 1 -0.21082155263373983 0.13759174133102703 -0.00945694738955371 1.997792501280541 0.8101475900409837 1.8369944318730205 0.10312888561583179 
252 1 -0.7423995018711731 -0.6521139110845003 -0.724706531565022 1.0547434799194555 0.08356147182606086 0.03976840568584435 -0.6007032959830197 
253 -1 0.7460187559936401 0.7518072487653261 1.012328172861115 -0.307438439824335 -0.1458867760312832 -0.4993994021703085 0.6192724854549896 
254 -1 -0.10450596278625317 -0.3011336211220437 -0.36708173947728784 0.5308273569410745 -0.643024646388862 -0.6791220047890261 -0.9760804595024072 
255 -1 0.3207563966036935 1.3660227561996252 2.5450058532371185 1.4738763783021602 2.8369404461141894 0.21949100830456197 4.091511248009324 
256 1 0.0018096270612334875 0.4008269588028695 0.6547033807733811 0.7403938061324269 -1.4843348885324568 0.5789362135419972 -1.914523368300876 
257 1 -0.10450596278625317 0.04984666884041288 -0.1116354594146206 1.5786596028978364 0.657182091469421 -0.8588446074077437 -0.1314818415837854 
258 -1 -0.21082155263373983 0.3130818863122553 -0.36708173947728784 0.0069112339626935864 -0.1458867760312832 0.03976840568584435 0.009284594735984917 
259 1 -1.5929242206510665 -1.617309708481256 -2.001937931878358 0.21647768315404597 -1.1784038913893315 -1.5777350178826142 -1.7268347865411822 
260 1 -0.7423995018711731 -0.6521139110845003 -0.4692602515023547 -1.5648371349724493 -0.9489556435319874 1.2978266240168677 -0.6476254414229432 
261 -1 -0.10450596278625317 0.04984666884041288 0.04163230862297973 0.42604413234539834 -0.45181777317440863 -0.6791220047890261 -0.5537811505430963 
262 1 0.5333875762986668 1.1027875387277828 1.0634174288736487 0.9499602553237793 0.19828559575473287 1.4775492266355852 0.009284594735984917 
263 -1 0.0018096270612334875 -0.21338854863142956 -0.16272471542715405 -0.6217881136113635 0.23652697039762355 0.21949100830456197 0.5254281945751427 
264 1 0.0018096270612334875 -0.037898403650201265 0.09272156463551318 0.21647768315404597 1.3837682096843438 0.5789362135419972 0.8069610672146833 
265 -1 -0.21082155263373983 -0.38887869361265787 -0.6225280195399551 -0.4122216644200112 -0.7577487703175341 -0.4993994021703085 -0.9291583140624837 
266 -1 2.6596993732484 2.5067086985776093 1.8808455250741838 0.5308273569410745 0.657182091469421 -0.31967679955159084 0.9477275035344536 
267 1 -1.3802930409560932 -1.5295646359906419 -1.5932238837780905 -0.5170048890156873 -0.10764540138839253 0.7586588161607148 -0.45993685966324943 
268 1 -0.10450596278625317 -0.476623766103272 -0.26490322745222095 -1.0409210119940684 0.19828559575473287 0.5789362135419972 0.33773961281544895 
269 1 -1.4866086308035797 -1.2663294185187994 -1.0312420676402225 0.32126090774972216 -1.2166452660322222 -0.4993994021703085 -1.2576133321419478 
270 1 0.2144408067562068 0.3130818863122553 0.4503463567232473 0.7403938061324269 1.3072854603985624 1.4775492266355852 0.6192724854549896 
271 1 -0.6360839120236865 -0.5643688385938862 -0.6225280195399551 0.7403938061324269 0.7336648407552023 0.39921361092327956 0.009284594735984917 
272 -1 0.7460187559936401 0.664062176274712 0.5525248687483142 0.5308273569410745 0.8483889646838744 -0.6791220047890261 0.8538832126546068 
273 -1 4.0418020412657265 4.524845365861735 4.026594277600588 2.521708624258922 3.142871443257315 0.21949100830456197 3.8569005208097065 
274 -1 1.0649655255361001 0.5763171037840978 0.39925710071071385 -0.8313545628027159 -0.9489556435319874 -0.31967679955159084 -0.6476254414229432 
275 1 -0.42345273232871317 -0.38887869361265787 -0.3159924834647544 -1.983970033355154 -0.7195073956746434 1.2978266240168677 -0.17840398702370883 
276 -1 -0.5297683221761998 -0.7398589835751145 -0.724706531565022 -0.307438439824335 -0.52830052246019 -1.5777350178826142 -0.1314818415837854 
277 1 0.4270719864511801 0.4008269588028695 0.5014356127357807 0.32126090774972216 0.38949246896918627 1.11810402139815 0.33773961281544895 
278 -1 0.0018096270612334875 -0.12564347614081542 0.04163230862297973 0.0069112339626935864 0.3130097196834049 -0.31967679955159084 0.47850604913521927 
279 1 0.6397031661461534 1.0150424662371687 1.114506684886182 -0.20265521522865879 1.2690440857556717 1.11810402139815 1.2761825216139175 
280 -1 -0.21082155263373983 -0.3011336211220437 -0.16272471542715405 0.6356105815367508 -0.10764540138839253 -0.6791220047890261 0.19697317649567866 
281 1 -0.42345273232871317 -0.21338854863142956 -0.060546203402087155 -1.5648371349724493 0.771906215398093 1.11810402139815 1.2761825216139175 
282 1 -1.2739774511086064 -1.3540744910094136 -1.542134627765557 2.31214217506757 -0.7195073956746434 -1.0385672100264614 -1.5391462047814883 
283 1 -0.9550306815661465 -0.5643688385938862 -0.6736172755524885 0.8451770307281031 0.3130097196834049 -1.2182898126451789 -0.45993685966324943 
284 1 0.4270719864511801 0.4008269588028695 0.7057926367859145 0.5308273569410745 2.110354327899267 1.2978266240168677 1.4638711033736114 
285 -1 1.0649655255361001 0.664062176274712 0.8590604048235149 -0.6217881136113635 0.12180284646895152 -1.0385672100264614 0.47850604913521927 
286 -1 0.2144408067562068 -0.037898403650201265 -0.00945694738955371 -0.307438439824335 -0.6812660210317527 0.7586588161607148 -0.17840398702370883 
287 -1 0.0018096270612334875 -0.037898403650201265 0.3481678446981804 -0.20265521522865879 1.230802711112781 0.5789362135419972 1.1354160852941473 
288 1 -0.3171371424812265 0.04984666884041288 0.09272156463551318 1.6834428274935127 1.5749750828987972 0.5789362135419972 0.8538832126546068 
289 1 -0.10450596278625317 0.13759174133102703 0.5525248687483142 -0.20265521522865879 -0.031162652102611176 1.2978266240168677 0.3846617582553724 
290 1 2.6596993732484 3.120924206011908 3.0048091573499196 0.6356105815367508 1.0778372125412183 0.7586588161607148 1.7923261214530755 
291 -1 -0.3171371424812265 -0.5643688385938862 -0.724706531565022 -1.7744035841638017 -2.096196882818708 -0.8588446074077437 -1.914523368300876 
292 -1 0.10812521690872015 -0.037898403650201265 0.29707858868564696 -0.6217881136113635 0.0070787225402795 -0.13995419693287325 0.009284594735984917 
293 1 1.38391229507856 2.418963626086995 3.1069876693749863 2.8360582980459506 3.2958369418288775 1.2978266240168677 2.2615475758523096 
294 -1 -0.3171371424812265 -0.3011336211220437 -0.21381397143968747 0.5308273569410745 0.16004422111184222 0.03976840568584435 -0.22532613246363226 
295 -1 1.1712811153835867 1.89249319114331 1.8297562690616502 1.6834428274935127 1.4220095843272345 0.21949100830456197 1.8861704123329224 
296 -1 0.5333875762986668 0.7518072487653261 0.4503463567232473 -0.307438439824335 -0.3753350238886273 -0.4993994021703085 -0.08455969614386195 
297 1 0.8523343458411268 1.1027875387277828 0.9101496608360483 0.0069112339626935864 1.4602509589701251 0.5789362135419972 1.5107932488135347 
298 1 -2.1245021698885 -2.143780143424941 -2.2062949559284917 -0.307438439824335 -1.0636797674606595 -2.2966254283574847 -1.6799126411012588 
299 1 -1.3802930409560932 -1.4418195635000277 -1.5932238837780905 0.8451770307281031 1.4984923336130158 -0.31967679955159084 -1.398379768461718 
300 -1 0.0018096270612334875 0.04984666884041288 -0.00945694738955371 0.11169445855836978 -0.7195073956746434 -0.6791220047890261 -0.74146973230279 
301 1 -1.9118709901935265 -2.056035070934327 -2.0530271878908914 0.32126090774972216 -1.4078521392466756 -1.5777350178826142 -1.7268347865411822 
302 1 0.10812521690872015 0.3130818863122553 0.5014356127357807 0.6356105815367508 0.27476834504051423 1.2978266240168677 0.4315839036952958 
303 -1 0.6397031661461534 0.8395523212559403 0.6547033807733811 -0.307438439824335 0.3130097196834049 1.11810402139815 1.088493939854224 
304 1 -1.5929242206510665 -1.5295646359906419 -1.542134627765557 1.6834428274935127 -0.6812660210317527 -1.0385672100264614 -1.914523368300876 
305 1 1.4902278849260469 -0.8276040560657286 -0.7757957875775554 0.5308273569410745 0.27476834504051423 -0.31967679955159084 -0.1314818415837854 
306 1 -1.5929242206510665 -1.7927998534624843 -1.7464916518156908 -1.1457042365897445 -1.5225762631753474 -1.3980124152638966 -1.7268347865411822 
307 1 0.2144408067562068 -0.21338854863142956 0.19490007666058007 -0.307438439824335 1.6132164575416879 0.5789362135419972 1.088493939854224 
308 -1 1.1712811153835867 0.5763171037840978 0.39925710071071385 -0.8313545628027159 -1.0636797674606595 -0.8588446074077437 -0.8353140231826369 
309 -1 -1.4866086308035797 -1.7927998534624843 -1.6954023958031574 -0.8313545628027159 -1.8285072603184729 -1.2182898126451789 -1.6329904956613353 
310 1 -1.1676618612611198 -1.0908392735375712 -1.082331323652756 -0.6217881136113635 -0.6047832717459714 -1.0385672100264614 -0.8822361686225604 
311 1 -0.8487150917186598 -0.38887869361265787 -0.5203495075148882 2.521708624258922 0.4659752182549676 0.7586588161607148 -0.2722482779035557 
312 1 0.0018096270612334875 0.4008269588028695 0.5525248687483142 1.369093153706484 2.1485957025421576 1.2978266240168677 1.5577153942534583 
313 1 1.2775967052310735 1.4537678286902393 1.778667013049117 -0.20265521522865879 1.0778372125412183 0.39921361092327956 2.2615475758523096 
314 -1 0.3207563966036935 0.4008269588028695 0.3481678446981804 -0.8313545628027159 -0.9489556435319874 -1.0385672100264614 -0.3191704233434791 
315 1 -1.3802930409560932 -1.2663294185187994 -1.3888668597279568 1.0547434799194555 -0.7577487703175341 -0.4993994021703085 -0.9291583140624837 
316 1 -0.8487150917186598 -0.7398589835751145 -0.9801528116276891 1.369093153706484 0.19828559575473287 -0.13995419693287325 -0.9760804595024072 
317 1 0.0018096270612334875 0.04984666884041288 -0.16272471542715405 0.6356105815367508 1.0395958378983277 0.5789362135419972 0.47850604913521927 
318 -1 1.5965434747735334 1.3660227561996252 0.8590604048235149 -1.4600539103767731 -0.5665418971030807 -0.31967679955159084 -0.03763755070393852 
319 1 -1.2739774511086064 -1.1785843460281853 -1.0312420676402225 -0.4122216644200112 0.38949246896918627 -1.5777350178826142 -0.36609256878340257 
320 -1 0.4270719864511801 0.5763171037840978 0.39925710071071385 -0.307438439824335 -0.031162652102611176 1.2978266240168677 0.29081746737552555 
321 1 -0.8487150917186598 -1.2663294185187994 -1.082331323652756 0.21647768315404597 0.27476834504051423 -0.4993994021703085 0.29081746737552555 
322 -1 -1.061346271413633 -0.8276040560657286 -0.8268850435900889 0.8451770307281031 -0.45181777317440863 -0.6791220047890261 -0.36609256878340257 
323 1 -1.061346271413633 -1.003094201046957 -1.0312420676402225 0.6356105815367508 -0.45181777317440863 0.5789362135419972 -0.6007032959830197 
324 1 -0.21082155263373983 0.04984666884041288 0.39925710071071385 -0.20265521522865879 1.0778372125412183 0.39921361092327956 0.6192724854549896 
325 1 0.6397031661461534 0.8395523212559403 1.2166851969112489 0.7403938061324269 3.104630068614424 1.657271829254303 2.40231401217208 
326 -1 0.3207563966036935 0.3130818863122553 0.6547033807733811 0.11169445855836978 0.5806993421836396 -0.4993994021703085 1.3700268124937645 
327 1 0.10812521690872015 0.664062176274712 1.012328172861115 -1.2504874611854206 -0.643024646388862 1.2978266240168677 0.056206740175908355 
328 1 0.2144408067562068 0.9272973937465544 1.2677744529237824 1.369093153706484 2.186837077185048 0.5789362135419972 1.2761825216139175 
329 1 -1.2739774511086064 -1.0908392735375712 -1.184509835677823 -0.0978719906329826 -0.7577487703175341 -1.2182898126451789 -0.45993685966324943 
330 -1 1.70285906462102 1.0150424662371687 0.39925710071071385 -1.6696203595681254 -0.41357639853151795 0.5789362135419972 0.47850604913521927 
331 -1 0.5333875762986668 -0.037898403650201265 -0.26490322745222095 -1.8791868087594779 -1.3313693899608943 0.03976840568584435 -0.8822361686225604 
332 1 0.4270719864511801 0.7518072487653261 1.114506684886182 0.42604413234539834 1.957388829327704 1.2978266240168677 3.012301902891085 
333 1 -0.21082155263373983 -0.476623766103272 -0.6736172755524885 -0.20265521522865879 -0.9107142688890967 -0.8588446074077437 -0.5068590051031728 
334 -1 2.1281214240109665 1.6292579736714676 1.3188637089363158 -1.2504874611854206 -0.22236952531706455 -0.31967679955159084 0.4315839036952958 
335 -1 0.2144408067562068 -0.12564347614081542 -0.26490322745222095 2.2073589504718933 -0.26061089995995523 -1.5777350178826142 -0.5068590051031728 
336 1 -1.061346271413633 -1.2663294185187994 -1.3377776037154232 -1.4600539103767731 -0.8342315196033154 0.03976840568584435 -0.74146973230279 
337 1 0.7460187559936401 0.48857203129348364 1.1655959408987155 0.32126090774972216 2.0338715786134856 0.21949100830456197 1.2761825216139175 
338 -1 -0.5297683221761998 -1.2663294185187994 -0.9290635556151557 -0.8313545628027159 -1.4460935138895663 -0.6791220047890261 -0.9291583140624837 
339 -1 0.3207563966036935 -0.037898403650201265 -0.4181709954898213 -0.9361377873983922 -2.0197141335329265 -1.5777350178826142 -1.7268347865411822 
340 -1 0.2144408067562068 -0.037898403650201265 -0.16272471542715405 -0.9361377873983922 -0.7959901449604248 0.21949100830456197 -0.5537811505430963 
341 1 -0.42345273232871317 -0.476623766103272 -0.4692602515023547 0.32126090774972216 -0.41357639853151795 1.11810402139815 -0.6476254414229432 
342 -1 -0.8487150917186598 -0.9153491285563428 -0.8779742996026223 -0.7265713382070398 -0.1458867760312832 -1.3980124152638966 0.5254281945751427 
343 -1 0.4270719864511801 0.48857203129348364 0.24598933267311351 0.5308273569410745 0.08356147182606086 -0.6791220047890261 0.2438953219356021 
344 -1 2.02180583416348 1.89249319114331 1.6253992450115164 0.0069112339626935864 0.6189407168265303 0.39921361092327956 0.9477275035344536 
345 -1 0.2144408067562068 -0.21338854863142956 -0.21381397143968747 -1.1457042365897445 -0.18412815067417387 -0.6791220047890261 0.2438953219356021 
346 -1 -1.2739774511086064 -1.1785843460281853 -1.3377776037154232 -0.9361377873983922 -1.5990590124611288 -1.5777350178826142 -1.492224059341565 
347 1 -0.3171371424812265 0.3130818863122553 -0.3159924834647544 -0.5170048890156873 -0.7195073956746434 0.9383814187794324 -0.74146973230279 
348 -1 -0.6360839120236865 -0.9153491285563428 -0.9290635556151557 -1.1457042365897445 -0.6047832717459714 -1.2182898126451789 -0.6007032959830197 
349 1 -1.1676618612611198 -0.9153491285563428 -0.9290635556151557 0.11169445855836978 -0.52830052246019 -0.31967679955159084 -1.1168468958221776 
350 1 -1.8055554003460397 -2.143780143424941 -2.001937931878358 0.32126090774972216 -1.0254383928177688 -0.8588446074077437 -1.7268347865411822 
351 1 0.7460187559936401 0.664062176274712 0.9101496608360483 0.11169445855836978 0.5424579675407489 1.11810402139815 0.19697317649567866 
352 -1 1.0649655255361001 1.190532611218397 0.9101496608360483 1.4738763783021602 1.1543199618269997 0.03976840568584435 0.8538832126546068 
353 1 -0.21082155263373983 -0.476623766103272 -0.36708173947728784 -0.0978719906329826 -0.031162652102611176 -0.6791220047890261 -0.36609256878340257 
354 1 0.7460187559936401 0.7518072487653261 1.0634174288736487 0.6356105815367508 1.8044233307561413 1.657271829254303 1.5107932488135347 
355 -1 -0.42345273232871317 -0.38887869361265787 -0.26490322745222095 -0.7265713382070398 0.0070787225402795 -0.13995419693287325 -0.17840398702370883 
356 1 -1.9118709901935265 -1.7927998534624843 -2.0530271878908914 2.6264918488545983 -0.8724728942462061 -2.1169028257387668 -1.7737569319811055 
357 -1 2.34075260370594 2.5067086985776093 1.9319347810867171 0.6356105815367508 0.7336648407552023 -0.13995419693287325 1.416948957933688 
358 1 -1.1676618612611198 -0.5643688385938862 -0.21381397143968747 -1.0409210119940684 -1.0636797674606595 1.8369944318730205 -0.36609256878340257 
359 1 -0.42345273232871317 -0.6521139110845003 -0.6736172755524885 1.0547434799194555 -0.41357639853151795 -0.6791220047890261 0.19697317649567866 
360 1 -0.5297683221761998 -1.2663294185187994 -1.1334205796652894 0.5308273569410745 0.6954234661123117 -0.13995419693287325 0.056206740175908355 
361 1 -0.9550306815661465 -0.8276040560657286 -1.082331323652756 -0.4122216644200112 -0.7959901449604248 -0.4993994021703085 -1.163769041262101 
362 -1 -0.6360839120236865 -0.3011336211220437 -0.26490322745222095 -0.20265521522865879 0.23652697039762355 -1.0385672100264614 0.666194630894913 
363 -1 0.4270719864511801 -0.21338854863142956 -0.16272471542715405 0.0069112339626935864 0.8483889646838744 0.39921361092327956 1.088493939854224 
364 -1 -0.10450596278625317 0.2253368138216412 -0.00945694738955371 1.0547434799194555 0.5424579675407489 -1.0385672100264614 0.47850604913521927 
365 -1 0.8523343458411268 0.48857203129348364 0.24598933267311351 -1.4600539103767731 -0.6812660210317527 -1.0385672100264614 0.056206740175908355 
366 1 0.5333875762986668 0.3130818863122553 0.5014356127357807 0.32126090774972216 1.3837682096843438 2.0167170344917382 0.666194630894913 
367 -1 -0.9550306815661465 -0.9153491285563428 -0.8779742996026223 -0.20265521522865879 -1.0636797674606595 -0.6791220047890261 -0.9291583140624837 
368 1 -0.8487150917186598 -0.476623766103272 -0.6225280195399551 1.2643099291108078 0.657182091469421 -0.31967679955159084 -0.08455969614386195 
369 1 0.8523343458411268 1.278277683709011 1.5232207329864496 1.369093153706484 1.72794058147036 1.4775492266355852 1.0415717944143004 
370 -1 1.2775967052310735 0.8395523212559403 0.5014356127357807 -0.9361377873983922 0.19828559575473287 -0.6791220047890261 0.9477275035344536 
371 -1 3.29759291233332 1.278277683709011 -0.724706531565022 -1.2504874611854206 -1.4460935138895663 -1.0385672100264614 -1.3514576230217947 
372 -1 -1.2739774511086064 -1.4418195635000277 -1.2355990916903563 -0.7265713382070398 -1.369610764603785 -0.8588446074077437 -1.3045354775818712 
373 -1 -1.2739774511086064 -1.2663294185187994 -1.3888668597279568 -0.6217881136113635 -1.369610764603785 -0.8588446074077437 -1.4453019139016416 
374 1 -1.1676618612611198 -1.0908392735375712 -1.1334205796652894 0.5308273569410745 0.16004422111184222 -0.31967679955159084 -0.5537811505430963 
375 1 0.4270719864511801 0.4008269588028695 0.8590604048235149 0.42604413234539834 1.6514578321845785 1.657271829254303 1.1823382307340708 
376 -1 0.8523343458411268 0.48857203129348364 0.3481678446981804 -0.6217881136113635 -0.45181777317440863 -0.6791220047890261 -0.03763755070393852 
377 -1 0.7460187559936401 0.9272973937465544 0.5525248687483142 0.8451770307281031 -0.22236952531706455 -0.31967679955159084 -0.03763755070393852 
378 1 0.10812521690872015 0.3130818863122553 0.3481678446981804 0.42604413234539834 0.8483889646838744 1.2978266240168677 0.5254281945751427 
379 -1 1.4902278849260469 1.6292579736714676 1.1655959408987155 -1.3552706857810968 -0.41357639853151795 0.03976840568584435 0.29081746737552555 
380 1 1.1712811153835867 1.3660227561996252 1.6253992450115164 0.7403938061324269 2.110354327899267 1.657271829254303 1.6515596851333052 
381 1 1.38391229507856 1.6292579736714676 2.0852025491243174 0.9499602553237793 1.842664705399032 0.7586588161607148 1.3700268124937645 
382 -1 0.10812521690872015 -0.037898403650201265 -0.3159924834647544 -0.0978719906329826 -0.41357639853151795 -0.8588446074077437 -0.2722482779035557 
383 -1 0.6397031661461534 0.3130818863122553 0.29707858868564696 -0.8313545628027159 -0.52830052246019 -0.8588446074077437 -0.08455969614386195 
384 1 -0.42345273232871317 0.13759174133102703 0.04163230862297973 -0.4122216644200112 -0.45181777317440863 1.4775492266355852 -0.45993685966324943 
385 -1 0.3207563966036935 0.4008269588028695 0.5014356127357807 -0.5170048890156873 -0.26061089995995523 -0.4993994021703085 0.2438953219356021 
386 -1 0.0018096270612334875 0.04984666884041288 -0.21381397143968747 -0.4122216644200112 -1.0254383928177688 0.7586588161607148 -1.163769041262101 
387 -1 1.2775967052310735 0.9272973937465544 0.756881892798448 -0.307438439824335 0.3512510943262956 -0.13995419693287325 0.7600389217747598 
388 -1 1.8091746544685068 1.4537678286902393 0.9101496608360483 -0.307438439824335 0.19828559575473287 -0.6791220047890261 0.666194630894913 
389 1 1.8091746544685068 2.594453771068223 2.3917380851995182 0.9499602553237793 1.4220095843272345 0.39921361092327956 1.5107932488135347 
390 -1 -0.5297683221761998 -0.476623766103272 -0.26490322745222095 0.5308273569410745 -0.031162652102611176 0.03976840568584435 -0.3191704233434791 
391 1 0.0018096270612334875 0.3130818863122553 0.5525248687483142 0.0069112339626935864 0.5042165928978583 -0.8588446074077437 0.4315839036952958 
392 1 0.3207563966036935 0.4008269588028695 0.39925710071071385 0.5308273569410745 1.1543199618269997 0.7586588161607148 0.9008053580945302 
393 -1 0.0018096270612334875 -0.3011336211220437 -0.4181709954898213 -1.3552706857810968 -1.1401625167464409 -0.4993994021703085 -0.7883918777427135 
394 -1 -0.10450596278625317 -0.037898403650201265 0.04163230862297973 -0.20265521522865879 0.771906215398093 0.5789362135419972 0.7131167763348364 
395 1 -0.6360839120236865 -0.8276040560657286 -1.3888668597279568 0.9499602553237793 -1.2166452660322222 -1.2182898126451789 -1.2576133321419478 
396 1 -0.42345273232871317 -0.5643688385938862 -0.36708173947728784 0.7403938061324269 -0.6812660210317527 -1.3980124152638966 -0.08455969614386195 
397 -1 -0.6360839120236865 -0.476623766103272 -0.1116354594146206 -1.6696203595681254 -1.5990590124611288 0.21949100830456197 -1.1168468958221776 
398 1 0.0018096270612334875 -0.21338854863142956 0.29707858868564696 0.5308273569410745 1.4220095843272345 1.2978266240168677 0.994649648974377 
399 1 0.6397031661461534 0.664062176274712 1.1655959408987155 -0.5170048890156873 1.230802711112781 1.657271829254303 1.5107932488135347 
400 -1 -0.3171371424812265 -0.5643688385938862 -0.7757957875775554 1.997792501280541 -0.643024646388862 -0.6791220047890261 -0.8822361686225604 
401 1 1.0649655255361001 1.0150424662371687 1.4210422209613827 -0.0978719906329826 1.5367337082559065 0.9383814187794324 1.4638711033736114 
402 1 -0.3171371424812265 -0.3011336211220437 0.09272156463551318 -0.9361377873983922 -0.2988522746028459 2.0167170344917382 -0.3191704233434791 
403 -1 1.1712811153835867 0.48857203129348364 0.29707858868564696 -1.1457042365897445 -0.6047832717459714 -1.5777350178826142 -0.08455969614386195 
404 -1 -0.42345273232871317 -0.12564347614081542 0.14381082064804662 0.21647768315404597 1.1543199618269997 0.03976840568584435 0.7131167763348364 
405 1 0.10812521690872015 -0.037898403650201265 0.09272156463551318 -2.08875325795083 -1.1019211421035502 0.5789362135419972 -0.5537811505430963 
406 -1 1.8091746544685068 1.6292579736714676 1.3188637089363158 -0.307438439824335 0.27476834504051423 -0.6791220047890261 0.7131167763348364 
407 1 -0.8487150917186598 -0.9153491285563428 -0.26490322745222095 -2.7174526055248873 -1.1401625167464409 1.657271829254303 -0.36609256878340257 
408 -1 0.6397031661461534 0.4008269588028695 0.39925710071071385 -0.6217881136113635 0.08356147182606086 -0.13995419693287325 0.33773961281544895 
409 -1 0.2144408067562068 0.4008269588028695 1.4721314769739162 -0.20265521522865879 1.1543199618269997 0.5789362135419972 2.167703284972463 
410 -1 1.5965434747735334 0.5763171037840978 0.24598933267311351 -1.5648371349724493 -0.9489556435319874 1.8369944318730205 -0.5068590051031728 
411 -1 0.4270719864511801 0.5763171037840978 0.6036141247608476 0.21647768315404597 -0.3370936492457366 -0.6791220047890261 0.10312888561583179 
412 -1 0.4270719864511801 0.664062176274712 0.6036141247608476 0.5308273569410745 0.4659752182549676 -0.13995419693287325 0.1500510310557552 
413 1 0.5333875762986668 0.13759174133102703 0.7057926367859145 -0.7265713382070398 1.230802711112781 0.9383814187794324 1.2761825216139175 
414 -1 0.7460187559936401 0.664062176274712 0.8079711488109814 -1.0409210119940684 -0.26061089995995523 0.5789362135419972 0.056206740175908355 
415 -1 0.3207563966036935 -0.037898403650201265 -0.26490322745222095 -0.5170048890156873 -0.6047832717459714 -0.13995419693287325 -0.413014714223326 
416 1 -1.699239810498553 -1.7927998534624843 -2.001937931878358 0.32126090774972216 -1.4843348885324568 -1.5777350178826142 -2.0083676591807227 
417 1 0.6397031661461534 1.3660227561996252 1.3188637089363158 1.0547434799194555 0.3130097196834049 2.0167170344917382 0.29081746737552555 
418 -1 6.2744294280629465 5.753276380730333 3.2091661814000534 0.9499602553237793 0.771906215398093 0.7586588161607148 1.6515596851333052 
419 -1 -0.7423995018711731 -0.5643688385938862 -0.724706531565022 -0.6217881136113635 -0.26061089995995523 -0.31967679955159084 0.1500510310557552 
420 -1 1.9154902443159934 1.9802382636339242 1.8808455250741838 1.893009276684865 0.5424579675407489 1.11810402139815 0.2438953219356021 
421 1 0.3207563966036935 0.2253368138216412 0.19490007666058007 -0.307438439824335 1.230802711112781 1.11810402139815 0.7131167763348364 
422 1 0.8523343458411268 1.0150424662371687 1.0634174288736487 0.7403938061324269 2.3780439503995012 1.2978266240168677 1.6984818305732285 
423 1 -1.1676618612611198 -0.8276040560657286 -0.7757957875775554 0.21647768315404597 -0.4900591478172993 0.5789362135419972 -0.8822361686225604 
424 1 -0.6360839120236865 -0.476623766103272 -0.5714387635274216 0.5308273569410745 -1.1019211421035502 -0.6791220047890261 -1.820679077421029 
425 1 -1.061346271413633 -1.003094201046957 -1.0312420676402225 -0.0978719906329826 -0.52830052246019 -0.6791220047890261 -0.6476254414229432 
426 -1 0.0018096270612334875 0.04984666884041288 0.09272156463551318 -0.8313545628027159 -0.2988522746028459 -0.8588446074077437 0.2438953219356021 
427 -1 -0.21082155263373983 0.04984666884041288 -0.1116354594146206 -0.0978719906329826 -0.1458867760312832 -0.31967679955159084 -0.2722482779035557 
428 1 0.3207563966036935 0.3130818863122553 0.5014356127357807 -0.20265521522865879 1.1925613364698904 1.657271829254303 1.088493939854224 
429 1 0.0018096270612334875 0.4008269588028695 0.756881892798448 -1.5648371349724493 -0.6812660210317527 1.2978266240168677 0.1500510310557552 
430 -1 0.6397031661461534 0.48857203129348364 0.6547033807733811 0.11169445855836978 2.2250784518279385 0.21949100830456197 1.745403976013152 
431 1 0.2144408067562068 0.13759174133102703 0.19490007666058007 0.21647768315404597 1.4984923336130158 0.21949100830456197 1.0415717944143004 
432 -1 -0.9550306815661465 -1.003094201046957 -0.9801528116276891 1.1595267045151316 -0.1458867760312832 0.21949100830456197 -0.6007032959830197 
433 -1 1.9154902443159934 1.5415129011808535 0.9101496608360483 0.32126090774972216 -0.26061089995995523 -0.31967679955159084 0.29081746737552555 
434 -1 -0.21082155263373983 -0.3011336211220437 -0.6225280195399551 0.9499602553237793 0.0070787225402795 -1.2182898126451789 -0.5537811505430963 
435 1 0.3207563966036935 0.48857203129348364 0.8079711488109814 0.21647768315404597 1.5749750828987972 1.8369944318730205 1.1354160852941473 
436 1 -2.018186580041013 -2.056035070934327 -2.155205699915958 2.102575725876217 -0.9489556435319874 -1.7574576205013317 -1.7737569319811055 
437 1 -0.9550306815661465 -1.1785843460281853 -1.2355990916903563 0.21647768315404597 0.771906215398093 -0.4993994021703085 -0.03763755070393852 
438 1 -0.21082155263373983 0.04984666884041288 0.24598933267311351 0.42604413234539834 0.7336648407552023 -1.2182898126451789 0.4315839036952958 
439 -1 -0.6360839120236865 -0.9153491285563428 -1.0312420676402225 0.11169445855836978 -0.7195073956746434 -0.6791220047890261 -0.6007032959830197 
440 -1 0.0018096270612334875 0.2253368138216412 0.09272156463551318 -0.20265521522865879 -0.26061089995995523 0.03976840568584435 -0.03763755070393852 
441 -1 0.4270719864511801 -0.037898403650201265 -0.16272471542715405 -0.8313545628027159 -1.1784038913893315 -0.31967679955159084 -0.6945475868628666 
442 -1 -0.42345273232871317 -0.21338854863142956 0.04163230862297973 0.11169445855836978 0.6189407168265303 1.11810402139815 0.33773961281544895 
443 -1 -0.5297683221761998 -0.5643688385938862 -0.724706531565022 -0.6217881136113635 -0.7577487703175341 -1.5777350178826142 -0.2722482779035557 
444 -1 -0.10450596278625317 -0.38887869361265787 -0.4181709954898213 -0.9361377873983922 -1.369610764603785 -0.13995419693287325 -0.9291583140624837 
445 1 -1.8055554003460397 -1.7927998534624843 -1.8486701638407577 0.42604413234539834 -0.7577487703175341 1.11810402139815 -1.7737569319811055 
446 -1 0.6397031661461534 0.48857203129348364 0.19490007666058007 0.0069112339626935864 -0.7577487703175341 -0.4993994021703085 -0.413014714223326 
447 -1 -0.5297683221761998 -0.8276040560657286 -1.3888668597279568 -0.9361377873983922 -1.5990590124611288 -1.0385672100264614 -1.3045354775818712 
448 -1 0.0018096270612334875 -0.037898403650201265 -0.4181709954898213 -1.1457042365897445 -0.3370936492457366 0.39921361092327956 -0.03763755070393852 
449 1 -0.8487150917186598 -1.003094201046957 -1.0312420676402225 0.6356105815367508 0.3130097196834049 0.7586588161607148 -0.08455969614386195 
450 -1 1.0649655255361001 1.0150424662371687 0.6036141247608476 -0.9361377873983922 0.12180284646895152 -0.4993994021703085 0.9008053580945302 
451 -1 0.10812521690872015 0.3130818863122553 0.4503463567232473 -0.4122216644200112 -0.10764540138839253 0.39921361092327956 0.19697317649567866 
452 -1 0.9586499356886135 0.3130818863122553 0.3481678446981804 -2.08875325795083 -1.0636797674606595 0.21949100830456197 -0.36609256878340257 
453 1 -0.8487150917186598 -0.476623766103272 -0.060546203402087155 -2.2983197071421824 -1.254886640675113 1.11810402139815 -0.6476254414229432 
454 1 -1.061346271413633 -1.0908392735375712 -0.6736172755524885 0.42604413234539834 -0.6047832717459714 -0.4993994021703085 -1.0230026049423306 
455 1 2.02180583416348 1.4537678286902393 0.4503463567232473 0.8451770307281031 -0.5665418971030807 -1.2182898126451789 -0.1314818415837854 
456 1 -2.1245021698885 -1.8805449259530984 -2.001937931878358 1.6834428274935127 -1.2931280153180036 -0.4993994021703085 -1.914523368300876 
457 1 -0.3171371424812265 -0.7398589835751145 -0.4181709954898213 -1.0409210119940684 0.8101475900409837 0.39921361092327956 0.6192724854549896 
458 1 -0.42345273232871317 -0.037898403650201265 0.09272156463551318 0.9499602553237793 0.657182091469421 -0.13995419693287325 0.056206740175908355 
459 1 -0.5297683221761998 -0.5643688385938862 -0.36708173947728784 -0.7265713382070398 -0.7195073956746434 0.5789362135419972 -0.6945475868628666 
460 -1 0.6397031661461534 0.4008269588028695 0.14381082064804662 -0.9361377873983922 -0.45181777317440863 -0.31967679955159084 -0.22532613246363226 
461 -1 0.5333875762986668 -0.037898403650201265 -0.26490322745222095 -1.8791868087594779 -1.2166452660322222 -0.6791220047890261 -0.5068590051031728 
462 -1 -0.10450596278625317 0.04984666884041288 0.09272156463551318 0.11169445855836978 -0.22236952531706455 1.4775492266355852 0.009284594735984917 
463 1 0.4270719864511801 0.4008269588028695 0.29707858868564696 -0.0978719906329826 0.08356147182606086 0.03976840568584435 0.29081746737552555 
464 1 -0.42345273232871317 -0.7398589835751145 -0.6736172755524885 -0.5170048890156873 -0.6812660210317527 0.7586588161607148 -0.9291583140624837 
465 1 0.9586499356886135 1.0150424662371687 1.5232207329864496 1.0547434799194555 1.6132164575416879 1.4775492266355852 1.088493939854224 
466 -1 0.9586499356886135 0.9272973937465544 1.0634174288736487 0.0069112339626935864 0.42773384361207695 -0.6791220047890261 1.1823382307340708 
467 -1 -0.3171371424812265 -0.476623766103272 -0.8268850435900889 -0.8313545628027159 -1.0636797674606595 -0.6791220047890261 -0.8822361686225604 
468 1 0.2144408067562068 0.48857203129348364 0.6036141247608476 -0.20265521522865879 0.5424579675407489 2.0167170344917382 0.9477275035344536 
469 1 -1.1676618612611198 -0.9153491285563428 -1.082331323652756 1.1595267045151316 -0.6047832717459714 -0.13995419693287325 -1.069924750382254 
