id label data 
0 1 -1.8220832809815133 -1.586933353879833 -1.7032290609787128 2.6900364559847865 -1.304562370060932 0.5973961574415803 -1.6808101667332593 
1 1 0.8047187030421793 1.1822120958433644 1.4315483518655434 -0.1717044546373268 1.518744251712727 2.5348972086034607 1.7546919323039525 
2 1 -1.5719116634554473 -2.0129557307603245 -1.5778379644649425 -0.858522273186634 -1.888694774565827 -0.613541999534595 -2.068689435979396 
3 -1 0.4294612767530804 0.4366729363025036 0.4911151280122665 -1.087461546036403 0.5938679445799767 0.5973961574415803 0.6464654487435616 
4 1 -1.4468258546924142 -1.267416571219464 -1.0762735784098616 2.346627546710133 -0.4283637633035895 -0.85572963092983 -1.4037535458431616 
5 1 -0.9464826196402824 -0.5218774116786031 -0.7001002888685508 1.3164008188861722 0.3504794427029371 0.3552085260463452 -0.2401157381047511 
6 -1 0.5545470855161133 0.11715615364213466 -0.0731448062996996 -0.7440526367617495 0.009735540075081721 -0.85572963092983 0.2585861794974248 
7 -1 -0.19596776706208452 -0.09585503479811128 -0.010449258042814484 -0.5151133639119804 -0.28233066217736574 0.5973961574415803 -0.29552706228277065 
8 -1 -0.19596776706208452 -0.4153718174584802 -0.19853590281346986 -1.087461546036403 -0.7691076659314449 -1.3401048937203002 -0.5171723589948488 
9 -1 0.5545470855161133 0.5431785305226265 0.6165062245260368 0.40064372748709587 0.7399010457062004 -0.613541999534595 0.6464654487435616 
10 1 -0.5712251933511835 -0.20236062901823426 -0.19853590281346986 0.5151133639119804 1.567421952088135 -1.097917262325065 0.7018767729215811 
11 -1 -0.19596776706208452 -0.4153718174584802 -0.5120136440978955 -1.4308704553110567 0.2531240419521213 0.11302089465111013 1.311401338879796 
12 1 1.0548903205682452 1.8212456611641021 1.9958082861775095 0.9729919096115185 2.3949428584700696 2.2927095772082255 1.5884579597698938 
13 -1 0.9298045118052123 0.7561897189628725 0.6792017727829218 0.629583000336865 -0.3796860629281816 -0.3713543681393599 -0.01847044139267292 
14 -1 1.0548903205682452 0.8626953131829954 0.4911151280122665 -0.057234818212442265 -0.0876198606757341 0.3552085260463452 -0.07388176557069247 
15 1 -0.5712251933511835 -0.6283830058987261 -0.5120136440978955 -0.1717044546373268 1.1780003490848716 1.0817714202320503 0.3694088278534639 
16 -1 0.4294612767530804 0.3301673420823806 0.30302848324161114 -0.9729919096115185 0.10709094082589755 -0.1291667367441249 0.03694088278534662 
17 1 -1.0715684284033153 -0.9478997885590951 -1.0135780301529764 0.40064372748709587 -0.3796860629281816 0.8395837888368153 -0.3509383864607902 
18 -1 -0.9464826196402824 -0.9478997885590951 -0.7001002888685508 -0.2861740910622113 -0.9151407670576687 -1.3401048937203002 -0.6279950073508879 
19 -1 0.5545470855161133 0.11715615364213466 -0.0731448062996996 -0.057234818212442265 -0.23365296180195785 -1.097917262325065 0.3694088278534639 
20 1 0.1792896592270144 0.4366729363025036 0.5538106762691516 -0.629583000336865 0.05841324045048964 0.8395837888368153 0.8126994212776203 
21 1 -1.9471690897445462 -2.225966919200571 -2.0794023505200236 0.629583000336865 -1.2072069693101162 -1.097917262325065 -1.6808101667332593 
22 -1 1.4301477468573442 0.8626953131829954 0.6165062245260368 -1.2019311824612875 -0.13629756105114202 0.5973961574415803 -0.2401157381047511 
23 -1 1.0548903205682452 0.9692009074031184 0.6792017727829218 0.057234818212442265 -0.0876198606757341 -0.85572963092983 -0.01847044139267292 
24 1 -0.3210535758251175 -0.20236062901823426 -0.3239269993272401 1.3164008188861722 1.6647773528389507 1.0817714202320503 0.6464654487435616 
25 -1 0.8047187030421793 0.8626953131829954 0.6792017727829218 -0.5151133639119804 -0.7691076659314449 -0.613541999534595 -0.129293089748712 
26 -1 0.3043754679900474 0.4366729363025036 0.741897321039807 -0.1717044546373268 0.009735540075081721 0.3552085260463452 0.6464654487435616 
27 1 -1.1966542371663482 -0.9478997885590951 -1.5151424162080573 0.5151133639119804 -2.0834055760674586 -1.3401048937203002 -2.234923408513455 
28 -1 1.5552335556203771 1.3952232842836103 1.6196349966361987 -1.3164008188861722 -0.18497526142654994 0.3552085260463452 0.9235220696336593 
29 -1 1.3050619380943111 1.2887176900634874 1.3688528036086582 -0.5151133639119804 0.6912233453307925 -0.3713543681393599 0.8681107454556398 
