id label data 
0 1 0.3432865195349207 -0.6251972645363977 -0.37010487790855023 0.0 -1.4077902564685805 0.06281982102156107 -1.7677944021121552 
1 1 -1.4804231154943437 -1.6671927054303934 -1.620459195167165 0.0 0.3875697872059248 -0.12563964204311678 0.645271768617278 
2 -1 -0.300375704593055 -0.5383643111285646 -0.6201757413602731 -1.8227483461577212 -1.1085635825228295 -0.6910180312371503 -0.8561916265032582 
3 -1 1.7378880051455345 1.3719606638437607 0.7302069212790306 -0.4206342337287049 -0.5528569023378637 -0.8794774943018281 0.10903484178851502 
4 1 1.630610967790872 2.4139561047377565 2.1806179292990238 1.542325523671918 1.4989831475758566 0.2512792840862389 1.6641219295919274 
5 1 -0.4076527419477176 -0.36469840431289874 -0.17004818714717188 -0.28042282248580325 -0.16813689297904114 -0.12563964204311678 -0.3735783923573716 
6 -1 -0.6222068166570428 -0.36469840431289874 -0.12003401445682729 0.4206342337287049 0.601303125738604 1.0051171363449503 0.3235296125200202 
7 -1 0.8796717063082337 0.503631129765431 0.6801927485886861 -0.5608456449716065 0.045596445553638065 -1.2563964204311837 0.4844006905686491 
8 1 -1.909531264912994 -1.3198608917990615 -1.5704450224768203 1.542325523671918 -0.2536302283921128 -1.2563964204311837 -1.2851811679662686 
9 -1 -0.836760891366368 -0.6251972645363977 -0.27007653252786107 -1.9629597574006228 -1.8780036012404746 0.06281982102156107 -1.338804860649145 
10 -1 0.45056355688958327 0.677297036581097 0.4801360578273077 -0.14021141124290162 0.25932978408631724 1.0051171363449503 1.181508695446041 
11 -1 1.0942257810175589 0.677297036581097 0.8302352666597198 -0.4206342337287049 -0.38187023151172034 -0.3140991051077946 0.3235296125200202 
12 1 -0.4076527419477176 -0.19103249749723278 0.330093539756274 -2.383593991129328 -0.8093369085770787 1.1935765994096281 0.21628222715426762 
13 -1 0.9869487436628963 0.416798176357598 0.23006519437558481 -0.8412684674574098 -1.2795502533489729 -1.067936957366506 -1.0170627045518872 
14 -1 -0.300375704593055 -0.19103249749723278 -0.17004818714717188 0.28042282248580325 -0.03989688985943361 -0.6910180312371503 0.3235296125200202 
15 1 -1.8022542275583315 -1.7540256588382264 -2.1206009220706106 0.5608456449716065 -1.4077902564685805 -1.8217748096252173 -2.035912865526537 
16 1 0.12873244482559543 0.32996522294976505 0.4801360578273077 0.4206342337287049 1.926449824641215 1.1935765994096281 1.6104982369090513 
17 -1 1.9524420798548598 1.4587936172515938 1.1303203028017874 -1.4021141124290164 -0.3391235638051845 -0.5025585681724725 0.4307769978857728 
18 -1 -0.1930986672383924 -0.19103249749723278 -0.12003401445682729 -0.14021141124290162 0.17383644867324557 -0.3140991051077946 0.21628222715426762 
19 1 -1.5877001528490062 -1.5803597520225603 -1.7204875405478541 1.4021141124290164 1.5844764829889282 -0.5025585681724725 -1.6605470167464027 
20 1 0.021455407470932827 0.32996522294976505 0.43012188513696314 0.0 0.5158097903255323 1.9474144516683394 1.020637617397412 
21 1 0.5578405942442459 0.2431322695419321 -0.07001984176648271 0.8412684674574098 -0.8520835762836145 0.6281982102155946 -0.6953205484546293 
22 1 -1.0513149660756933 -1.1461949849833954 -1.1703316409540636 1.121691289943213 0.25932978408631724 0.6281982102155946 -0.15908362162586642 
23 -1 0.6651176315989085 0.32996522294976505 0.18005102168524023 -0.5608456449716065 -0.5956035700443996 -0.8794774943018281 -0.10545992894299014 
24 1 0.6651176315989085 0.9377958968045959 1.2303486481824766 1.121691289943213 1.4562364798693208 1.0051171363449503 0.9133902320316594 
25 1 0.45056355688958327 1.111461803620262 1.3303769935631657 0.14021141124290162 1.926449824641215 1.9474144516683394 1.2887560808117935 
26 1 0.7723946689535711 1.4587936172515938 1.530433684324544 0.4206342337287049 1.2425031413366416 1.5704955255389839 1.0742613100802882 
27 -1 -0.836760891366368 -1.0593620315755625 -0.9702749501926853 1.542325523671918 -0.5101102346313279 -0.8794774943018281 -0.5880731630888768 
28 -1 -0.300375704593055 -0.27786545090506576 -0.22006235983751646 -0.28042282248580325 -0.4246168992182562 0.06281982102156107 -0.6953205484546293 
29 -1 -0.300375704593055 -0.36469840431289874 -0.4701332232892394 -0.14021141124290162 0.13108978096670976 -1.2563964204311837 0.7525191539830305 
