id label data 
0 -1 0.3143435449661766 0.5939555565233823 0.38268524987128666 0.09260847332207951 0.25360445818519295 -0.20730392345848947 0.09855796216735849 
1 1 -0.5177423093560559 -0.559016994374947 0.1985051830883145 -2.2226033597299084 -0.8273325767025158 1.7472759262929987 -0.003398550419563886 
2 1 0.03698159352543243 -0.3493856214843417 -0.2926416616662779 -0.27782541996623855 -0.32843856060049637 0.8588305400423222 -0.6151376259410981 
3 -1 1.007748423568037 0.38432418363277693 0.13711182749399045 -0.46304236661039755 0.25360445818519295 -0.7403711552088953 0.5063840125150479 
4 1 2.394558180771758 1.6421124209764089 1.1807988725974994 -1.2039101531870338 -0.9104815793861857 1.2142086945425927 -0.2582898318868698 
5 1 0.1756625692458045 0.8035869294139876 1.0580121614088511 -1.5743440464753518 -0.49473656596783616 1.9249650035431338 0.0475797058738973 
6 1 1.2851103750087811 1.851743793867014 1.7947324285407398 1.0186932065428747 0.6277749702617075 1.5695868490428633 0.4044274999281256 
7 -1 0.03698159352543243 0.06987712429686893 0.13711182749399045 -0.27782541996623855 -0.24528955791682644 1.2142086945425927 -0.5641593696476369 
8 1 -0.9337852365171722 -0.559016994374947 -0.7837885064208704 1.2039101531870338 -0.24528955791682644 -0.029614846208354195 -0.7680723948214817 
9 -1 -0.656423285076428 -0.3493856214843417 -0.6610017952322222 -1.296518626509113 -1.53409909951371 -1.095749309709166 -1.1249201888757099 
10 1 0.1756625692458045 0.5939555565233823 0.9352254502202031 -0.8334762598987157 -0.49473656596783616 1.0365196172924576 0.0475797058738973 
11 -1 -0.9337852365171722 -1.187911113046763 -1.1521486399868146 -1.1113016798649542 -1.4925245981718749 -1.2734383869593011 -1.2268767014626323 
12 1 1.7011533021698975 1.851743793867014 1.6105523617577677 0.18521694664415903 1.999733514542261 0.6811414627921869 2.0357317013188836 
13 -1 -0.24038035791531176 -0.559016994374947 -0.4768217284492501 1.0186932065428747 0.004157450134183259 -0.56268207795876 -0.10535506300648625 
14 1 -1.2111471879579163 -0.9782797401561576 -0.8451818620151944 2.0373864130857493 -0.12056605389132159 -0.7403711552088953 -1.0229636762887877 
15 -1 0.7303864721272929 0.9084026158592902 0.6896520278429069 0.9260847332207951 1.2929669917310667 -0.38499300070862474 0.9142100628627374 
16 -1 1.1464293992884091 1.1180339887498956 0.7510453834372309 0.7408677865766361 0.5446259675780376 -0.38499300070862474 -0.20731157559340863 
17 -1 0.5917054964069207 0.5939555565233823 0.5668653166542588 0.37043389328831805 0.5862004689198725 0.14807423104178108 0.3534492436346644 
18 -1 -0.24038035791531176 -0.559016994374947 -0.7223951508265463 0.27782541996623855 -0.3700130619423313 -0.56268207795876 -0.2582898318868698 
19 -1 -0.24038035791531176 0.06987712429686893 0.38268524987128666 -0.7408677865766361 1.2513924903892317 -0.56268207795876 2.086709957612345 
20 -1 -0.24038035791531176 -0.03493856214843372 0.38268524987128666 -1.296518626509113 -1.3262265928045351 0.32576330829191635 -0.8190506511149429 
21 1 -2.043233042280149 -1.9216209181638815 -2.0730489739016753 -0.37043389328831805 -1.2846520914627002 -0.7403711552088953 -1.7876375206907054 
22 1 -1.9045520665597768 -1.816805231718579 -2.1344423294959993 1.7595609931195106 -1.0352050834116906 -1.806505618709707 -1.8386157769841667 
23 -1 -0.5177423093560559 -0.559016994374947 -0.5382150840435741 -0.46304236661039755 0.25360445818519295 -1.2734383869593011 0.9651883191561986 
24 1 1.5624723264495253 1.0132183023045929 0.6282586722485829 0.5556508399324771 -0.32843856060049637 0.8588305400423222 -0.20731157559340863 
25 1 -0.5177423093560559 -0.9782797401561576 -0.7837885064208704 0.37043389328831805 0.7109239729453775 -0.38499300070862474 0.7102970376888927 
26 -1 -0.656423285076428 -0.559016994374947 -0.5382150840435741 0.0 -0.7441835740188458 -0.56268207795876 -0.6151376259410981 
27 1 -0.10169938219493967 -0.9782797401561576 -0.8451818620151944 0.6482593132545565 1.1682434877055619 -0.029614846208354195 0.4554057562215868 
28 1 0.5917054964069207 1.2228496751951983 1.7947324285407398 1.1113016798649542 2.74807453869529 1.2142086945425927 2.2906229827861897 
29 -1 -0.7951042607968001 -0.7686483672655523 -0.7837885064208704 -0.18521694664415903 0.08730645281785317 -1.4511274642094365 0.5063840125150479 
