id label data 
0 -1 0.007049608884931827 -0.11808331426685635 0.15881024108203026 -0.4006158028293095 0.9994035237198835 0.06199585503757358 0.9632659731652775 
1 1 0.3276931097802158 0.3252006929649514 0.9341649499659026 0.6460180344679413 1.7381398424698677 1.3367856242476985 1.2936605782230093 
2 -1 0.6483366106754997 0.5025142958576745 0.6757133803379451 0.12270111581931588 2.282471866811961 0.24410867921044857 1.7656528711626263 
3 1 0.9689801115707838 1.6550527146603746 1.8645906006265494 -0.4006158028293095 0.37730978161463374 1.1546728000748234 1.1520628903411243 
4 -1 0.22081194281512115 -0.11808331426685635 -0.25471227032270166 2.2159687904138172 -0.24478396049061601 -1.5770195625183012 -0.4999101349475348 
5 -1 0.3276931097802158 0.6798278987503976 0.6757133803379451 0.12270111581931588 -0.5169499726616628 0.7904471517290735 -0.31111321777168804 
6 1 0.11393077585002649 0.3252006929649514 0.5206424385611707 0.6460180344679413 0.29954806385147753 1.3367856242476985 0.444074450931699 
7 1 0.007049608884931827 -0.2067401157132179 0.31388118285880473 0.5413546507382162 1.4659738302988208 1.3367856242476985 1.0104652024592393 
8 1 -1.1686432277311094 -1.0933081301768335 -1.0817572931321655 -0.6099425702887596 -0.594711690424819 -1.0306810899996763 -0.8775039692992284 
9 1 -2.0236925634518665 -1.979876144640449 -1.9604926298672207 0.8553448019273914 -0.8279968437142877 0.42622150338332354 -1.6326916380026153 
10 1 0.8620989446056891 1.1231119059822052 1.4510680892218175 0.6460180344679413 1.4270929714172427 1.1546728000748234 0.8688675145773542 
11 -1 1.9309106142566357 1.566395913214013 0.9341649499659026 0.33202788327876603 -0.24478396049061601 -0.3022297933081764 0.3024767630498139 
12 1 1.2896236124660678 1.4777391117676515 1.8129002867009578 -0.19128903536985933 1.1160461003646178 0.42622150338332354 2.284844393396205 
13 -1 1.5033859463962571 1.6550527146603746 1.19261651959386 -1.3425862563968352 -0.40030739601692844 0.06199585503757358 0.3024767630498139 
14 -1 0.43457427674531046 0.05923028862586674 -0.3580928981738846 2.2159687904138172 0.7272375115488368 -1.3949067383454263 0.7744690559894308 
15 -1 -1.275524394696204 -1.4479353359622795 -1.23682823490894 -0.7146059540184847 -1.3723288680563812 -0.8485682658268013 -1.3022970329448835 
16 1 0.22081194281512115 0.23654389151858984 0.15881024108203026 0.12270111581931588 1.3104503947725084 0.06199585503757358 0.8216682852833925 
17 1 0.11393077585002649 0.14788709007222828 0.4172618107099877 -0.8192693377482098 0.1829054872067432 0.7904471517290735 0.20807830446189055 
18 1 2.679078783012298 3.162218339248521 3.0534678209151536 0.6460180344679413 1.1160461003646178 0.7904471517290735 1.812852100456588 
19 1 -0.4204750589754468 -0.2067401157132179 -0.04795101462033569 -1.5519130238562853 0.804999229311993 1.1546728000748234 1.2936605782230093 
20 1 0.11393077585002649 0.4138574944113129 0.003739299305255795 2.3206321741435425 0.33842892273305564 -0.8485682658268013 0.2552775337558522 
21 1 -0.5273562259405414 -0.2067401157132179 0.003739299305255795 0.8553448019273914 -0.24478396049061601 0.9725599759019485 -0.5943085935354582 
22 1 -1.596167895591488 -1.536592137408641 -1.5469701184624889 1.692651871765192 -0.6724734081879752 -1.0306810899996763 -1.9158870137663855 
23 1 0.11393077585002649 0.05923028862586674 0.46895212463557917 -2.0752299425049108 -0.8279968437142877 1.3367856242476985 -0.027917842007917904 
24 -1 1.0758612785358783 0.9457983030894822 0.7274036942635366 -0.7146059540184847 -0.40030739601692844 -0.6664554416539263 0.20807830446189055 
25 -1 -0.5273562259405414 -0.6500241229450257 -0.5648541538762506 -1.9705665587751855 -0.9835202792406001 -0.48434261748105134 -0.31111321777168804 
26 -1 1.9309106142566357 1.566395913214013 0.9341649499659026 -0.5052791865590346 -0.40030739601692844 -0.6664554416539263 0.16087907516792885 
27 -1 -0.09983155808016284 -0.29539691715957944 -0.15133164247151867 -0.4006158028293095 0.1440246283251651 -0.3022297933081764 0.2552775337558522 
28 1 0.5414554437104051 -0.4727105200523026 -0.20302195639711015 -0.19128903536985933 -1.1779245736484907 0.24410867921044857 -1.4910939501207303 
29 1 0.007049608884931827 -0.11808331426685635 -0.5131638399506591 0.6460180344679413 0.8438800881935711 2.247349745112073 0.3968752216377373 
30 1 0.5414554437104051 0.3252006929649514 0.5206424385611707 0.33202788327876603 1.4270929714172427 2.0652369209391983 0.6800705974015074 
31 -1 0.5414554437104051 0.4138574944113129 0.3655714967843962 0.12270111581931588 0.29954806385147753 -0.48434261748105134 0.5384729095196223 
32 1 -1.4892867286263933 -1.359278534515918 -1.4952798045368974 0.4366912670084911 -1.1001628558853345 -0.1201169691353014 -1.538293179414692 
33 1 1.1827424455009732 1.3004255088749284 0.9341649499659026 -0.08662565164013426 0.37730978161463374 1.1546728000748234 0.3968752216377373 
34 -1 0.6483366106754997 0.3252006929649514 0.31388118285880473 -0.8192693377482098 -0.5169499726616628 -0.8485682658268013 -0.0751170713018796 
35 1 0.5414554437104051 0.6798278987503976 0.6240230664123536 0.33202788327876603 1.543735548061977 1.8831240967663234 1.1048636610471627 
36 -1 0.9689801115707838 0.8571415016431206 0.8824746360403111 -0.5052791865590346 0.41619064049621185 -0.48434261748105134 0.6328713681075457 
37 -1 0.9689801115707838 0.9457983030894822 1.089235891742677 0.018037732089590808 0.45507149937778996 -0.6664554416539263 1.199262119635086 
38 1 -0.8479997268358255 -0.4727105200523026 -0.616544467801842 1.2739983368462917 0.6883566526672587 -0.3022297933081764 -0.0751170713018796 
39 -1 -0.5273562259405414 -0.4727105200523026 -0.25471227032270166 0.5413546507382162 -0.01149880720114735 0.06199585503757358 -0.31111321777168804 
40 -1 0.11393077585002649 -0.02942651282049481 0.5723327524867622 -0.8192693377482098 0.02738205168043076 0.06199585503757358 0.16087907516792885 
41 -1 -0.20671272504525748 0.3252006929649514 -0.3580928981738846 0.018037732089590808 -0.1281413838458817 0.06199585503757358 0.019281387286043783 
42 1 0.7552177776405944 0.8571415016431206 1.2443068335194516 -0.5052791865590346 0.9994035237198835 1.3367856242476985 1.1520628903411243 
43 -1 0.22081194281512115 0.05923028862586674 0.15881024108203026 0.018037732089590808 -1.0224011381221783 -0.6664554416539263 -0.92470319859319 
44 1 0.6483366106754997 0.9457983030894822 1.399377775296226 -0.8192693377482098 -0.05037966608272546 1.8831240967663234 0.6328713681075457 
45 1 -0.5273562259405414 -0.5613673214986641 -0.3580928981738846 -0.7146059540184847 -0.7113542670695534 0.6083343275561985 -0.6887070521233816 
46 -1 -0.09983155808016284 0.14788709007222828 0.05542961323084728 0.5413546507382162 0.1829054872067432 -0.1201169691353014 0.20807830446189055 
47 -1 -0.4204750589754468 -0.11808331426685635 0.15881024108203026 0.22736449954904095 1.193807818127774 0.06199585503757358 0.7272698266954691 
48 1 -0.8479997268358255 -0.7386809243913872 -1.3918991766857143 1.797315255494917 0.6105949349041024 -1.5770195625183012 -0.12231630059584128 
49 -1 0.007049608884931827 -0.02942651282049481 -0.4097832120994761 -1.133259488937385 -0.32254567825377223 0.42622150338332354 -0.027917842007917904 
50 1 -0.4204750589754468 -0.384053718605941 -0.5131638399506591 1.1693349531165667 1.193807818127774 0.6083343275561985 0.444074450931699 
51 -1 -0.20671272504525748 -0.29539691715957944 -0.616544467801842 0.9600081856571164 0.02738205168043076 -1.2127939141725512 -0.5471093642414965 
52 -1 0.5414554437104051 0.14788709007222828 -0.04795101462033569 0.018037732089590808 0.10514376944358698 -0.3022297933081764 -0.12231630059584128 
53 1 -1.275524394696204 -1.359278534515918 -1.5469701184624889 2.3206321741435425 -0.7113542670695534 -1.0306810899996763 -1.538293179414692 
54 -1 -0.9548808938009201 -1.004651328730472 -0.9783766652809824 1.1693349531165667 -0.1281413838458817 0.24410867921044857 -0.5943085935354582 
55 -1 0.3276931097802158 0.3252006929649514 0.10711992715643877 -0.08662565164013426 -0.01149880720114735 0.06199585503757358 0.2552775337558522 
56 1 -0.20671272504525748 0.05923028862586674 0.5206424385611707 -0.8192693377482098 0.22178634608832132 0.9725599759019485 -0.12231630059584128 
57 -1 0.11393077585002649 0.14788709007222828 0.3655714967843962 -0.19128903536985933 -0.1281413838458817 0.06199585503757358 0.444074450931699 
58 1 -0.6342373929056361 -0.4727105200523026 -0.5648541538762506 0.5413546507382162 -1.1001628558853345 -0.6664554416539263 -1.821488555178462 
59 -1 1.824029447291541 1.6550527146603746 1.19261651959386 -0.2959524190995844 -0.01149880720114735 -0.48434261748105134 0.4912736802256607 
60 -1 -0.20671272504525748 0.14788709007222828 0.31388118285880473 -0.08662565164013426 0.29954806385147753 0.24410867921044857 0.6800705974015074 
61 -1 0.5414554437104051 -0.02942651282049481 -0.25471227032270166 -1.8659031750454604 -1.2168054325300688 -0.6664554416539263 -0.4999101349475348 
62 1 -0.20671272504525748 -0.02942651282049481 0.5206424385611707 -1.9705665587751855 -0.6335925493063971 1.3367856242476985 0.2552775337558522 
63 -1 -0.09983155808016284 -0.02942651282049481 0.003739299305255795 -1.23792287266711 -1.0612819970037564 -0.3022297933081764 -0.5471093642414965 
64 1 0.7552177776405944 1.0344551045358437 1.19261651959386 0.12270111581931588 1.9714249957593364 1.5188984484205734 1.6240551832807413 
65 1 -1.7030490625565826 -1.8025625417477258 -2.1672538855695866 0.4366912670084911 -1.2168054325300688 -1.7591323866911763 -1.9158870137663855 
66 -1 -0.20671272504525748 -0.29539691715957944 -0.823305723504208 2.5299589416029926 -0.05037966608272546 0.24410867921044857 -0.40551167635961144 
67 -1 -0.4204750589754468 -0.4727105200523026 -0.15133164247151867 -0.2959524190995844 0.6105949349041024 -1.3949067383454263 1.5296567246928179 
68 1 -0.20671272504525748 -0.2067401157132179 -0.15133164247151867 0.7506814181976663 1.7381398424698677 1.1546728000748234 0.444074450931699 
69 -1 0.22081194281512115 0.3252006929649514 0.05542961323084728 -0.2959524190995844 -0.36142653713535033 -0.3022297933081764 0.2552775337558522 
70 -1 0.22081194281512115 0.3252006929649514 0.46895212463557917 0.5413546507382162 -0.594711690424819 -0.8485682658268013 -0.5471093642414965 
71 1 0.007049608884931827 0.05923028862586674 -0.15133164247151867 0.6460180344679413 1.0771652414830397 0.6083343275561985 0.4912736802256607 
72 -1 -0.5273562259405414 -0.7386809243913872 -0.719925095653025 -0.2959524190995844 -0.5169499726616628 -1.5770195625183012 -0.12231630059584128 
73 1 -1.0617620607660148 -1.8025625417477258 -1.7537313741648548 -0.19128903536985933 -1.294567150293225 -1.7591323866911763 -1.3022970329448835 
74 1 -1.275524394696204 -1.4479353359622795 -1.8054216880904463 1.4833251043057418 -0.7113542670695534 -0.8485682658268013 -1.2550978036509217 
75 1 0.9689801115707838 1.0344551045358437 1.5544487170730004 1.0646715693868416 1.6603781247067113 1.5188984484205734 1.1048636610471627 
76 1 -0.6342373929056361 -0.5613673214986641 -0.616544467801842 0.7506814181976663 0.7661183704304149 0.42622150338332354 0.019281387286043783 
77 1 0.9689801115707838 0.6798278987503976 1.0375455778170855 0.12270111581931588 2.6712804556277425 1.8831240967663234 1.8600513297505497 
78 1 0.43457427674531046 0.7684847001967591 1.1409262056682685 0.4366912670084911 2.0103058546409143 1.3367856242476985 3.0400320620995918 
79 -1 -0.31359389201035215 -0.4727105200523026 -0.823305723504208 -1.23792287266711 -1.0224011381221783 1.3367856242476985 -0.6887070521233816 
80 1 -0.4204750589754468 -0.384053718605941 -0.30640258424829314 0.12270111581931588 0.1829054872067432 1.3367856242476985 -0.0751170713018796 
81 -1 2.8928411169424875 2.0096799204458207 1.3476874613706344 0.5413546507382162 0.5328332171409462 -0.8485682658268013 1.1048636610471627 
82 -1 0.3276931097802158 -0.11808331426685635 0.003739299305255795 -0.5052791865590346 -0.32254567825377223 -1.3949067383454263 -0.16951552988980298 
83 1 1.0758612785358783 1.0344551045358437 1.4510680892218175 -0.08662565164013426 1.582616406943555 0.9725599759019485 1.482457495398856 
84 -1 -0.4204750589754468 -0.2067401157132179 0.21050055500762174 -0.19128903536985933 0.6883566526672587 0.24410867921044857 0.6800705974015074 
85 1 -0.31359389201035215 -0.4727105200523026 -0.616544467801842 1.4833251043057418 0.02738205168043076 -1.5770195625183012 -0.16951552988980298 
86 1 -0.31359389201035215 0.14788709007222828 0.3655714967843962 -0.4006158028293095 -0.40030739601692844 0.24410867921044857 -0.40551167635961144 
87 -1 -0.5273562259405414 -0.5613673214986641 -0.719925095653025 -0.6099425702887596 -0.7502351259511315 -1.5770195625183012 -0.26391398847772635 
88 1 -0.8479997268358255 -0.9159945272841103 -0.926686351355391 -0.9239327214779348 -0.7113542670695534 -0.1201169691353014 -0.6887070521233816 
89 -1 0.007049608884931827 -0.11808331426685635 0.05542961323084728 0.018037732089590808 0.33842892273305564 -0.3022297933081764 0.4912736802256607 
90 -1 0.7552177776405944 0.8571415016431206 0.7790940081891281 0.22736449954904095 0.7272375115488368 0.7904471517290735 1.5296567246928179 
91 1 -1.1686432277311094 -1.004651328730472 -1.4952798045368974 0.4366912670084911 -1.8000183157537404 -1.2127939141725512 -2.0102854723543087 
92 -1 -0.09983155808016284 -0.2067401157132179 -0.30640258424829314 -0.2959524190995844 0.22178634608832132 -1.0306810899996763 0.7272698266954691 
93 -1 0.7552177776405944 0.591171097304036 0.31388118285880473 0.018037732089590808 -0.2059031016090379 -0.8485682658268013 -0.12231630059584128 
94 -1 -0.6342373929056361 -0.29539691715957944 -0.25471227032270166 -0.19128903536985933 0.2606672049698994 -1.0306810899996763 0.6800705974015074 
95 1 1.3965047794311625 0.9457983030894822 0.5723327524867622 -1.5519130238562853 -1.2168054325300688 1.1546728000748234 -0.5943085935354582 
96 1 -1.3824055616612987 -1.2706217330695564 -1.3918991766857143 1.0646715693868416 -0.7502351259511315 -0.48434261748105134 -0.92470319859319 
97 1 0.007049608884931827 0.23654389151858984 0.5723327524867622 -0.6099425702887596 0.22178634608832132 1.1546728000748234 0.20807830446189055 
98 -1 0.3276931097802158 0.591171097304036 0.15881024108203026 -0.5052791865590346 -0.2836648193721941 0.6083343275561985 0.3496759923437756 
99 1 -1.8099302295216775 -1.7139057403013642 -1.8054216880904463 0.7506814181976663 -0.8668777025958658 -0.3022297933081764 -1.5854924087086537 
100 -1 -0.31359389201035215 -0.29539691715957944 -0.25471227032270166 -0.5052791865590346 -0.36142653713535033 0.24410867921044857 -0.35831244706564974 
101 -1 -0.5273562259405414 -1.2706217330695564 -0.926686351355391 -0.8192693377482098 -1.4500905858195374 -0.6664554416539263 -0.92470319859319 
102 -1 -0.4204750589754468 -0.4727105200523026 -0.5131638399506591 0.4366912670084911 0.29954806385147753 -1.0306810899996763 0.3496759923437756 
103 1 0.3276931097802158 0.7684847001967591 0.5206424385611707 -0.9239327214779348 -0.944639420359022 0.24410867921044857 -0.4527109056535731 
104 -1 0.3276931097802158 0.14788709007222828 0.6757133803379451 -0.6099425702887596 0.6105949349041024 -1.0306810899996763 1.6240551832807413 
105 -1 -0.6342373929056361 -0.4727105200523026 -0.09964132854592718 -1.6565764075860103 -1.6056140213458499 0.24410867921044857 -1.1135001157690367 
106 -1 0.3276931097802158 0.3252006929649514 0.6757133803379451 0.12270111581931588 0.6105949349041024 -0.48434261748105134 1.3880590368109327 
107 -1 0.43457427674531046 0.5025142958576745 0.21050055500762174 0.6460180344679413 0.1440246283251651 -0.48434261748105134 -0.5471093642414965 
108 -1 0.007049608884931827 -0.02942651282049481 0.3655714967843962 -0.19128903536985933 1.2715695358909302 0.6083343275561985 1.1520628903411243 
109 1 -0.7411185598707308 -0.4727105200523026 -0.09964132854592718 -2.3892200936940857 -1.5278523035826936 2.247349745112073 -0.8775039692992284 
110 1 0.43457427674531046 0.591171097304036 0.7274036942635366 -0.5052791865590346 2.321352725693539 1.7010112725934485 1.812852100456588 
111 1 -1.0617620607660148 -1.004651328730472 -1.030066979206574 0.6460180344679413 -0.43918825489850655 0.6083343275561985 -0.5943085935354582 
112 1 0.3276931097802158 0.591171097304036 0.46895212463557917 0.5413546507382162 0.41619064049621185 1.5188984484205734 0.3968752216377373 
113 -1 0.43457427674531046 0.3252006929649514 -0.04795101462033569 0.018037732089590808 -0.32254567825377223 0.6083343275561985 -0.31111321777168804 
114 1 0.3276931097802158 0.9457983030894822 1.1409262056682685 0.5413546507382162 1.193807818127774 0.7904471517290735 1.3880590368109327 
115 1 -0.09983155808016284 -0.4727105200523026 -0.25471227032270166 -1.02859610520766 0.22178634608832132 0.6083343275561985 0.3496759923437756 
116 1 -0.4204750589754468 -0.4727105200523026 -0.4614735260250676 0.33202788327876603 -0.40030739601692844 1.1546728000748234 -0.6415078228294199 
117 -1 0.007049608884931827 0.14788709007222828 0.15881024108203026 -0.8192693377482098 0.1440246283251651 0.06199585503757358 0.444074450931699 
118 -1 1.0758612785358783 0.6798278987503976 0.31388118285880473 -1.133259488937385 -0.40030739601692844 0.06199585503757358 -0.12231630059584128 
119 1 0.7552177776405944 1.3004255088749284 1.1409262056682685 0.12270111581931588 0.02738205168043076 -0.3022297933081764 -0.16951552988980298 
120 1 1.3965047794311625 1.6550527146603746 2.123042170254507 0.9600081856571164 1.8936632779961802 0.7904471517290735 1.3880590368109327 
121 1 1.1827424455009732 1.6550527146603746 2.0713518563289153 1.5879884880354669 2.1269484312856486 1.5188984484205734 1.3880590368109327 
122 -1 1.5033859463962571 2.0983367218921822 2.2781131120312814 1.692651871765192 1.154926959246196 0.42622150338332354 1.1048636610471627 
123 -1 0.6483366106754997 0.8571415016431206 0.6757133803379451 -0.2959524190995844 0.33842892273305564 1.1546728000748234 1.1048636610471627 
124 -1 0.8620989446056891 0.5025142958576745 0.26219086893321325 -1.4472496401265602 -0.6724734081879752 -1.0306810899996763 0.06648061658000547 
125 -1 -0.31359389201035215 -1.0933081301768335 -1.0817572931321655 -1.5519130238562853 -1.1001628558853345 -0.8485682658268013 -0.6887070521233816 
126 -1 -1.3824055616612987 -1.4479353359622795 -1.4435894906113058 0.018037732089590808 -0.8279968437142877 -1.5770195625183012 -0.6415078228294199 
127 -1 0.5414554437104051 -0.02942651282049481 -0.25471227032270166 -1.8659031750454604 -1.333448009174803 0.06199585503757358 -0.8775039692992284 
128 -1 -0.31359389201035215 -0.5613673214986641 -0.6682347817274336 -1.3425862563968352 0.06626291056200888 -0.1201169691353014 1.0104652024592393 
129 -1 0.8620989446056891 0.6798278987503976 0.6240230664123536 -0.08662565164013426 -0.24478396049061601 -0.6664554416539263 0.3024767630498139 
130 -1 0.7552177776405944 0.7684847001967591 0.4172618107099877 0.12270111581931588 0.1440246283251651 -0.6664554416539263 0.585672138813584 
131 -1 0.7552177776405944 0.6798278987503976 0.8307843221147196 -1.02859610520766 -0.24478396049061601 0.6083343275561985 0.06648061658000547 
132 -1 -0.4204750589754468 -0.5613673214986641 -0.4097832120994761 -0.7146059540184847 -0.01149880720114735 -0.6664554416539263 0.8216682852833925 
133 -1 0.22081194281512115 -0.02942651282049481 0.10711992715643877 -0.4006158028293095 -0.32254567825377223 -0.8485682658268013 0.11367984587396716 
134 -1 -0.31359389201035215 -0.29539691715957944 -0.15133164247151867 -1.02859610520766 -1.1001628558853345 0.06199585503757358 -0.783105510711305 
135 1 0.43457427674531046 0.4138574944113129 0.7790940081891281 0.8553448019273914 2.3991144434566953 2.0652369209391983 1.9072505590445112 
136 1 -1.7030490625565826 -1.4479353359622795 -1.8054216880904463 1.797315255494917 -0.6335925493063971 -0.6664554416539263 -1.4438947208267685 
137 -1 4.0685339535585285 4.580727162390306 4.087274099426983 2.5299589416029926 3.215612479969836 0.24410867921044857 3.889618189390902 
138 -1 -0.20671272504525748 -0.8273377258377488 -0.616544467801842 -0.08662565164013426 -0.5169499726616628 -1.0306810899996763 -0.4527109056535731 
139 1 -1.1686432277311094 -0.8273377258377488 -0.7716154095786165 0.22736449954904095 -0.4780691137800847 0.6083343275561985 -0.8775039692992284 
140 -1 -0.4204750589754468 -0.384053718605941 -0.25471227032270166 -0.7146059540184847 0.02738205168043076 -0.1201169691353014 -0.16951552988980298 
141 -1 0.8620989446056891 1.1231119059822052 0.6757133803379451 0.018037732089590808 0.1440246283251651 0.06199585503757358 0.8216682852833925 
142 1 -0.4204750589754468 -0.7386809243913872 -0.6682347817274336 -0.5052791865590346 -0.6724734081879752 0.7904471517290735 -0.92470319859319 
143 1 -2.0236925634518665 -2.0685329460868105 -2.1672538855695866 2.1113054066840924 -0.944639420359022 -1.7591323866911763 -1.7742893258845005 
144 -1 0.3276931097802158 -0.02942651282049481 -0.25471227032270166 -0.5052791865590346 -0.594711690424819 -0.1201169691353014 -0.40551167635961144 
145 1 -1.8099302295216775 -2.157189747533172 -2.012182943792812 0.33202788327876603 -1.0224011381221783 -0.8485682658268013 -1.7270900965905387 
146 -1 0.43457427674531046 0.591171097304036 0.6240230664123536 0.22736449954904095 -0.32254567825377223 -0.6664554416539263 0.11367984587396716 
147 -1 0.5414554437104051 -0.2067401157132179 -0.09964132854592718 -2.493883477423811 -1.4500905858195374 -0.3022297933081764 -0.8303047400052667 
148 1 -0.4204750589754468 -0.5613673214986641 -0.3580928981738846 0.7506814181976663 -0.6724734081879752 -1.3949067383454263 -0.0751170713018796 
149 1 -1.0617620607660148 -1.004651328730472 -1.0817572931321655 0.33202788327876603 -0.43918825489850655 0.42622150338332354 -0.40551167635961144 
150 -1 1.824029447291541 1.6550527146603746 1.3476874613706344 -0.2959524190995844 0.29954806385147753 -0.6664554416539263 0.7272698266954691 
151 1 0.11393077585002649 0.3252006929649514 0.3655714967843962 0.4366912670084911 0.8827609470751492 1.3367856242476985 0.5384729095196223 
152 -1 0.6483366106754997 0.5025142958576745 0.21050055500762174 0.018037732089590808 -0.7502351259511315 -0.48434261748105134 -0.40551167635961144 
153 -1 -0.20671272504525748 -0.384053718605941 -0.616544467801842 -0.4006158028293095 -0.7502351259511315 -0.48434261748105134 -0.92470319859319 
154 1 -1.8099302295216775 -2.0685329460868105 -2.0638732577184036 0.7506814181976663 -0.9835202792406001 -0.8485682658268013 -1.7270900965905387 
155 -1 -0.7411185598707308 -0.6500241229450257 -0.7716154095786165 0.4366912670084911 -0.05037966608272546 0.42622150338332354 -0.5471093642414965 
156 -1 0.43457427674531046 -0.2067401157132179 -0.15133164247151867 0.018037732089590808 0.8827609470751492 0.42622150338332354 1.1048636610471627 
157 1 0.007049608884931827 0.3252006929649514 0.5723327524867622 0.018037732089590808 0.5328332171409462 -0.8485682658268013 0.444074450931699 
158 -1 0.007049608884931827 -0.29539691715957944 -0.4097832120994761 -1.3425862563968352 -1.1390437147669126 -0.48434261748105134 -0.783105510711305 
159 1 -1.596167895591488 -1.7139057403013642 -1.9088023159416292 1.5879884880354669 -1.0224011381221783 -1.5770195625183012 -1.679890867296577 
160 1 0.22081194281512115 0.14788709007222828 -0.8749960374297995 1.3786617205760168 -0.1281413838458817 -1.5770195625183012 -0.0751170713018796 
161 -1 0.8620989446056891 0.7684847001967591 0.6240230664123536 -0.5052791865590346 -0.2059031016090379 -0.48434261748105134 -0.16951552988980298 
162 -1 1.7171482803264464 1.0344551045358437 0.4172618107099877 -1.6565764075860103 -0.40030739601692844 0.6083343275561985 0.4912736802256607 
163 -1 0.11393077585002649 0.3252006929649514 0.15881024108203026 0.8553448019273914 0.8438800881935711 -0.48434261748105134 0.4912736802256607 
164 1 -1.3824055616612987 -1.0933081301768335 -1.030066979206574 -0.5052791865590346 -1.255686291411647 -0.1201169691353014 -1.2078985743569601 
165 1 -1.7030490625565826 -2.2458465489795336 -2.2706345134207697 0.6460180344679413 -1.1001628558853345 -1.5770195625183012 -1.679890867296577 
166 1 -0.20671272504525748 -0.4727105200523026 -0.09964132854592718 -0.6099425702887596 1.154926959246196 0.7904471517290735 0.3496759923437756 
167 -1 0.7552177776405944 0.9457983030894822 0.5723327524867622 0.8553448019273914 -0.2059031016090379 -0.3022297933081764 -0.027917842007917904 
168 -1 -0.09983155808016284 -0.2067401157132179 -0.5648541538762506 0.22736449954904095 -0.8668777025958658 -1.0306810899996763 -0.4999101349475348 
169 1 -0.6342373929056361 -0.7386809243913872 -0.6682347817274336 -0.19128903536985933 0.804999229311993 0.6083343275561985 0.20807830446189055 
170 -1 0.11393077585002649 0.14788709007222828 0.21050055500762174 -0.5052791865590346 0.9994035237198835 0.7904471517290735 0.8688675145773542 
171 -1 -0.31359389201035215 -0.5613673214986641 -0.4097832120994761 -1.02859610520766 -0.7502351259511315 -1.2127939141725512 -0.5471093642414965 
172 1 -1.4892867286263933 -1.2706217330695564 -1.2885185488345314 0.7506814181976663 -0.6335925493063971 0.24410867921044857 -1.2078985743569601 
173 -1 1.6102671133613518 1.38908231032129 0.8824746360403111 -1.4472496401265602 -0.5558308315432409 -0.3022297933081764 -0.027917842007917904 
174 1 0.3276931097802158 0.4138574944113129 1.089235891742677 -0.7146059540184847 0.1829054872067432 2.6115753934578234 0.3024767630498139 
175 -1 -0.09983155808016284 -0.02942651282049481 0.003739299305255795 0.018037732089590808 0.06626291056200888 -0.48434261748105134 0.3496759923437756 
176 -1 -0.4204750589754468 -0.384053718605941 -0.30640258424829314 -0.5052791865590346 -0.594711690424819 1.1546728000748234 -0.8775039692992284 
177 1 -1.275524394696204 -1.004651328730472 -0.9783766652809824 1.5879884880354669 -0.5169499726616628 0.24410867921044857 -1.2078985743569601 
178 -1 0.22081194281512115 0.23654389151858984 -0.3580928981738846 0.33202788327876603 -0.7502351259511315 -0.48434261748105134 -0.5943085935354582 
179 1 0.7552177776405944 0.591171097304036 0.7274036942635366 0.018037732089590808 -1.0612819970037564 -0.3022297933081764 -0.92470319859319 
180 -1 -0.5273562259405414 -0.4727105200523026 -0.3580928981738846 0.33202788327876603 -0.24478396049061601 -1.2127939141725512 -0.5471093642414965 
181 1 -1.8099302295216775 -1.8025625417477258 -1.8571120020160377 0.4366912670084911 -0.7502351259511315 1.1546728000748234 -1.7742893258845005 
182 -1 -1.0617620607660148 -0.8273377258377488 -0.823305723504208 0.8553448019273914 -0.43918825489850655 -0.6664554416539263 -0.35831244706564974 
183 -1 -0.20671272504525748 -0.2067401157132179 0.26219086893321325 0.8553448019273914 0.4939523582593681 -1.3949067383454263 0.9160667438713159 
184 1 -1.8099302295216775 -1.979876144640449 -2.012182943792812 2.1113054066840924 -1.0224011381221783 -1.5770195625183012 -1.8686877844724237 
185 1 0.5414554437104051 0.7684847001967591 0.9341649499659026 -0.19128903536985933 1.0771652414830397 1.7010112725934485 1.3880590368109327 
186 -1 -0.09983155808016284 0.05923028862586674 0.26219086893321325 -0.6099425702887596 -0.594711690424819 0.6083343275561985 -0.31111321777168804 
187 -1 2.0377917812217303 1.9210231189994593 1.6578293449241834 0.018037732089590808 0.6494757937856805 0.42622150338332354 0.9632659731652775 
188 -1 0.9689801115707838 0.591171097304036 -0.15133164247151867 0.33202788327876603 -1.1390437147669126 -1.0306810899996763 -1.1135001157690367 
189 1 -1.275524394696204 -1.004651328730472 -1.23682823490894 2.2159687904138172 -0.1670222427274598 -1.0306810899996763 -0.5943085935354582 
190 -1 0.3276931097802158 -0.02942651282049481 -0.15133164247151867 -0.5052791865590346 -0.7502351259511315 0.42622150338332354 -0.31111321777168804 
191 -1 0.3276931097802158 0.4138574944113129 0.3655714967843962 -0.8192693377482098 -0.944639420359022 -1.0306810899996763 -0.31111321777168804 
192 1 -1.1686432277311094 -0.5613673214986641 -0.20302195639711015 -1.02859610520766 -1.0612819970037564 1.8831240967663234 -0.35831244706564974 
193 1 -1.4892867286263933 -1.8912193431940874 -1.5469701184624889 -0.8192693377482098 -1.644494880227428 -0.6664554416539263 -1.8686877844724237 
194 -1 1.2896236124660678 0.8571415016431206 1.0375455778170855 -0.5052791865590346 -0.24478396049061601 -0.1201169691353014 0.3496759923437756 
195 1 -2.130573730416961 -1.979876144640449 -2.0638732577184036 -0.6099425702887596 -1.3723288680563812 -1.7591323866911763 -1.6326916380026153 
196 -1 0.6483366106754997 0.3252006929649514 0.31388118285880473 -0.8192693377482098 -0.5169499726616628 -0.8485682658268013 -0.0751170713018796 
197 -1 1.824029447291541 1.4777391117676515 0.9341649499659026 -0.2959524190995844 0.22178634608832132 -0.6664554416539263 0.6800705974015074 
198 1 0.007049608884931827 0.591171097304036 1.089235891742677 1.0646715693868416 2.204710149048805 1.1546728000748234 1.7656528711626263 
199 -1 -0.5273562259405414 -0.384053718605941 -0.15133164247151867 -0.2959524190995844 0.6105949349041024 -0.6664554416539263 0.20807830446189055 
200 -1 -0.7411185598707308 -0.29539691715957944 0.10711992715643877 0.22736449954904095 -0.594711690424819 -1.0306810899996763 -0.26391398847772635 
201 1 -1.4892867286263933 -1.0933081301768335 -1.5469701184624889 1.4833251043057418 -0.6335925493063971 -0.8485682658268013 -1.3494962622388451 
202 1 -0.5273562259405414 -0.29539691715957944 0.05542961323084728 -0.8192693377482098 -0.594711690424819 1.1546728000748234 -0.5471093642414965 
203 -1 -0.09983155808016284 0.05923028862586674 0.10711992715643877 0.12270111581931588 -0.2059031016090379 1.5188984484205734 0.019281387286043783 
204 1 0.007049608884931827 0.14788709007222828 0.21050055500762174 -0.6099425702887596 -0.08926052496430358 0.42622150338332354 0.585672138813584 
205 1 0.43457427674531046 0.4138574944113129 0.7274036942635366 0.5413546507382162 2.1658292901672267 1.3367856242476985 1.482457495398856 
206 -1 0.22081194281512115 -0.02942651282049481 -0.15133164247151867 -0.9239327214779348 -0.7891159848327096 0.24410867921044857 -0.5471093642414965 
207 -1 6.313038459825517 5.821922382639367 3.2602290766175197 0.9600081856571164 0.804999229311993 0.7904471517290735 1.6712544125747029 
208 1 -1.0617620607660148 -1.004651328730472 -1.030066979206574 -0.08662565164013426 -0.5169499726616628 -0.6664554416539263 -0.6415078228294199 
209 -1 1.1827424455009732 0.591171097304036 0.4172618107099877 -0.8192693377482098 -1.0612819970037564 -0.8485682658268013 -0.8303047400052667 
210 -1 -0.09983155808016284 -0.11808331426685635 -0.04795101462033569 -0.4006158028293095 -0.2836648193721941 0.24410867921044857 -0.5471093642414965 
211 -1 1.824029447291541 1.9210231189994593 1.9679712284777324 0.6460180344679413 1.8936632779961802 -0.6664554416539263 1.954449788338473 
212 1 -1.4892867286263933 -1.2706217330695564 -1.030066979206574 0.33202788327876603 -1.2168054325300688 -0.48434261748105134 -1.2550978036509217 
213 -1 0.3276931097802158 -0.11808331426685635 -0.30640258424829314 -0.08662565164013426 -0.32254567825377223 -1.0306810899996763 0.20807830446189055 
214 1 -0.09983155808016284 0.05923028862586674 0.3655714967843962 -1.9705665587751855 -0.8668777025958658 1.7010112725934485 -0.35831244706564974 
215 -1 0.6483366106754997 0.4138574944113129 0.15881024108203026 -0.9239327214779348 -0.43918825489850655 -0.3022297933081764 -0.21671475918376465 
216 -1 0.5414554437104051 0.591171097304036 0.8307843221147196 0.12270111581931588 1.0382843826014616 1.3367856242476985 1.5296567246928179 
217 1 0.43457427674531046 0.4138574944113129 0.8824746360403111 0.4366912670084911 1.6992589835882896 1.7010112725934485 1.199262119635086 
218 1 0.3276931097802158 0.5025142958576745 0.9341649499659026 -0.08662565164013426 0.6494757937856805 0.06199585503757358 0.6800705974015074 
219 -1 -0.31359389201035215 -0.29539691715957944 -0.20302195639711015 0.5413546507382162 0.1829054872067432 0.06199585503757358 -0.21671475918376465 
220 1 -0.4204750589754468 -0.384053718605941 -0.30640258424829314 -1.9705665587751855 -0.7113542670695534 1.3367856242476985 -0.16951552988980298 
221 1 -0.09983155808016284 -0.384053718605941 -0.04795101462033569 0.6460180344679413 2.282471866811961 0.24410867921044857 1.7184536418686647 
222 1 -2.0236925634518665 -2.0685329460868105 -2.1672538855695866 -0.6099425702887596 -1.5667331624642717 -0.8485682658268013 -2.0102854723543087 
223 -1 2.3584352821170143 2.54162072912399 1.9679712284777324 0.6460180344679413 0.7661183704304149 -0.1201169691353014 1.4352582661048945 
224 1 -0.6342373929056361 -0.384053718605941 -0.4097832120994761 0.4366912670084911 1.1160461003646178 -1.0306810899996763 0.4912736802256607 
225 1 0.22081194281512115 0.14788709007222828 0.21050055500762174 0.22736449954904095 1.543735548061977 0.24410867921044857 1.057664431753201 
226 1 -0.20671272504525748 0.05923028862586674 0.4172618107099877 -0.19128903536985933 1.1160461003646178 0.42622150338332354 0.6328713681075457 
227 -1 -0.09983155808016284 0.23654389151858984 0.003739299305255795 1.0646715693868416 0.5717140760225243 -1.0306810899996763 0.4912736802256607 
228 -1 1.0758612785358783 0.591171097304036 0.4172618107099877 -0.8192693377482098 -0.944639420359022 -0.3022297933081764 -0.6415078228294199 
229 1 -0.8479997268358255 -1.004651328730472 -1.030066979206574 0.6460180344679413 0.33842892273305564 0.7904471517290735 -0.0751170713018796 
230 1 -1.8099302295216775 -1.8025625417477258 -1.9604926298672207 2.8439490927921676 -0.4780691137800847 -1.2127939141725512 -1.679890867296577 
231 1 -0.9548808938009201 -1.181964931623195 -1.23682823490894 0.22736449954904095 0.804999229311993 -0.48434261748105134 -0.027917842007917904 
232 1 -1.0617620607660148 -0.6500241229450257 -0.5131638399506591 0.018037732089590808 -1.1779245736484907 -0.8485682658268013 -1.396695491532807 
233 1 -0.20671272504525748 -0.4727105200523026 -0.3580928981738846 -0.08662565164013426 -0.01149880720114735 -0.6664554416539263 -0.35831244706564974 
234 1 0.5414554437104051 1.1231119059822052 1.089235891742677 0.9600081856571164 0.22178634608832132 1.5188984484205734 0.019281387286043783 
235 -1 -0.09983155808016284 -0.11808331426685635 0.05542961323084728 -0.08662565164013426 0.5328332171409462 0.42622150338332354 0.3024767630498139 
236 -1 1.0758612785358783 0.5025142958576745 0.26219086893321325 -1.133259488937385 -0.24478396049061601 0.24410867921044857 -0.31111321777168804 
237 1 0.43457427674531046 0.4138574944113129 0.5206424385611707 0.33202788327876603 0.41619064049621185 1.1546728000748234 0.3496759923437756 
238 -1 -0.20671272504525748 -0.11808331426685635 0.8307843221147196 0.12270111581931588 1.1160461003646178 -0.3022297933081764 1.8600513297505497 
239 -1 1.0758612785358783 1.0344551045358437 0.6240230664123536 -0.9239327214779348 0.1440246283251651 -0.48434261748105134 0.9160667438713159 
240 -1 -1.275524394696204 -1.536592137408641 -1.4952798045368974 -2.598546861153536 -1.8388991746353185 -1.2127939141725512 -1.4438947208267685 
241 -1 -0.6342373929056361 -0.9159945272841103 -0.926686351355391 -1.133259488937385 -0.594711690424819 -1.2127939141725512 -0.5943085935354582 
242 -1 1.6102671133613518 0.591171097304036 0.26219086893321325 -1.5519130238562853 -0.944639420359022 1.8831240967663234 -0.4999101349475348 
243 1 0.6483366106754997 1.4777391117676515 1.4510680892218175 2.1113054066840924 -0.6335925493063971 -0.8485682658268013 -1.4910939501207303 
244 -1 1.2896236124660678 1.0344551045358437 0.9341649499659026 -0.5052791865590346 0.33842892273305564 0.42622150338332354 0.6328713681075457 
245 1 -0.4204750589754468 0.14788709007222828 0.05542961323084728 -0.4006158028293095 -0.43918825489850655 1.5188984484205734 -0.4527109056535731 
246 -1 0.3276931097802158 0.23654389151858984 0.26219086893321325 0.33202788327876603 0.45507149937778996 -0.6664554416539263 0.444074450931699 
247 -1 2.0377917812217303 1.7437095161067362 1.295997147445043 -1.02859610520766 -0.40030739601692844 -0.6664554416539263 0.3496759923437756 
248 1 -1.1686432277311094 -1.0933081301768335 -1.1334476070577568 0.5413546507382162 0.1829054872067432 -0.3022297933081764 -0.5471093642414965 
249 1 0.7552177776405944 0.7684847001967591 1.089235891742677 0.6460180344679413 1.854782419114602 1.7010112725934485 1.5296567246928179 
250 1 -0.6342373929056361 -0.11808331426685635 0.5206424385611707 -1.7612397913157354 -0.8668777025958658 2.247349745112073 -0.027917842007917904 
251 1 -0.20671272504525748 0.14788709007222828 0.003739299305255795 2.006642022954367 0.8438800881935711 1.8831240967663234 0.11367984587396716 
252 1 -1.3824055616612987 -1.536592137408641 -1.5986604323880804 -0.5052791865590346 -0.08926052496430358 0.7904471517290735 -0.4527109056535731 
253 1 1.2896236124660678 1.8323663175530978 1.9679712284777324 0.22736449954904095 1.1160461003646178 1.8831240967663234 0.9632659731652775 
254 1 -0.09983155808016284 0.05923028862586674 -0.09964132854592718 1.5879884880354669 0.6883566526672587 -0.8485682658268013 -0.12231630059584128 
255 -1 -0.20671272504525748 -0.29539691715957944 -0.15133164247151867 0.6460180344679413 -0.08926052496430358 -0.6664554416539263 0.20807830446189055 
256 1 -0.5273562259405414 -1.2706217330695564 -1.1334476070577568 0.5413546507382162 0.7272375115488368 -0.1201169691353014 0.06648061658000547 
257 -1 0.11393077585002649 -0.02942651282049481 0.31388118285880473 -0.6099425702887596 0.02738205168043076 -0.1201169691353014 0.019281387286043783 
258 1 0.6483366106754997 0.8571415016431206 1.2443068335194516 0.7506814181976663 3.176731621088258 1.7010112725934485 2.42644208127809 
259 -1 2.144672948186825 1.6550527146603746 1.3476874613706344 -1.23792287266711 -0.2059031016090379 -0.3022297933081764 0.444074450931699 
260 1 -0.4204750589754468 -0.6500241229450257 -0.6682347817274336 1.0646715693868416 -0.40030739601692844 -0.6664554416539263 0.20807830446189055 
261 1 1.1827424455009732 1.38908231032129 1.6578293449241834 0.7506814181976663 2.1658292901672267 1.7010112725934485 1.6712544125747029 
262 1 -0.8479997268358255 -1.181964931623195 -1.1334476070577568 -0.4006158028293095 0.33842892273305564 -0.1201169691353014 -0.16951552988980298 
263 -1 -0.09983155808016284 -0.384053718605941 -0.4097832120994761 -0.9239327214779348 -1.3723288680563812 -0.1201169691353014 -0.92470319859319 
264 1 0.5414554437104051 0.5025142958576745 0.7790940081891281 0.018037732089590808 1.1160461003646178 1.3367856242476985 1.057664431753201 
265 -1 3.3203657848028665 1.3004255088749284 -0.719925095653025 -1.23792287266711 -1.4500905858195374 -1.0306810899996763 -1.3494962622388451 
266 -1 -0.7411185598707308 -0.5613673214986641 -0.719925095653025 -0.6099425702887596 -0.24478396049061601 -0.3022297933081764 0.16087907516792885 
267 -1 -1.275524394696204 -1.0933081301768335 -1.3918991766857143 1.4833251043057418 0.02738205168043076 -0.6664554416539263 -0.5471093642414965 
268 -1 1.824029447291541 1.3004255088749284 1.089235891742677 0.33202788327876603 -0.08926052496430358 -0.6664554416539263 0.3496759923437756 
269 1 0.7552177776405944 0.5025142958576745 1.19261651959386 0.33202788327876603 2.0880675724040705 0.24410867921044857 1.2936605782230093 
270 -1 0.7552177776405944 0.591171097304036 0.31388118285880473 -0.8192693377482098 -0.24478396049061601 -0.6664554416539263 0.06648061658000547 
271 1 -0.31359389201035215 0.05923028862586674 0.3655714967843962 -1.133259488937385 -0.8279968437142877 0.9725599759019485 -0.31111321777168804 
272 -1 0.22081194281512115 -0.2067401157132179 -0.20302195639711015 -1.133259488937385 -0.1670222427274598 -0.6664554416539263 0.2552775337558522 
273 -1 0.22081194281512115 -0.02942651282049481 0.003739299305255795 -0.2959524190995844 -0.6724734081879752 0.7904471517290735 -0.16951552988980298 
274 -1 -0.31359389201035215 -0.5613673214986641 -0.7716154095786165 2.006642022954367 -0.6335925493063971 -0.6664554416539263 -0.8775039692992284 
275 1 -2.0236925634518665 -2.157189747533172 -2.1672538855695866 0.7506814181976663 -1.7611374568721623 -1.9412452108640512 -2.1990823895301554 
276 1 -1.0617620607660148 -1.2706217330695564 -1.340208862760123 -1.4472496401265602 -0.8279968437142877 0.06199585503757358 -0.7359062814173433 
277 1 -0.9548808938009201 -0.2067401157132179 -0.6682347817274336 1.4833251043057418 1.154926959246196 0.06199585503757358 1.199262119635086 
278 -1 1.2896236124660678 0.9457983030894822 0.7790940081891281 -0.2959524190995844 0.37730978161463374 -0.1201169691353014 0.7744690559894308 
279 1 0.43457427674531046 0.7684847001967591 0.9341649499659026 0.5413546507382162 1.543735548061977 1.1546728000748234 1.057664431753201 
280 -1 -0.4204750589754468 -0.384053718605941 0.10711992715643877 0.018037732089590808 0.8438800881935711 -0.48434261748105134 0.444074450931699 
281 1 -0.20671272504525748 0.05923028862586674 0.26219086893321325 0.4366912670084911 0.7661183704304149 -1.2127939141725512 0.444074450931699 
282 -1 -0.8479997268358255 -0.9159945272841103 -0.8749960374297995 -0.7146059540184847 -0.1281413838458817 -1.3949067383454263 0.5384729095196223 
283 -1 1.1827424455009732 1.9210231189994593 1.8645906006265494 1.692651871765192 1.4659738302988208 0.24410867921044857 1.9072505590445112 
284 -1 -0.09983155808016284 -0.384053718605941 -0.4614735260250676 -1.5519130238562853 -0.9057585614774439 -0.48434261748105134 -0.6887070521233816 
285 1 0.22081194281512115 0.3252006929649514 0.46895212463557917 0.7506814181976663 1.3493312536540865 1.5188984484205734 0.6328713681075457 
286 1 0.007049608884931827 0.4138574944113129 0.6757133803379451 0.7506814181976663 -1.4889714447011155 0.6083343275561985 -1.9158870137663855 
287 1 -1.0617620607660148 -0.8273377258377488 -0.6682347817274336 -0.5052791865590346 -0.36142653713535033 0.7904471517290735 -0.26391398847772635 
288 -1 -1.4892867286263933 -1.8025625417477258 -1.7020410602392633 -0.8192693377482098 -1.8388991746353185 -1.2127939141725512 -1.6326916380026153 
289 -1 0.6483366106754997 0.14788709007222828 0.21050055500762174 -0.9239327214779348 -0.944639420359022 0.24410867921044857 -0.4527109056535731 
290 -1 0.43457427674531046 0.591171097304036 0.4172618107099877 -0.2959524190995844 -0.01149880720114735 1.3367856242476985 0.3024767630498139 
291 -1 0.007049608884931827 -0.2067401157132179 -0.15133164247151867 -0.6099425702887596 0.2606672049698994 0.24410867921044857 0.5384729095196223 
292 1 -2.130573730416961 -2.157189747533172 -2.218944199495178 -0.2959524190995844 -1.0612819970037564 -2.305470859209801 -1.679890867296577 
293 -1 0.5414554437104051 0.6798278987503976 0.26219086893321325 0.5413546507382162 -0.4780691137800847 0.24410867921044857 -0.5943085935354582 
294 1 -0.4204750589754468 -0.29539691715957944 -0.20302195639711015 -0.2959524190995844 -0.32254567825377223 0.42622150338332354 -0.5471093642414965 
295 1 -1.1686432277311094 -0.9159945272841103 -0.926686351355391 0.12270111581931588 -0.5169499726616628 -0.3022297933081764 -1.1135001157690367 
296 1 -1.1686432277311094 -0.9159945272841103 -1.0817572931321655 1.1693349531165667 -0.594711690424819 -0.1201169691353014 -1.0663008864750751 
297 -1 -1.1686432277311094 -1.004651328730472 -0.926686351355391 0.6460180344679413 -0.4780691137800847 -0.6664554416539263 -0.6887070521233816 
298 1 -0.7411185598707308 -1.004651328730472 -1.0817572931321655 0.4366912670084911 -0.8668777025958658 -1.0306810899996763 -0.92470319859319 
299 1 -1.0617620607660148 -1.536592137408641 -1.3918991766857143 0.22736449954904095 -0.43918825489850655 -1.2127939141725512 -1.1606993450629985 
300 1 -0.9548808938009201 -0.5613673214986641 -0.6682347817274336 0.8553448019273914 0.33842892273305564 -1.2127939141725512 -0.4527109056535731 
301 1 0.6483366106754997 1.3004255088749284 1.5544487170730004 -0.08662565164013426 1.854782419114602 2.0652369209391983 1.199262119635086 
302 1 0.5414554437104051 0.5025142958576745 0.6240230664123536 0.33202788327876603 1.815901560233024 1.3367856242476985 1.6240551832807413 
303 1 0.007049608884931827 -0.02942651282049481 0.10711992715643877 0.22736449954904095 1.4270929714172427 0.6083343275561985 0.8216682852833925 
304 -1 0.7552177776405944 0.591171097304036 0.21050055500762174 -1.5519130238562853 -0.43918825489850655 0.06199585503757358 0.06648061658000547 
305 1 -0.7411185598707308 -0.6500241229450257 -0.719925095653025 1.0646715693868416 0.10514376944358698 0.06199585503757358 -0.5943085935354582 
306 -1 -0.09983155808016284 -0.02942651282049481 0.003739299305255795 0.018037732089590808 0.06626291056200888 -0.48434261748105134 0.3496759923437756 
307 -1 0.11393077585002649 0.591171097304036 0.8307843221147196 0.9600081856571164 1.3493312536540865 -0.48434261748105134 2.048848246926396 
308 -1 0.11393077585002649 -0.384053718605941 -0.04795101462033569 -1.5519130238562853 -1.1001628558853345 0.06199585503757358 -0.6415078228294199 
309 -1 0.6483366106754997 0.7684847001967591 0.21050055500762174 -1.23792287266711 -0.5558308315432409 1.1546728000748234 -0.027917842007917904 
310 1 0.5414554437104051 0.7684847001967591 1.19261651959386 0.4366912670084911 1.7770207013514459 0.42622150338332354 1.0104652024592393 
311 1 -0.9548808938009201 -0.8273377258377488 -1.0817572931321655 -0.4006158028293095 -0.7891159848327096 -0.48434261748105134 -1.1606993450629985 
312 1 -0.20671272504525748 -0.2067401157132179 0.003739299305255795 -0.4006158028293095 -0.05037966608272546 0.06199585503757358 -0.26391398847772635 
313 1 1.5033859463962571 -0.8273377258377488 -0.7716154095786165 0.5413546507382162 0.29954806385147753 -0.3022297933081764 -0.12231630059584128 
314 1 0.22081194281512115 0.5025142958576745 0.3655714967843962 0.12270111581931588 -0.594711690424819 0.7904471517290735 -0.92470319859319 
315 -1 0.5414554437104051 0.7684847001967591 0.8824746360403111 0.33202788327876603 1.0771652414830397 0.9725599759019485 1.057664431753201 
316 1 0.6483366106754997 1.0344551045358437 1.1409262056682685 -0.19128903536985933 1.3104503947725084 1.1546728000748234 1.2936605782230093 
317 -1 0.43457427674531046 -0.02942651282049481 -0.15133164247151867 -0.8192693377482098 -1.1779245736484907 -0.3022297933081764 -0.6887070521233816 
318 1 0.007049608884931827 0.4138574944113129 0.5723327524867622 1.3786617205760168 2.204710149048805 1.3367856242476985 1.5768559539867795 
319 -1 -0.4204750589754468 -0.2067401157132179 0.05542961323084728 0.12270111581931588 0.6494757937856805 1.1546728000748234 0.3496759923437756 
320 -1 -0.09983155808016284 -0.384053718605941 -0.04795101462033569 0.22736449954904095 -0.40030739601692844 0.06199585503757358 -0.40551167635961144 
321 -1 -0.09983155808016284 0.05923028862586674 0.05542961323084728 0.4366912670084911 -0.43918825489850655 -0.6664554416539263 -0.5471093642414965 
322 -1 0.7552177776405944 0.6798278987503976 0.5723327524867622 0.5413546507382162 0.8827609470751492 -0.6664554416539263 0.8688675145773542 
323 1 -1.3824055616612987 -1.4479353359622795 -1.5986604323880804 0.8553448019273914 1.543735548061977 -0.3022297933081764 -1.396695491532807 
324 -1 -0.09983155808016284 0.05923028862586674 -0.09964132854592718 -0.5052791865590346 -0.32254567825377223 -0.3022297933081764 -0.35831244706564974 
325 1 -0.4204750589754468 -0.02942651282049481 0.10711992715643877 0.9600081856571164 0.6883566526672587 -0.1201169691353014 0.06648061658000547 
326 1 0.8620989446056891 1.1231119059822052 0.9341649499659026 0.018037732089590808 1.5048546891803989 0.6083343275561985 1.5296567246928179 
327 1 -1.596167895591488 -1.359278534515918 -1.5469701184624889 1.3786617205760168 -0.9835202792406001 -1.5770195625183012 -1.7742893258845005 
328 -1 -1.0617620607660148 -1.0933081301768335 -1.0817572931321655 -0.4006158028293095 -0.2836648193721941 -1.5770195625183012 0.11367984587396716 
329 -1 1.2896236124660678 0.8571415016431206 0.5206424385611707 -0.9239327214779348 0.22178634608832132 -0.6664554416539263 0.9632659731652775 
330 -1 0.6483366106754997 0.8571415016431206 0.4172618107099877 1.1693349531165667 -0.32254567825377223 -1.0306810899996763 -1.0191016571811133 
331 1 -0.4204750589754468 -0.02942651282049481 0.3655714967843962 -1.7612397913157354 -1.1001628558853345 1.1546728000748234 -0.40551167635961144 
332 1 1.824029447291541 2.6302775305703516 2.4331840538080556 0.9600081856571164 1.4659738302988208 0.42622150338332354 1.5296567246928179 
333 -1 -0.9548808938009201 -0.9159945272841103 -0.8749960374297995 -0.19128903536985933 -1.0612819970037564 -0.6664554416539263 -0.92470319859319 
334 -1 -0.5273562259405414 -0.8273377258377488 -1.3918991766857143 -0.9239327214779348 -1.6056140213458499 -1.0306810899996763 -1.3022970329448835 
335 1 -0.6342373929056361 -0.4727105200523026 -0.30640258424829314 0.6460180344679413 0.9605226648383054 0.42622150338332354 0.3968752216377373 
336 -1 -0.4204750589754468 -0.02942651282049481 -0.3580928981738846 1.1693349531165667 -1.0224011381221783 -1.2127939141725512 -1.1606993450629985 
337 -1 1.9309106142566357 2.0096799204458207 1.916280914552141 1.901978639224642 0.5717140760225243 1.1546728000748234 0.2552775337558522 
338 1 0.6483366106754997 0.6798278987503976 1.19261651959386 -0.5052791865590346 1.2715695358909302 1.7010112725934485 1.5296567246928179 
339 -1 -0.31359389201035215 -0.5613673214986641 -0.719925095653025 -1.7612397913157354 -2.1110651868063655 -0.8485682658268013 -1.9158870137663855 
340 -1 0.6483366106754997 0.4138574944113129 0.4172618107099877 -0.6099425702887596 0.10514376944358698 -0.1201169691353014 0.3496759923437756 
341 1 -0.9548808938009201 -1.2706217330695564 -1.1851379209833484 -0.2959524190995844 -1.1390437147669126 -0.8485682658268013 -1.0191016571811133 
342 1 -1.9168113964867721 -1.979876144640449 -2.218944199495178 1.797315255494917 -1.333448009174803 -1.9412452108640512 -2.0574847016482707 
343 1 0.22081194281512115 0.5025142958576745 0.6240230664123536 -0.19128903536985933 0.5717140760225243 2.0652369209391983 0.9632659731652775 
344 1 0.7552177776405944 0.6798278987503976 0.9341649499659026 0.12270111581931588 0.5717140760225243 1.1546728000748234 0.20807830446189055 
345 1 -0.8479997268358255 -0.9159945272841103 -0.25471227032270166 -2.703210244883261 -1.1390437147669126 1.7010112725934485 -0.35831244706564974 
346 -1 -0.6342373929056361 -0.9159945272841103 -0.823305723504208 0.9600081856571164 -0.36142653713535033 -0.6664554416539263 -0.4527109056535731 
347 1 -0.31359389201035215 -0.29539691715957944 0.10711992715643877 -0.9239327214779348 -0.2836648193721941 2.0652369209391983 -0.31111321777168804 
348 -1 -1.3824055616612987 -1.181964931623195 -1.0817572931321655 0.33202788327876603 -0.40030739601692844 -1.7591323866911763 0.06648061658000547 
349 1 -0.7411185598707308 -0.6500241229450257 -0.4614735260250676 -1.5519130238562853 -0.944639420359022 1.3367856242476985 -0.6415078228294199 
350 -1 0.007049608884931827 -0.02942651282049481 0.05542961323084728 -0.2959524190995844 0.2606672049698994 -0.1201169691353014 0.2552775337558522 
351 -1 -0.4204750589754468 -0.6500241229450257 -0.6682347817274336 -0.19128903536985933 -0.4780691137800847 -1.0306810899996763 0.16087907516792885 
352 -1 0.43457427674531046 0.6798278987503976 0.6240230664123536 0.5413546507382162 0.4939523582593681 -0.1201169691353014 0.16087907516792885 
353 -1 0.5414554437104051 0.14788709007222828 0.31388118285880473 -0.5052791865590346 -0.7113542670695534 -0.6664554416539263 -0.12231630059584128 
354 -1 0.7552177776405944 0.7684847001967591 1.0375455778170855 -0.2959524190995844 -0.1281413838458817 -0.48434261748105134 0.6328713681075457 
355 1 -1.7030490625565826 -1.536592137408641 -1.6503507463136717 2.4252955578732673 -1.1779245736484907 0.24410867921044857 -1.538293179414692 
356 -1 -1.275524394696204 -1.181964931623195 -1.340208862760123 -0.9239327214779348 -1.6056140213458499 -1.5770195625183012 -1.4910939501207303 
357 -1 -0.6342373929056361 -0.7386809243913872 -0.4614735260250676 -0.08662565164013426 -0.6335925493063971 -1.2127939141725512 -0.4999101349475348 
358 1 0.8620989446056891 1.0344551045358437 1.089235891742677 0.7506814181976663 2.4379953023382734 1.3367856242476985 1.7184536418686647 
359 -1 1.0758612785358783 1.2117687074285668 0.9341649499659026 1.4833251043057418 1.193807818127774 0.06199585503757358 0.8688675145773542 
360 -1 -0.6342373929056361 -0.8273377258377488 -0.9783766652809824 -0.08662565164013426 -0.944639420359022 -0.8485682658268013 -0.6887070521233816 
361 1 1.2896236124660678 1.566395913214013 1.399377775296226 1.901978639224642 1.7770207013514459 1.8831240967663234 0.9160667438713159 
362 1 0.8620989446056891 1.3004255088749284 1.5544487170730004 1.3786617205760168 1.7770207013514459 1.5188984484205734 1.057664431753201 
363 1 -2.130573730416961 -1.8912193431940874 -2.012182943792812 1.692651871765192 -1.294567150293225 -0.48434261748105134 -1.9158870137663855 
364 1 0.11393077585002649 0.6798278987503976 1.0375455778170855 -1.23792287266711 -0.6335925493063971 1.3367856242476985 0.06648061658000547 
365 -1 -0.09983155808016284 -0.02942651282049481 0.05542961323084728 -0.19128903536985933 0.804999229311993 0.6083343275561985 0.7272698266954691 
366 1 -0.09983155808016284 0.14788709007222828 0.5723327524867622 -0.19128903536985933 -0.01149880720114735 1.3367856242476985 0.3968752216377373 
367 1 -1.275524394696204 -1.181964931623195 -1.030066979206574 -0.4006158028293095 0.41619064049621185 -1.5770195625183012 -0.35831244706564974 
368 1 -0.6342373929056361 -0.4727105200523026 0.10711992715643877 -0.4006158028293095 0.29954806385147753 -1.2127939141725512 0.444074450931699 
369 -1 0.007049608884931827 0.23654389151858984 0.10711992715643877 -0.19128903536985933 -0.24478396049061601 0.06199585503757358 -0.027917842007917904 
370 1 -0.7411185598707308 -0.7386809243913872 -0.7716154095786165 1.0646715693868416 0.1829054872067432 -0.3022297933081764 -0.26391398847772635 
371 1 0.11393077585002649 0.4138574944113129 0.7274036942635366 0.12270111581931588 1.0382843826014616 0.42622150338332354 0.7272698266954691 
372 -1 0.3276931097802158 -0.11808331426685635 -0.30640258424829314 -0.7146059540184847 -0.1281413838458817 -0.8485682658268013 0.11367984587396716 
373 1 1.3965047794311625 2.4529639276776285 3.1568484487663366 2.8439490927921676 3.3711359154961484 1.3367856242476985 2.284844393396205 
374 1 -1.275524394696204 -1.0933081301768335 -1.1851379209833484 -0.08662565164013426 -0.7502351259511315 -1.2127939141725512 -0.4527109056535731 
375 -1 0.22081194281512115 0.14788709007222828 0.15881024108203026 -1.02859610520766 0.33842892273305564 0.24410867921044857 0.444074450931699 
376 -1 0.007049608884931827 0.05923028862586674 0.10711992715643877 -0.8192693377482098 -0.2836648193721941 -0.8485682658268013 0.2552775337558522 
377 1 -1.8099302295216775 -1.8912193431940874 -1.8571120020160377 0.5413546507382162 -1.994422610161631 -1.2127939141725512 -2.1990823895301554 
378 -1 -0.4204750589754468 -0.5613673214986641 -0.4097832120994761 0.12270111581931588 0.37730978161463374 -1.3949067383454263 0.5384729095196223 
379 1 0.007049608884931827 0.4138574944113129 0.46895212463557917 0.4366912670084911 0.37730978161463374 0.24410867921044857 0.5384729095196223 
380 -1 -0.5273562259405414 -0.8273377258377488 -0.6682347817274336 0.5413546507382162 -0.36142653713535033 0.06199585503757358 -0.8303047400052667 
381 1 0.22081194281512115 0.4138574944113129 0.4172618107099877 -0.7146059540184847 -0.7891159848327096 0.06199585503757358 -0.8303047400052667 
382 1 -0.5273562259405414 -0.02942651282049481 0.05542961323084728 -1.3425862563968352 -0.7113542670695534 0.42622150338332354 -0.26391398847772635 
383 -1 1.5033859463962571 1.6550527146603746 1.3476874613706344 0.8553448019273914 0.7661183704304149 -0.3022297933081764 1.0104652024592393 
384 1 -0.20671272504525748 -0.4727105200523026 -0.6682347817274336 -0.19128903536985933 -0.9057585614774439 -0.8485682658268013 -0.4999101349475348 
385 -1 1.0758612785358783 0.6798278987503976 0.8824746360403111 -0.6099425702887596 0.1440246283251651 -1.0306810899996763 0.4912736802256607 
386 -1 -0.09983155808016284 -0.29539691715957944 -0.3580928981738846 0.5413546507382162 -0.6335925493063971 -0.6664554416539263 -0.9719024278871516 
387 -1 -0.31359389201035215 0.05923028862586674 -0.20302195639711015 0.33202788327876603 0.1829054872067432 -0.8485682658268013 0.3968752216377373 
388 1 -0.20671272504525748 -0.02942651282049481 0.5206424385611707 -1.6565764075860103 -0.7891159848327096 0.6083343275561985 -0.26391398847772635 
389 1 -1.596167895591488 -1.8025625417477258 -1.7537313741648548 -1.133259488937385 -1.5278523035826936 -1.3949067383454263 -1.7270900965905387 
390 -1 0.007049608884931827 0.05923028862586674 0.003739299305255795 0.12270111581931588 -0.7113542670695534 -0.6664554416539263 -0.7359062814173433 
391 1 0.11393077585002649 -0.02942651282049481 0.10711992715643877 -2.0752299425049108 -1.1001628558853345 0.6083343275561985 -0.5471093642414965 
392 -1 -0.20671272504525748 0.05923028862586674 -0.09964132854592718 -0.08662565164013426 -0.1281413838458817 -0.3022297933081764 -0.26391398847772635 
393 1 -1.7030490625565826 -1.8025625417477258 -2.012182943792812 0.33202788327876603 -1.4889714447011155 -1.5770195625183012 -2.0102854723543087 
394 1 -1.3824055616612987 -1.2706217330695564 -1.1334476070577568 2.1113054066840924 -0.4780691137800847 -0.8485682658268013 -1.3022970329448835 
395 -1 0.11393077585002649 -0.384053718605941 -0.616544467801842 -1.3425862563968352 -1.4112097269379593 0.24410867921044857 -0.7359062814173433 
396 1 0.3276931097802158 0.3252006929649514 0.5206424385611707 -0.19128903536985933 1.2326886770093521 1.7010112725934485 1.1048636610471627 
397 -1 1.5033859463962571 1.38908231032129 1.606139030998592 0.33202788327876603 1.543735548061977 0.9725599759019485 1.7184536418686647 
398 1 0.5414554437104051 0.14788709007222828 0.7274036942635366 -0.7146059540184847 1.2715695358909302 0.9725599759019485 1.2936605782230093 
399 1 -0.09983155808016284 0.14788709007222828 0.6757133803379451 -0.5052791865590346 0.22178634608832132 2.247349745112073 0.11367984587396716 
400 -1 -1.1686432277311094 -1.4479353359622795 -1.3918991766857143 -1.4472496401265602 -1.7611374568721623 -1.3949067383454263 -1.4910939501207303 
401 -1 0.9689801115707838 0.3252006929649514 0.3655714967843962 -2.0752299425049108 -1.0612819970037564 0.24410867921044857 -0.35831244706564974 
402 1 -0.9548808938009201 -0.7386809243913872 -0.4614735260250676 -1.133259488937385 -0.594711690424819 0.9725599759019485 -0.5471093642414965 
403 1 -0.9548808938009201 -0.9159945272841103 -1.1851379209833484 0.22736449954904095 -0.1281413838458817 -0.8485682658268013 -0.26391398847772635 
404 1 -1.7030490625565826 -1.181964931623195 -1.4435894906113058 0.9600081856571164 -0.1281413838458817 -1.0306810899996763 -1.0663008864750751 
405 1 -0.5273562259405414 -1.0933081301768335 -0.6682347817274336 -2.598546861153536 -1.0224011381221783 1.5188984484205734 -0.5471093642414965 
406 -1 0.43457427674531046 0.5025142958576745 0.26219086893321325 0.5413546507382162 0.10514376944358698 -0.6664554416539263 0.2552775337558522 
407 1 0.9689801115707838 1.1231119059822052 1.6578293449241834 0.7506814181976663 1.8936632779961802 1.3367856242476985 1.057664431753201 
408 1 -0.8479997268358255 -1.2706217330695564 -1.0817572931321655 0.22736449954904095 0.29954806385147753 -0.48434261748105134 0.3024767630498139 
409 -1 1.2896236124660678 0.591171097304036 0.26219086893321325 -2.284556709964361 -1.0612819970037564 1.1546728000748234 -0.4527109056535731 
410 1 0.3276931097802158 0.23654389151858984 0.21050055500762174 -0.2959524190995844 1.2715695358909302 1.1546728000748234 0.7272698266954691 
411 -1 -0.20671272504525748 0.23654389151858984 0.3655714967843962 0.12270111581931588 -0.40030739601692844 0.42622150338332354 -0.027917842007917904 
412 -1 -1.4892867286263933 -1.181964931623195 -1.6503507463136717 0.6460180344679413 -1.2168054325300688 -1.3949067383454263 -1.5854924087086537 
413 -1 0.5414554437104051 0.4138574944113129 0.21050055500762174 -0.08662565164013426 -0.2059031016090379 -1.0306810899996763 -0.4527109056535731 
414 1 -0.8479997268358255 -0.4727105200523026 -0.04795101462033569 -2.284556709964361 -1.255686291411647 1.1546728000748234 -0.6415078228294199 
415 1 0.3276931097802158 0.5025142958576745 0.6757133803379451 0.12270111581931588 1.854782419114602 1.3367856242476985 1.482457495398856 
416 -1 0.3276931097802158 -0.02942651282049481 -0.3580928981738846 -1.9705665587751855 -1.255686291411647 -0.1201169691353014 -0.7359062814173433 
417 -1 0.11393077585002649 0.5025142958576745 0.10711992715643877 -0.8192693377482098 -0.8668777025958658 -0.6664554416539263 -0.31111321777168804 
418 1 0.3276931097802158 0.23654389151858984 0.4172618107099877 0.4366912670084911 0.37730978161463374 1.3367856242476985 -0.21671475918376465 
419 1 -0.31359389201035215 0.05923028862586674 0.10711992715643877 1.692651871765192 1.6214972658251332 0.6083343275561985 0.8688675145773542 
420 -1 0.3276931097802158 -0.02942651282049481 -0.4097832120994761 -0.9239327214779348 -2.0333034690432092 -1.5770195625183012 -1.7270900965905387 
421 1 0.43457427674531046 0.4138574944113129 0.31388118285880473 -0.08662565164013426 0.10514376944358698 0.06199585503757358 0.3024767630498139 
422 1 1.1827424455009732 1.6550527146603746 1.9679712284777324 1.0646715693868416 2.0103058546409143 1.7010112725934485 1.6240551832807413 
423 1 -0.8479997268358255 -0.7386809243913872 -0.9783766652809824 1.3786617205760168 0.22178634608832132 -0.1201169691353014 -0.9719024278871516 
424 -1 0.11393077585002649 -0.02942651282049481 -0.30640258424829314 -0.08662565164013426 -0.40030739601692844 -0.8485682658268013 -0.26391398847772635 
425 1 -1.275524394696204 -0.4727105200523026 -0.616544467801842 0.6460180344679413 0.7272375115488368 -0.1201169691353014 -0.16951552988980298 
426 -1 0.22081194281512115 0.4138574944113129 1.5027584031474088 -0.19128903536985933 1.193807818127774 0.6083343275561985 2.1904459348082814 
427 -1 -0.6342373929056361 -0.9159945272841103 -1.030066979206574 0.12270111581931588 -0.7113542670695534 -0.6664554416539263 -0.5943085935354582 
428 -1 0.22081194281512115 0.05923028862586674 0.003739299305255795 -0.9239327214779348 -0.05037966608272546 -0.3022297933081764 -0.0751170713018796 
429 1 0.9689801115707838 1.6550527146603746 1.7612099727753663 0.12270111581931588 1.2326886770093521 1.7010112725934485 1.0104652024592393 
430 1 -1.8099302295216775 -2.0685329460868105 -1.9604926298672207 0.5413546507382162 -1.1001628558853345 -1.0306810899996763 -1.538293179414692 
431 1 1.7171482803264464 1.8323663175530978 2.2781131120312814 0.9600081856571164 1.543735548061977 0.06199585503757358 1.3880590368109327 
432 -1 -1.275524394696204 -1.2706217330695564 -1.3918991766857143 -0.6099425702887596 -1.3723288680563812 -0.8485682658268013 -1.4438947208267685 
433 1 0.007049608884931827 0.14788709007222828 0.46895212463557917 -0.4006158028293095 1.2326886770093521 1.7010112725934485 1.199262119635086 
434 -1 1.7171482803264464 1.38908231032129 0.7790940081891281 -0.7146059540184847 0.10514376944358698 0.6083343275561985 0.6328713681075457 
435 1 -1.9168113964867721 -1.8025625417477258 -2.0638732577184036 2.6346223253327175 -0.8668777025958658 -2.1233580350369263 -1.7742893258845005 
436 1 0.007049608884931827 0.4138574944113129 0.7790940081891281 -1.5519130238562853 -0.6724734081879752 1.3367856242476985 0.16087907516792885 
437 -1 0.6483366106754997 0.4138574944113129 0.31388118285880473 0.5413546507382162 -0.43918825489850655 -0.48434261748105134 -0.12231630059584128 
438 1 0.3276931097802158 0.5025142958576745 0.8307843221147196 0.22736449954904095 1.6214972658251332 1.8831240967663234 1.1520628903411243 
439 -1 1.1827424455009732 1.3004255088749284 1.0375455778170855 1.5879884880354669 1.2715695358909302 0.06199585503757358 1.6240551832807413 
440 -1 -0.9548808938009201 -0.7386809243913872 -0.9783766652809824 -1.6565764075860103 -1.8000183157537404 -1.2127939141725512 -1.396695491532807 
441 -1 0.8620989446056891 0.5025142958576745 0.3655714967843962 -0.6099425702887596 -0.43918825489850655 -0.6664554416539263 -0.027917842007917904 
442 -1 2.679078783012298 2.54162072912399 1.916280914552141 0.5413546507382162 0.6883566526672587 -0.3022297933081764 0.9632659731652775 
443 -1 -0.20671272504525748 0.05923028862586674 0.10711992715643877 -0.08662565164013426 0.5717140760225243 0.24410867921044857 0.2552775337558522 
444 1 -0.31359389201035215 0.3252006929649514 -0.30640258424829314 -0.5052791865590346 -0.7113542670695534 0.9725599759019485 -0.7359062814173433 
445 -1 2.679078783012298 2.2756503247849054 1.709519658849775 -0.08662565164013426 -0.5558308315432409 -0.8485682658268013 -0.26391398847772635 
446 -1 0.7552177776405944 0.591171097304036 0.5206424385611707 -0.4006158028293095 -0.43918825489850655 0.06199585503757358 -0.027917842007917904 
447 1 -0.6342373929056361 -0.6500241229450257 -0.30640258424829314 -0.19128903536985933 0.02738205168043076 -0.8485682658268013 -0.31111321777168804 
448 -1 0.007049608884931827 -0.4727105200523026 -0.5648541538762506 -1.133259488937385 0.29954806385147753 -0.6664554416539263 0.8688675145773542 
449 1 -1.8099302295216775 -1.8025625417477258 -1.4435894906113058 0.22736449954904095 -0.6335925493063971 -1.5770195625183012 -1.5854924087086537 
450 1 -1.1686432277311094 -1.0933081301768335 -1.4952798045368974 3.471929395170518 -0.40030739601692844 -1.3949067383454263 -1.3494962622388451 
451 1 -0.31359389201035215 0.23654389151858984 0.46895212463557917 -1.9705665587751855 -0.8279968437142877 1.8831240967663234 -0.31111321777168804 
452 -1 -0.7411185598707308 -0.29539691715957944 -0.30640258424829314 -0.2959524190995844 -0.24478396049061601 -1.5770195625183012 0.585672138813584 
453 1 -0.4204750589754468 -0.7386809243913872 -0.616544467801842 0.018037732089590808 -1.683375739109006 -0.6664554416539263 -1.8686877844724237 
454 -1 0.7552177776405944 0.4138574944113129 0.21050055500762174 -0.5052791865590346 0.5717140760225243 -0.8485682658268013 1.2464613489290477 
455 1 0.22081194281512115 0.9457983030894822 1.295997147445043 1.3786617205760168 2.243591007930383 0.6083343275561985 1.2936605782230093 
456 -1 0.5414554437104051 0.5025142958576745 0.31388118285880473 -0.5052791865590346 -0.7502351259511315 -0.6664554416539263 -0.21671475918376465 
457 -1 0.3276931097802158 1.38908231032129 2.58825499558483 1.4833251043057418 2.904565608917211 0.24410867921044857 4.1256143358607105 
458 -1 0.007049608884931827 0.05923028862586674 -0.20302195639711015 -0.4006158028293095 -1.0224011381221783 0.7904471517290735 -1.1606993450629985 
459 1 -0.20671272504525748 -0.384053718605941 -0.4614735260250676 1.901978639224642 0.6105949349041024 -0.6664554416539263 -0.027917842007917904 
460 -1 1.1827424455009732 0.9457983030894822 1.089235891742677 -1.23792287266711 -0.2836648193721941 0.06199585503757358 0.6800705974015074 
461 -1 0.11393077585002649 -0.11808331426685635 0.003739299305255795 0.33202788327876603 -0.08926052496430358 -0.1201169691353014 0.16087907516792885 
462 -1 -0.31359389201035215 -0.4727105200523026 -0.823305723504208 -0.8192693377482098 -1.0612819970037564 -0.6664554416539263 -0.8775039692992284 
463 1 -0.6342373929056361 -0.8273377258377488 -1.3918991766857143 0.9600081856571164 -1.2168054325300688 -1.2127939141725512 -1.2550978036509217 
464 -1 0.5414554437104051 0.7684847001967591 0.46895212463557917 -0.2959524190995844 -0.36142653713535033 -0.48434261748105134 -0.0751170713018796 
465 -1 -0.31359389201035215 -0.2067401157132179 0.10711992715643877 -1.02859610520766 -0.40030739601692844 -1.0306810899996763 0.3968752216377373 
466 -1 -0.6342373929056361 -0.384053718605941 -0.09964132854592718 -1.02859610520766 0.804999229311993 -0.6664554416539263 1.5768559539867795 
467 1 0.6483366106754997 1.38908231032129 1.3476874613706344 1.0646715693868416 0.33842892273305564 2.0652369209391983 0.3024767630498139 
468 1 2.0377917812217303 1.4777391117676515 0.46895212463557917 0.8553448019273914 -0.5558308315432409 -1.2127939141725512 -0.12231630059584128 
469 -1 0.007049608884931827 0.05923028862586674 0.05542961323084728 0.22736449954904095 0.1829054872067432 0.06199585503757358 -0.027917842007917904 
