id label data 
0 1 -1.5064788831594398 -1.4798901817215278 -1.3094882610519452 1.75797319284511 -0.4103913408340618 -0.8306902321274618 -1.589893446430497 
1 -1 -0.8434808416711781 -0.9306525885052909 -0.6363119212210798 -0.5298001403094862 -0.6027622818500282 -1.0139307245085196 -0.3322628882188736 
2 1 -0.2909824737642933 -0.19833579755030822 -0.059303629937481034 -0.5298001403094862 -0.06412364700532232 0.6352337069210008 -0.2391050690920867 
3 1 -1.064480188833932 -0.9306525885052909 -1.261404236778312 0.3130637192737862 -1.526142798726667 -1.0139307245085196 -1.6830512655572838 
4 1 1.3665126299563608 1.815535377575894 2.0563934381023814 1.6375640700474998 2.3597502097958545 1.7346766612073479 1.670630223007045 
5 1 -1.5064788831594398 -1.6629693794602736 -1.6460764309673779 1.6375640700474998 -0.7566590346628014 -1.3804117092706354 -1.3569988986135297 
6 -1 0.924513935630853 0.71706019114342 0.6138727098933843 -0.6502092631070965 -0.17954621161490217 0.2687527221588852 0.27326293610524127 
7 1 0.15101622056121441 0.71706019114342 1.14279697690335 1.0355184560594481 2.436698586202241 1.368195676445232 2.0432614995141924 
8 1 0.040516546979837476 0.2593621967965559 0.6619567341670175 -0.40939101751187584 0.24366985862022392 1.55143616882629 0.6924731221757824 
9 1 1.3665126299563608 1.5409165809677756 1.6717212439133156 0.6742910876666172 2.3982243979990474 1.9179171535884056 1.9501036803874057 
10 1 1.3665126299563608 1.4493769820984026 0.9985449040824501 -0.2889818947142655 0.6284117406521568 1.368195676445232 0.6924731221757824 
11 1 -1.9484775774849474 -1.937588176068392 -1.694160455241011 0.7947002104642276 -0.564288093646835 0.6352337069210008 -1.3104199890501362 
12 -1 -1.174979862415309 -1.1137317862440366 -1.1171521639574122 -1.2522548770951483 -1.3337718577107005 -1.3804117092706354 -1.1706832603599557 
13 -1 0.26151589414259135 -0.015256599811562572 0.13303246715705191 0.19265459647617586 0.16672148221383737 0.08551222977782734 0.4595785743588151 
14 1 0.924513935630853 0.71706019114342 0.8062088069879172 -0.16857277191665515 -0.7951332228659946 -0.0977282626032305 -0.6117363455992344 
15 1 -1.6169785567408166 -1.388350582852155 -1.5499083824201114 1.8783823156427206 -0.37191715263086855 -0.4642092473653462 -1.1241043507965625 
16 -1 -0.7329811680898011 -0.8391129896359181 -0.684395945494713 -1.0114366314999275 0.12824729401064408 -1.1971712168895774 0.8322098508659628 
17 1 -0.5119818209270472 -0.38141499528905387 0.22920051570431837 -0.6502092631070965 0.5514633642457701 -1.0139307245085196 0.7390520317391759 
18 1 0.3720155677239683 0.6255205922740472 0.4696206370724846 -0.04816364911904482 -0.3334429644276753 1.0017146916831166 -0.6117363455992344 
19 -1 1.03501360921223 0.9001393888821657 0.7100407584406507 -0.7706183859047069 0.051298917604257525 -0.2809687549842883 0.13352620741506094 
20 -1 0.7035145884680991 0.6255205922740472 0.4215366127988513 -0.7706183859047069 -0.4873397172404484 -0.4642092473653462 0.08694729785166748 
21 1 0.814014262049476 1.1747581854902842 1.190881001176983 -0.40939101751187584 1.5517922575287955 1.368195676445232 1.5774724038802581 
22 -1 0.15101622056121441 0.1678225979271831 0.18111649143068514 0.07224547367856551 0.4360407996361903 0.2687527221588852 0.27326293610524127 
23 -1 0.26151589414259135 0.44244139453530157 0.565788685619751 -0.6502092631070965 0.16672148221383737 0.6352337069210008 0.5061574839222086 
24 -1 0.7035145884680991 0.07628299905781026 -0.10738765421111428 -2.3359369822736413 -0.9490299756787678 -0.4642092473653462 -0.19252615952869326 
25 1 -0.5119818209270472 -0.7475733907665452 -1.1652361882310454 0.9151093332618379 -0.9490299756787678 -1.0139307245085196 -0.9377887125429886 
26 -1 0.814014262049476 0.6255205922740472 0.32536856425158484 -0.16857277191665515 -0.4873397172404484 -0.2809687549842883 -0.09936834040190634 
27 1 -1.2854795359966857 -1.2052713851134094 -1.1652361882310454 1.0355184560594481 -0.4873397172404484 -0.2809687549842883 -0.6117363455992344 
28 -1 1.3665126299563608 0.6255205922740472 0.4215366127988513 -1.4930731226903688 -0.3334429644276753 -1.3804117092706354 0.22668402654184783 
29 -1 0.3720155677239683 0.3509017956659287 -0.20355570275838075 0.19265459647617586 -0.4873397172404484 -0.2809687549842883 -0.2856839786554802 
