id label data 
0 -1 -0.6263547602743993 -0.90504664789417 -1.0213356862834468 0.12232035822343615 -0.7142590531302007 -0.6650645520133 -0.6039438350706037 
1 -1 0.12109070991159072 0.3302171859875226 0.4739173109285165 -0.4012731605836237 -0.0987866021689186 0.4234334379330195 0.20340286765887994 
2 1 0.3346465585361593 0.3302171859875226 0.5254777591082394 -0.19183575306079978 1.2090923561238056 1.693347759537059 1.1057315354153616 
3 -1 0.4414244828484436 0.5066834479706215 0.267675518209625 0.5411951732690841 0.09354853875648202 -0.6650645520133 0.250893850172379 
4 -1 -0.19924306302526212 -0.19918159996177426 0.267675518209625 0.85535128455332 0.47821882060728327 -1.3907298786441795 0.9157676053613655 
5 1 0.7617582557852964 1.300781626894567 1.144203137264914 0.12232035822343615 0.01661448238632177 -0.3022318886978601 -0.17652499244911238 
6 -1 0.6549803314730122 0.41845031697907203 0.42235686274879364 -0.6107105681064476 0.09354853875648202 -0.12081555704014019 0.34587581519937705 
7 -1 0.5482024071607279 0.15375092400442364 -0.04168717086871225 0.017601654462024167 0.09354853875648202 -0.3022318886978601 -0.12903400993561334 
8 1 -1.8009119277095265 -1.9638442197927637 -2.0009842016981816 2.1119757296902635 -1.0219952786108417 -1.5721462103018995 -1.8862003629350776 
9 1 -0.6263547602743993 -0.3756478619448732 -0.4026103081267724 0.43647646950767205 1.0936912715685654 -1.0278972153287398 0.48834876273987415 
10 -1 1.9363154232204236 1.5654810198692153 0.9379613445460224 0.3317577657462601 -0.25265471490923913 -0.3022318886978601 0.298384832685878 
11 -1 0.5482024071607279 0.5066834479706215 0.31923596638934787 -0.5059918643450357 -0.7527260813152807 -0.6650645520133 -0.2240159749626114 
12 1 -2.014467776334095 -2.0520773507843133 -2.1556655462373504 2.1119757296902635 -0.9450612222406813 -1.7535625419596192 -1.7912183979080796 
13 -1 1.5092037259712865 1.3890147578861163 1.6082471708824198 0.3317577657462601 1.5168285816044467 0.9676824329061793 1.723114308090849 
14 1 -0.8399106088989678 -0.3756478619448732 -0.5057312044862181 2.5308505447359115 0.47821882060728327 0.7862661012484593 -0.2715069574761104 
15 1 -0.8399106088989678 -0.46388099293642265 -0.04168717086871225 -2.2862098282890395 -1.2527974477213224 1.1490987645638993 -0.6514348175841027 
16 1 0.7617582557852964 0.41845031697907203 0.11299417367045637 0.43647646950767205 -0.6757920249451205 0.7862661012484593 -0.5564528525571046 
17 -1 -0.09246513871297785 0.06551779301287416 -0.09324761904843513 -0.5059918643450357 -0.32958877127939934 -0.3022318886978601 -0.36648892250310855 
18 -1 0.7617582557852964 0.594916578962171 0.21611507002990213 -1.5531789019591555 -0.44498985583463974 0.06060077461757972 0.06092992011838282 
19 1 -0.8399106088989678 -0.46388099293642265 -0.6088521008456639 1.2742260995989678 0.6705539615326839 -0.3022318886978601 -0.08154302742211429 
20 -1 2.6837608934064137 2.5360454607762595 1.9176098599607572 0.5411951732690841 0.6705539615326839 -0.3022318886978601 0.9632585878748645 
21 1 -0.3060209873375464 -0.46388099293642265 -0.6088521008456639 1.4836635071217918 0.01661448238632177 -1.5721462103018995 -0.17652499244911238 
22 -1 -0.3060209873375464 -0.2874147309533237 -0.144808067228158 -1.0295853831520956 -1.0989293349810019 0.06060077461757972 -0.7939077651245998 
23 -1 0.3346465585361593 -0.022715337978675306 -0.144808067228158 -0.5059918643450357 -0.7527260813152807 0.4234334379330195 -0.3189979399896095 
24 1 1.0820920287221494 1.0360822339199183 1.4535658263432512 -0.08711704929938781 1.5552956097895267 0.9676824329061793 1.485659395523354 
25 1 -1.3738002304603893 -1.257979171860368 -1.1244565826428927 2.1119757296902635 -0.48345688401971987 -0.8464808836710198 -1.3163085727730892 
26 -1 0.5482024071607279 0.41845031697907203 0.37079641456907075 0.12232035822343615 0.28588367968188266 -0.48364822035557997 0.5358397452533732 
27 -1 -0.19924306302526212 -0.3756478619448732 -0.6088521008456639 -0.4012731605836237 -0.7527260813152807 -0.48364822035557997 -0.936380712665097 
28 1 1.8295374989081392 2.624278591767809 2.433214341757986 0.960069988314732 1.4398945252342863 0.4234334379330195 1.533150378036853 
29 1 -0.19924306302526212 0.06551779301287416 0.267675518209625 0.43647646950767205 0.7474880179028441 -1.2093135469864595 0.4408577802263751 
30 -1 0.3346465585361593 0.41845031697907203 0.37079641456907075 -0.8201479756292717 -0.9450612222406813 -1.0278972153287398 -0.3189979399896095 
31 -1 -0.09246513871297785 -0.2874147309533237 -0.3510498599470495 0.5411951732690841 -0.6373249967600404 -0.6650645520133 -0.9838716951785961 
32 1 -0.6263547602743993 -0.11094846897022478 0.5254777591082394 -1.7626163094819793 -0.8681271658705211 2.2375967545102187 -0.034052044908615256 
33 -1 -0.19924306302526212 -0.8168135169026206 -0.6088521008456639 -0.08711704929938781 -0.5219239122048 -1.0278972153287398 -0.4614708875301066 
34 -1 -0.4127989116498307 -0.11094846897022478 0.16455462185017924 0.2270390619848481 1.1706253279387255 0.06060077461757972 0.7258036753073693 
35 -1 0.6549803314730122 0.15375092400442364 0.21611507002990213 -0.9248666793906836 -0.9450612222406813 0.24201710627529963 -0.4614708875301066 
36 1 0.4414244828484436 0.41845031697907203 0.7317195518271309 0.5411951732690841 2.132301032565729 1.330515096221619 1.485659395523354 
37 -1 1.0820920287221494 1.2125484959030173 0.9379613445460224 1.4836635071217918 1.1706253279387255 0.06060077461757972 0.8682766228478664 
38 1 -1.0534664575235364 -1.5226785648350163 -1.382258823541507 0.2270390619848481 -0.44498985583463974 -1.2093135469864595 -1.173835625232592 
39 -1 -0.9466885332112521 -0.9932797788857195 -0.969775238103724 1.169507395837556 -0.13725363035399873 0.24201710627529963 -0.6039438350706037 
40 -1 0.8685361800975807 1.1243153649114679 0.6801591036474081 0.017601654462024167 0.13201556694156213 0.06060077461757972 0.8207856403343674 
41 1 -1.8009119277095265 -1.8756110888012143 -1.846302857159013 0.5411951732690841 -1.9836709832378447 -1.2093135469864595 -2.218637240529571 
42 1 0.8685361800975807 1.1243153649114679 1.4535658263432512 0.6459138770304961 1.4014274970492062 1.1490987645638993 0.8682766228478664 
43 -1 0.5482024071607279 0.77138284094527 0.4739173109285165 -0.29655445682221176 -0.36805579946447947 -0.48364822035557997 -0.08154302742211429 
44 -1 -0.3060209873375464 0.06551779301287416 -0.1963685154078809 0.3317577657462601 0.17048259512664227 -0.8464808836710198 0.3933667977128761 
45 1 0.22786863422387502 0.41845031697907203 0.42235686274879364 -0.7154292718678597 -0.7911931095003608 0.06060077461757972 -0.8413987476380989 
46 1 0.22786863422387502 -0.19918159996177426 0.21611507002990213 -0.29655445682221176 1.6322296661596871 0.6048497695907394 1.1057315354153616 
47 -1 0.014312785599306443 0.15375092400442364 0.16455462185017924 -0.8201479756292717 0.13201556694156213 0.06060077461757972 0.4408577802263751 
48 1 -2.014467776334095 -2.1403104817758627 -2.1556655462373504 0.750632580791908 -1.752868814127364 -1.9349788736173392 -2.218637240529571 
49 -1 -0.519576835962115 -0.46388099293642265 -0.3510498599470495 0.3317577657462601 -0.25265471490923913 -1.2093135469864595 -0.5564528525571046 
50 -1 0.6549803314730122 0.5066834479706215 0.21611507002990213 0.017601654462024167 -0.7527260813152807 -0.48364822035557997 -0.4139799050166076 
51 1 0.014312785599306443 -0.19918159996177426 0.31923596638934787 0.5411951732690841 1.4398945252342863 1.330515096221619 1.0107495703883635 
52 1 -1.267022306148105 -1.3462123028519173 -1.5369401680806756 2.3214131372130877 -0.7142590531302007 -1.0278972153287398 -1.5537634853405844 
53 1 -0.4127989116498307 0.15375092400442364 0.0614337254907335 -0.4012731605836237 -0.44498985583463974 1.511931427879339 -0.4614708875301066 
54 1 -0.3060209873375464 -0.19918159996177426 -0.04168717086871225 -0.8201479756292717 -0.7911931095003608 0.4234334379330195 -0.6514348175841027 
55 1 -1.694134003397242 -1.7873779578096647 -2.1556655462373504 0.43647646950767205 -1.2143304195362423 -1.7535625419596192 -1.9336913454485767 
56 -1 -0.09246513871297785 0.2419840549959731 0.009873277311010623 1.064788692076144 0.5551528769774435 -1.0278972153287398 0.48834876273987415 
57 -1 1.5092037259712865 2.094879805818512 2.278532997218817 1.6931009146446159 1.1321582997536455 0.4234334379330195 1.1057315354153616 
58 -1 -0.4127989116498307 -0.46388099293642265 -0.5057312044862181 0.43647646950767205 0.28588367968188266 -1.0278972153287398 0.34587581519937705 
59 1 -0.4127989116498307 -0.46388099293642265 -0.4541707563064953 0.2270390619848481 0.6320869333476038 1.1490987645638993 0.6308217102803713 
60 -1 -0.19924306302526212 -0.2874147309533237 -0.8150938935645554 2.5308505447359115 -0.060319573983838484 0.24201710627529963 -0.4139799050166076 
61 -1 0.014312785599306443 -0.19918159996177426 -0.144808067228158 -0.6107105681064476 0.24741665149680253 0.24201710627529963 0.5358397452533732 
62 1 -1.4805781547726735 -1.081512909877269 -1.5369401680806756 1.4836635071217918 -0.6373249967600404 -0.8464808836710198 -1.3637995552865882 
63 -1 0.4414244828484436 0.5066834479706215 0.21611507002990213 0.6459138770304961 0.13201556694156213 -0.48364822035557997 -0.5564528525571046 
64 -1 0.22786863422387502 -0.022715337978675306 0.009873277311010623 -0.29655445682221176 -0.6757920249451205 0.7862661012484593 -0.17652499244911238 
65 1 -1.587356079084958 -1.5226785648350163 -1.5369401680806756 1.6931009146446159 -0.6757920249451205 -1.0278972153287398 -1.9336913454485767 
66 1 -1.8009119277095265 -2.0520773507843133 -2.0525446498779045 0.750632580791908 -0.9835282504257615 -0.8464808836710198 -1.7437274153945805 
67 -1 0.22786863422387502 -0.022715337978675306 -0.144808067228158 -0.9248666793906836 -0.7911931095003608 0.24201710627529963 -0.5564528525571046 
68 -1 0.014312785599306443 -0.022715337978675306 -0.4026103081267724 -1.1343040869135075 -0.32958877127939934 0.4234334379330195 -0.034052044908615256 
69 1 -0.19924306302526212 0.06551779301287416 0.5254777591082394 -0.8201479756292717 0.2089496233117224 0.9676824329061793 -0.12903400993561334 
70 1 0.3346465585361593 0.2419840549959731 0.42235686274879364 0.43647646950767205 0.36281773605204287 1.330515096221619 -0.2240159749626114 
71 1 -0.09246513871297785 0.15375092400442364 0.5770382072879623 -0.19183575306079978 -0.021852545798758356 1.330515096221619 0.3933667977128761 
72 -1 0.7617582557852964 0.77138284094527 0.42235686274879364 0.12232035822343615 0.13201556694156213 -0.6650645520133 0.5833307277668722 
73 -1 0.7617582557852964 0.8596159719368194 0.7832800000068538 0.2270390619848481 0.7090209897177641 0.7862661012484593 1.533150378036853 
74 1 -1.1602443818358208 -0.90504664789417 -1.0728961344631698 1.169507395837556 -0.5988579685749602 -0.12081555704014019 -1.078853660205594 
75 -1 1.0820920287221494 0.6831497099537205 0.8864008963662995 -0.6107105681064476 0.13201556694156213 -1.0278972153287398 0.48834876273987415 
76 -1 0.3346465585361593 0.2419840549959731 0.267675518209625 0.3317577657462601 0.43975179242220314 -0.6650645520133 0.4408577802263751 
77 -1 -0.4127989116498307 -0.022715337978675306 -0.3510498599470495 1.169507395837556 -1.0219952786108417 -1.2093135469864595 -1.173835625232592 
78 1 0.12109070991159072 0.06551779301287416 0.4739173109285165 -2.0767724207662153 -0.829660137685441 1.330515096221619 -0.034052044908615256 
79 -1 -0.519576835962115 -0.46388099293642265 -0.24792896358760377 0.5411951732690841 -0.021852545798758356 0.06060077461757972 -0.3189979399896095 
80 1 -0.8399106088989678 -0.7285803859110711 -1.382258823541507 1.7978196184060278 0.5936199051625236 -1.5721462103018995 -0.12903400993561334 
81 1 -0.4127989116498307 -0.7285803859110711 -0.6604125490253868 -0.5059918643450357 -0.6757920249451205 0.7862661012484593 -0.936380712665097 
82 -1 -0.519576835962115 -0.8168135169026206 -0.6604125490253868 0.5411951732690841 -0.36805579946447947 0.06060077461757972 -0.8413987476380989 
83 1 -1.694134003397242 -1.1697460408688185 -1.43381927172123 0.960069988314732 -0.13725363035399873 -1.0278972153287398 -1.078853660205594 
84 -1 0.3346465585361593 0.15375092400442364 0.6801591036474081 -0.6107105681064476 0.5936199051625236 -1.0278972153287398 1.628132343063851 
85 1 -0.9466885332112521 -0.19918159996177426 -0.6604125490253868 1.4836635071217918 1.1321582997536455 0.06060077461757972 1.2007135004423597 
86 1 -1.0534664575235364 -1.257979171860368 -1.3306983753617843 -1.4484601981977434 -0.829660137685441 0.06060077461757972 -0.7464167826111008 
87 -1 -1.0534664575235364 -1.081512909877269 -1.0728961344631698 -0.4012731605836237 -0.2911217430943192 -1.5721462103018995 0.10842090263188185 
88 -1 -0.519576835962115 -0.5521141239279721 -0.7119729972051096 -0.6107105681064476 -0.7527260813152807 -1.5721462103018995 -0.2715069574761104 
89 1 -1.1602443818358208 -0.8168135169026206 -0.7635334453848325 0.2270390619848481 -0.48345688401971987 0.6048497695907394 -0.888889730151598 
90 1 -1.9076898520218106 -2.0520773507843133 -2.0525446498779045 0.3317577657462601 -1.406665560461643 -1.5721462103018995 -1.7437274153945805 
91 -1 -0.09246513871297785 0.06551779301287416 0.0614337254907335 0.43647646950767205 -0.44498985583463974 -0.6650645520133 -0.5564528525571046 
92 -1 -0.3060209873375464 -0.5521141239279721 -0.7635334453848325 2.0072570259288516 -0.6373249967600404 -0.6650645520133 -0.888889730151598 
93 1 -0.6263547602743993 -0.5521141239279721 -0.6088521008456639 0.750632580791908 0.7474880179028441 0.4234334379330195 0.013438937604883782 
94 -1 0.014312785599306443 0.06551779301287416 0.009873277311010623 0.12232035822343615 -0.7142590531302007 -0.6650645520133 -0.7464167826111008 
95 1 0.22786863422387502 0.3302171859875226 0.4739173109285165 0.750632580791908 1.324493440679046 1.511931427879339 0.6308217102803713 
96 1 0.3346465585361593 0.594916578962171 0.4739173109285165 0.5411951732690841 0.401284764237123 1.511931427879339 0.3933667977128761 
97 -1 0.7617582557852964 0.9478491029283689 0.5770382072879623 0.85535128455332 -0.21418768672415897 -0.3022318886978601 -0.034052044908615256 
98 -1 -0.4127989116498307 -0.3756478619448732 -0.24792896358760377 -0.7154292718678597 0.01661448238632177 -0.12081555704014019 -0.17652499244911238 
99 -1 0.12109070991159072 -0.3756478619448732 -0.6088521008456639 -1.3437414944363315 -1.406665560461643 0.24201710627529963 -0.7464167826111008 
100 -1 -0.19924306302526212 -0.11094846897022478 0.8348404481865767 0.12232035822343615 1.0936912715685654 -0.3022318886978601 1.8655872556313462 
101 1 -1.3738002304603893 -1.434445433843467 -1.5885006162603985 0.85535128455332 1.5168285816044467 -0.3022318886978601 -1.4112905378000873 
102 -1 0.975314104409865 0.9478491029283689 1.092642689085191 0.017601654462024167 0.43975179242220314 -0.6650645520133 1.2007135004423597 
103 1 -1.0534664575235364 -0.8168135169026206 -0.6604125490253868 -0.5059918643450357 -0.36805579946447947 0.7862661012484593 -0.2715069574761104 
104 1 0.014312785599306443 0.15375092400442364 0.4739173109285165 -0.4012731605836237 1.2090923561238056 1.693347759537059 1.2007135004423597 
105 -1 0.3346465585361593 0.3302171859875226 0.6801591036474081 0.12232035822343615 0.5936199051625236 -0.48364822035557997 1.3906774304963558 
106 -1 -0.9466885332112521 -0.9932797788857195 -0.8150938935645554 -0.29655445682221176 -0.8681271658705211 -1.2093135469864595 -0.6514348175841027 
107 -1 1.0820920287221494 0.5066834479706215 0.267675518209625 -1.1343040869135075 -0.25265471490923913 0.24201710627529963 -0.3189979399896095 
108 -1 0.12109070991159072 -0.3756478619448732 -0.04168717086871225 -1.5531789019591555 -1.0989293349810019 0.06060077461757972 -0.6514348175841027 
109 -1 0.12109070991159072 -0.022715337978675306 0.31923596638934787 -0.6107105681064476 0.01661448238632177 -0.12081555704014019 0.013438937604883782 
110 -1 -0.519576835962115 -0.6403472549195216 -0.557291652665941 -1.9720537170048034 -0.9835282504257615 -0.48364822035557997 -0.3189979399896095 
111 1 0.014312785599306443 0.41845031697907203 0.7832800000068538 -1.5531789019591555 -0.6757920249451205 1.330515096221619 0.1559118851453809 
112 1 0.3346465585361593 0.41845031697907203 1.092642689085191 -0.7154292718678597 0.17048259512664227 2.600429417825658 0.298384832685878 
113 -1 2.6837608934064137 2.271346067801611 1.7113680672418656 -0.08711704929938781 -0.5603909403898801 -0.8464808836710198 -0.2715069574761104 
114 -1 1.295647877346718 0.594916578962171 0.267675518209625 -2.2862098282890395 -1.0604623067959218 1.1490987645638993 -0.4614708875301066 
115 1 -0.7331326845866836 -0.6403472549195216 -0.7119729972051096 1.064788692076144 0.09354853875648202 0.06060077461757972 -0.6039438350706037 
116 -1 0.22786863422387502 0.3302171859875226 0.0614337254907335 -0.29655445682221176 -0.36805579946447947 -0.3022318886978601 0.250893850172379 
117 1 0.3346465585361593 0.5066834479706215 0.6801591036474081 0.12232035822343615 1.8245648070850877 1.330515096221619 1.485659395523354 
118 1 -0.19924306302526212 -0.46388099293642265 -0.6604125490253868 -0.19183575306079978 -0.9065941940556013 -0.8464808836710198 -0.5089618700436056 
119 1 0.3346465585361593 0.9478491029283689 1.144203137264914 0.5411951732690841 1.1706253279387255 0.7862661012484593 1.3906774304963558 
120 1 -1.267022306148105 -1.434445433843467 -1.79474240897929 1.4836635071217918 -0.7142590531302007 -0.8464808836710198 -1.2688175902595902 
121 -1 -0.4127989116498307 -0.46388099293642265 -0.144808067228158 -0.29655445682221176 0.5936199051625236 -1.3907298786441795 1.533150378036853 
122 -1 0.5482024071607279 0.15375092400442364 0.31923596638934787 -0.5059918643450357 -0.7142590531302007 -0.6650645520133 -0.12903400993561334 
123 -1 -1.3738002304603893 -1.1697460408688185 -1.0728961344631698 0.3317577657462601 -0.4065228276495596 -1.7535625419596192 0.06092992011838282 
124 1 -1.8009119277095265 -2.1403104817758627 -2.0009842016981816 0.3317577657462601 -1.0219952786108417 -0.8464808836710198 -1.7437274153945805 
125 1 -0.8399106088989678 -0.7285803859110711 -0.969775238103724 1.37894480336038 0.2089496233117224 -0.12081555704014019 -0.9838716951785961 
126 1 2.6837608934064137 3.1536773777171057 3.0519397199146603 0.6459138770304961 1.0936912715685654 0.7862661012484593 1.8180962731178472 
127 -1 0.6549803314730122 0.5066834479706215 0.6801591036474081 0.12232035822343615 2.2477021171209692 0.24201710627529963 1.7706052906043481 
128 1 0.4414244828484436 0.594916578962171 0.7317195518271309 -0.5059918643450357 2.286169145306049 1.693347759537059 1.8180962731178472 
129 -1 -0.4127989116498307 -0.3756478619448732 0.11299417367045637 0.017601654462024167 0.8244220742730044 -0.48364822035557997 0.4408577802263751 
130 -1 -0.7331326845866836 -0.5521141239279721 -0.7119729972051096 -0.6107105681064476 -0.25265471490923913 -0.3022318886978601 0.1559118851453809 
131 -1 0.4414244828484436 0.06551779301287416 -0.3510498599470495 2.216694433451676 0.7090209897177641 -1.3907298786441795 0.7732946578208684 
132 1 -0.09246513871297785 -0.46388099293642265 -0.24792896358760377 -1.0295853831520956 0.2089496233117224 0.6048497695907394 0.34587581519937705 
133 -1 -0.09246513871297785 0.06551779301287416 0.11299417367045637 0.12232035822343615 -0.21418768672415897 1.511931427879339 0.013438937604883782 
134 -1 0.6549803314730122 0.41845031697907203 0.16455462185017924 -0.9248666793906836 -0.44498985583463974 -0.3022318886978601 -0.2240159749626114 
135 -1 -0.09246513871297785 -0.022715337978675306 0.009873277311010623 0.017601654462024167 0.05508151057140189 -0.48364822035557997 0.34587581519937705 
136 -1 -1.3738002304603893 -1.434445433843467 -1.43381927172123 0.017601654462024167 -0.829660137685441 -1.5721462103018995 -0.6514348175841027 
137 1 -0.4127989116498307 -0.46388099293642265 -0.4541707563064953 0.3317577657462601 -0.4065228276495596 1.1490987645638993 -0.6514348175841027 
138 -1 -1.0534664575235364 -0.8168135169026206 -0.8150938935645554 0.85535128455332 -0.44498985583463974 -0.6650645520133 -0.36648892250310855 
139 -1 0.12109070991159072 0.15375092400442364 0.21611507002990213 -0.5059918643450357 0.9782901870133249 0.7862661012484593 0.8682766228478664 
140 1 0.12109070991159072 -0.022715337978675306 0.11299417367045637 -2.0767724207662153 -1.0989293349810019 0.6048497695907394 -0.5564528525571046 
141 1 -1.1602443818358208 -1.081512909877269 -1.1244565826428927 0.5411951732690841 0.17048259512664227 -0.3022318886978601 -0.5564528525571046 
142 1 -1.3738002304603893 -1.257979171860368 -1.382258823541507 1.064788692076144 -0.7527260813152807 -0.48364822035557997 -0.936380712665097 
143 -1 -0.4127989116498307 -0.3756478619448732 -0.29948941176732663 -0.5059918643450357 -0.5988579685749602 1.1490987645638993 -0.888889730151598 
144 1 -0.19924306302526212 -0.022715337978675306 0.5254777591082394 -1.6578976057205674 -0.7911931095003608 0.6048497695907394 -0.2715069574761104 
145 -1 -1.1602443818358208 -1.434445433843467 -1.382258823541507 -1.4484601981977434 -1.752868814127364 -1.3907298786441795 -1.5062725028270854 
146 1 0.4414244828484436 0.41845031697907203 0.8864008963662995 0.43647646950767205 1.6706966943447672 1.693347759537059 1.2007135004423597 
147 1 0.22786863422387502 0.594916578962171 1.2473240336243596 1.7978196184060278 1.0936912715685654 0.4234334379330195 0.1559118851453809 
148 1 -1.267022306148105 -1.081512909877269 -1.1760170308226154 -0.08711704929938781 -0.7527260813152807 -1.2093135469864595 -0.4614708875301066 
149 1 0.4414244828484436 0.41845031697907203 0.7832800000068538 0.85535128455332 2.3631032016762092 2.0561804228524987 1.9130782381448452 
150 -1 -0.6263547602743993 -0.90504664789417 -0.8150938935645554 0.960069988314732 -0.36805579946447947 -0.6650645520133 -0.4614708875301066 
151 -1 0.3346465585361593 0.41845031697907203 0.5254777591082394 -0.5059918643450357 -0.25265471490923913 -0.48364822035557997 0.250893850172379 
152 -1 -0.6263547602743993 -0.8168135169026206 -0.969775238103724 -0.08711704929938781 -0.9450612222406813 -0.8464808836710198 -0.6989258000976017 
153 -1 2.897316742030982 2.0066466748269627 1.3504449299838055 0.5411951732690841 0.5166858487923633 -0.8464808836710198 1.1057315354153616 
154 1 0.014312785599306443 0.41845031697907203 0.4739173109285165 0.43647646950767205 0.36281773605204287 0.24201710627529963 0.5358397452533732 
155 -1 0.6549803314730122 0.8596159719368194 0.6801591036474081 -0.29655445682221176 0.3243507078669628 1.1490987645638993 1.1057315354153616 
156 1 -0.9466885332112521 -0.8168135169026206 -1.0728961344631698 -0.4012731605836237 -0.7911931095003608 -0.48364822035557997 -1.173835625232592 
157 1 0.3346465585361593 0.2419840549959731 0.21611507002990213 -0.29655445682221176 1.2475593843088857 1.1490987645638993 0.7258036753073693 
158 -1 0.7617582557852964 0.594916578962171 0.31923596638934787 0.017601654462024167 -0.21418768672415897 -0.8464808836710198 -0.12903400993561334 
159 -1 1.295647877346718 0.9478491029283689 0.7832800000068538 -0.29655445682221176 0.36281773605204287 -0.12081555704014019 0.7732946578208684 
160 -1 -1.1602443818358208 -0.9932797788857195 -0.9182147899240012 0.6459138770304961 -0.48345688401971987 -0.6650645520133 -0.6989258000976017 
161 -1 0.12109070991159072 -0.022715337978675306 0.5770382072879623 -0.8201479756292717 0.01661448238632177 0.06060077461757972 0.1559118851453809 
162 -1 0.6549803314730122 0.3302171859875226 0.31923596638934787 -0.8201479756292717 -0.5219239122048 -0.8464808836710198 -0.08154302742211429 
163 1 -0.519576835962115 -1.081512909877269 -0.6604125490253868 -2.600365939573275 -1.0219952786108417 1.511931427879339 -0.5564528525571046 
164 1 -0.9466885332112521 -1.257979171860368 -1.1760170308226154 -0.29655445682221176 -1.137396363166082 -0.8464808836710198 -1.031362677692095 
165 1 -0.8399106088989678 -1.257979171860368 -1.0728961344631698 0.2270390619848481 0.28588367968188266 -0.48364822035557997 0.298384832685878 
166 1 -0.09246513871297785 0.06551779301287416 0.37079641456907075 -1.9720537170048034 -0.8681271658705211 1.693347759537059 -0.36648892250310855 
167 -1 0.4414244828484436 -0.022715337978675306 -0.144808067228158 -0.8201479756292717 -1.175863391351162 -0.3022318886978601 -0.6989258000976017 
168 1 0.7617582557852964 0.5066834479706215 1.195763585444637 0.3317577657462601 2.055366976195568 0.24201710627529963 1.2956954654693578 
169 -1 0.3346465585361593 0.6831497099537205 0.6801591036474081 0.12232035822343615 -0.5219239122048 0.7862661012484593 -0.3189979399896095 
170 1 0.22786863422387502 0.15375092400442364 -0.8666543417442782 1.37894480336038 -0.13725363035399873 -1.5721462103018995 -0.08154302742211429 
171 1 -0.19924306302526212 -0.022715337978675306 0.5254777591082394 -1.9720537170048034 -0.6373249967600404 1.330515096221619 0.250893850172379 
172 1 1.295647877346718 1.5654810198692153 1.4020053781635282 1.9025383221674397 1.7476307507149274 1.8747640911947787 0.9157676053613655 
173 -1 -0.4127989116498307 -0.19918159996177426 0.0614337254907335 0.12232035822343615 0.6320869333476038 1.1490987645638993 0.34587581519937705 
174 -1 1.295647877346718 0.8596159719368194 0.5254777591082394 -0.9248666793906836 0.2089496233117224 -0.6650645520133 0.9632585878748645 
175 1 -1.0534664575235364 -0.9932797788857195 -1.0728961344631698 0.3317577657462601 -0.44498985583463974 0.4234334379330195 -0.4139799050166076 
176 1 -0.19924306302526212 -0.19918159996177426 0.009873277311010623 -0.4012731605836237 -0.060319573983838484 0.06060077461757972 -0.2715069574761104 
177 -1 0.22786863422387502 0.06551779301287416 0.16455462185017924 0.017601654462024167 -1.0219952786108417 -0.6650645520133 -0.936380712665097 
178 -1 0.8685361800975807 0.6831497099537205 0.6285986554676851 -0.08711704929938781 -0.25265471490923913 -0.6650645520133 0.298384832685878 
179 1 1.402425801659002 2.44781232978471 3.155060616274106 2.8450066560201477 3.3247789063032127 1.330515096221619 2.2930060982528375 
180 1 -1.9076898520218106 -1.9638442197927637 -2.207225994417073 1.7978196184060278 -1.3297315040914826 -1.9349788736173392 -2.076164292989074 
181 1 -0.3060209873375464 0.3302171859875226 -0.29948941176732663 -0.5059918643450357 -0.7142590531302007 0.9676824329061793 -0.7464167826111008 
182 -1 2.0430933475327078 1.918413543835413 1.6598076190621427 0.017601654462024167 0.6320869333476038 0.4234334379330195 0.9632585878748645 
183 1 -2.014467776334095 -1.9638442197927637 -1.9494237535184586 0.85535128455332 -0.829660137685441 0.4234334379330195 -1.6487454503675825 
184 -1 0.975314104409865 0.3302171859875226 0.37079641456907075 -2.0767724207662153 -1.0604623067959218 0.24201710627529963 -0.36648892250310855 
185 1 0.5482024071607279 0.77138284094527 0.9379613445460224 -0.19183575306079978 1.055224243383485 1.693347759537059 1.3906774304963558 
186 1 1.402425801659002 1.6537141508607647 2.1238516526796487 0.960069988314732 1.8630318352701678 0.7862661012484593 1.3906774304963558 
187 1 0.5482024071607279 0.3302171859875226 0.5254777591082394 0.3317577657462601 1.4014274970492062 2.0561804228524987 0.6783126927938703 
188 1 -0.9466885332112521 -0.5521141239279721 -0.6604125490253868 0.85535128455332 0.3243507078669628 -1.2093135469864595 -0.4614708875301066 
189 -1 1.0820920287221494 0.9478491029283689 0.7317195518271309 -0.7154292718678597 -0.4065228276495596 -0.6650645520133 0.20340286765887994 
190 -1 0.975314104409865 0.8596159719368194 0.8864008963662995 -0.5059918643450357 0.401284764237123 -0.48364822035557997 0.6308217102803713 
191 -1 0.22786863422387502 0.06551779301287416 0.009873277311010623 -0.9248666793906836 -0.060319573983838484 -0.3022318886978601 -0.08154302742211429 
192 1 -1.8009119277095265 -1.6991448268181153 -1.79474240897929 0.750632580791908 -0.8681271658705211 -0.3022318886978601 -1.6012544678540834 
193 -1 0.22786863422387502 0.41845031697907203 1.505126274522974 -0.19183575306079978 1.1706253279387255 0.6048497695907394 2.1980241332258394 
194 1 -1.8009119277095265 -1.7873779578096647 -1.43381927172123 0.2270390619848481 -0.6373249967600404 -1.5721462103018995 -1.6012544678540834 
195 -1 1.1888699530344335 1.4772478888776657 1.092642689085191 0.6459138770304961 0.9782901870133249 0.06060077461757972 0.6308217102803713 
196 -1 0.3346465585361593 0.3302171859875226 0.11299417367045637 -0.08711704929938781 -0.021852545798758356 0.06060077461757972 0.250893850172379 
197 -1 0.7617582557852964 0.594916578962171 0.31923596638934787 -0.8201479756292717 -0.25265471490923913 -0.6650645520133 0.06092992011838282 
198 -1 0.22786863422387502 -0.19918159996177426 -0.1963685154078809 -1.1343040869135075 -0.17572065853907887 -0.6650645520133 0.250893850172379 
199 1 0.7617582557852964 1.300781626894567 1.4020053781635282 0.85535128455332 1.7476307507149274 1.511931427879339 1.2482044829558587 
200 1 -0.3060209873375464 0.06551779301287416 0.37079641456907075 -1.1343040869135075 -0.829660137685441 0.9676824329061793 -0.3189979399896095 
201 1 0.4414244828484436 0.41845031697907203 0.31923596638934787 -0.08711704929938781 0.09354853875648202 0.06060077461757972 0.298384832685878 
202 -1 2.0430933475327078 1.741947281852314 1.2988844818040826 -1.0295853831520956 -0.4065228276495596 -0.6650645520133 0.34587581519937705 
203 1 -0.09246513871297785 0.15375092400442364 0.6801591036474081 -0.5059918643450357 0.2089496233117224 2.2375967545102187 0.10842090263188185 
204 -1 0.8685361800975807 0.5066834479706215 0.37079641456907075 -0.6107105681064476 -0.44498985583463974 -0.6650645520133 -0.034052044908615256 
205 1 0.6549803314730122 1.300781626894567 1.556686722702697 -0.08711704929938781 1.8245648070850877 2.0561804228524987 1.2007135004423597 
206 1 1.295647877346718 1.8301804128438637 1.9691703081404799 0.2270390619848481 1.0936912715685654 1.8747640911947787 0.9632585878748645 
207 1 -0.7331326845866836 -0.46388099293642265 -0.09324761904843513 -2.3909285320504514 -1.5220666450168832 2.2375967545102187 -0.888889730151598 
208 1 -1.4805781547726735 -1.257979171860368 -1.0213356862834468 0.3317577657462601 -1.2143304195362423 -0.48364822035557997 -1.2688175902595902 
209 -1 -0.9466885332112521 -0.7285803859110711 -0.969775238103724 -1.6578976057205674 -1.7913358423124441 -1.2093135469864595 -1.4112905378000873 
210 1 -0.6263547602743993 -0.46388099293642265 0.11299417367045637 -0.4012731605836237 0.28588367968188266 -1.2093135469864595 0.4408577802263751 
211 1 -1.1602443818358208 -1.081512909877269 -1.0728961344631698 -0.6107105681064476 -0.5988579685749602 -1.0278972153287398 -0.888889730151598 
212 1 -1.3738002304603893 -1.5226785648350163 -1.5885006162603985 -0.5059918643450357 -0.0987866021689186 0.7862661012484593 -0.4614708875301066 
213 -1 1.0820920287221494 1.0360822339199183 0.6285986554676851 -0.9248666793906836 0.13201556694156213 -0.48364822035557997 0.9157676053613655 
214 1 0.6549803314730122 1.4772478888776657 1.4535658263432512 2.1119757296902635 -0.6373249967600404 -0.8464808836710198 -1.5062725028270854 
215 -1 0.014312785599306443 0.06551779301287416 0.0614337254907335 0.2270390619848481 0.17048259512664227 0.06060077461757972 -0.034052044908615256 
216 1 -1.0534664575235364 -1.081512909877269 -0.6604125490253868 0.43647646950767205 -0.5988579685749602 -0.48364822035557997 -1.031362677692095 
217 -1 0.3346465585361593 -0.022715337978675306 -0.24792896358760377 -0.5059918643450357 -0.5988579685749602 -0.12081555704014019 -0.4139799050166076 
218 -1 1.0820920287221494 0.594916578962171 0.42235686274879364 -0.8201479756292717 -0.9450612222406813 -0.3022318886978601 -0.6514348175841027 
219 1 -1.1602443818358208 -0.90504664789417 -0.9182147899240012 0.12232035822343615 -0.5219239122048 -0.3022318886978601 -1.126344642719093 
220 1 -0.6263547602743993 -0.6403472549195216 -0.29948941176732663 -0.19183575306079978 0.01661448238632177 -0.8464808836710198 -0.3189979399896095 
221 -1 -0.519576835962115 -0.9932797788857195 -0.969775238103724 -0.6107105681064476 -1.0989293349810019 -0.3022318886978601 -1.078853660205594 
222 1 0.975314104409865 1.6537141508607647 1.8660494117810342 -0.4012731605836237 0.36281773605204287 1.1490987645638993 1.1532225179288607 
223 1 -1.4805781547726735 -1.3462123028519173 -1.4853797199009529 0.43647646950767205 -1.0989293349810019 -0.12081555704014019 -1.5537634853405844 
224 1 -0.8399106088989678 -0.9932797788857195 -1.0213356862834468 0.6459138770304961 0.3243507078669628 0.7862661012484593 -0.08154302742211429 
225 1 -0.8399106088989678 -0.8168135169026206 -0.7119729972051096 -0.5059918643450357 -0.9835282504257615 1.330515096221619 -0.8413987476380989 
226 -1 1.9363154232204236 2.0066466748269627 1.9176098599607572 1.9025383221674397 0.5551528769774435 1.1490987645638993 0.250893850172379 
227 1 -0.7331326845866836 -0.7285803859110711 -0.7635334453848325 1.064788692076144 0.17048259512664227 -0.3022318886978601 -0.2715069574761104 
228 1 0.975314104409865 1.0360822339199183 1.556686722702697 1.064788692076144 1.6322296661596871 1.511931427879339 1.1057315354153616 
229 1 -1.694134003397242 -1.5226785648350163 -1.6400610644401215 2.4261318409744996 -1.175863391351162 0.24201710627529963 -1.5537634853405844 
230 -1 -0.4127989116498307 -0.6403472549195216 -0.6604125490253868 -0.19183575306079978 -0.48345688401971987 -1.0278972153287398 0.1559118851453809 
231 1 0.014312785599306443 0.594916578962171 1.092642689085191 1.064788692076144 2.1707680607508086 1.1490987645638993 1.7706052906043481 
232 1 0.5482024071607279 0.15375092400442364 0.7317195518271309 -0.7154292718678597 1.2475593843088857 0.9676824329061793 1.2956954654693578 
233 -1 0.3346465585361593 -0.11094846897022478 -0.29948941176732663 -0.7154292718678597 -0.13725363035399873 -0.8464808836710198 0.10842090263188185 
234 1 -1.0534664575235364 -1.7873779578096647 -1.743181960799567 -0.19183575306079978 -1.2912644759064025 -1.7535625419596192 -1.3163085727730892 
235 -1 -0.09246513871297785 -0.11094846897022478 -0.04168717086871225 -0.4012731605836237 -0.2911217430943192 0.24201710627529963 -0.5564528525571046 
236 1 0.8685361800975807 1.300781626894567 1.556686722702697 1.37894480336038 1.7476307507149274 1.511931427879339 1.0582405529018626 
237 -1 0.8685361800975807 0.77138284094527 0.6285986554676851 -0.5059918643450357 -0.21418768672415897 -0.48364822035557997 -0.17652499244911238 
238 1 -0.3060209873375464 -0.7285803859110711 -0.4026103081267724 -1.0295853831520956 0.8244220742730044 0.4234334379330195 0.6308217102803713 
239 -1 0.5482024071607279 0.594916578962171 0.8348404481865767 0.12232035822343615 1.016757215198405 1.330515096221619 1.533150378036853 
240 1 -0.3060209873375464 0.2419840549959731 0.4739173109285165 -1.9720537170048034 -0.829660137685441 1.8747640911947787 -0.3189979399896095 
241 -1 1.5092037259712865 1.6537141508607647 1.195763585444637 -1.3437414944363315 -0.4065228276495596 0.06060077461757972 0.298384832685878 
242 1 -1.267022306148105 -0.46388099293642265 -0.6088521008456639 0.6459138770304961 0.7090209897177641 -0.12081555704014019 -0.17652499244911238 
243 -1 -0.4127989116498307 -0.5521141239279721 -0.4026103081267724 0.12232035822343615 0.36281773605204287 -1.3907298786441795 0.5358397452533732 
244 -1 0.3346465585361593 -0.11094846897022478 -0.29948941176732663 -0.08711704929938781 -0.32958877127939934 -1.0278972153287398 0.20340286765887994 
245 1 0.014312785599306443 0.15375092400442364 0.21611507002990213 -0.6107105681064476 -0.0987866021689186 0.4234334379330195 0.5833307277668722 
246 -1 0.6549803314730122 0.41845031697907203 0.31923596638934787 0.5411951732690841 -0.44498985583463974 -0.48364822035557997 -0.12903400993561334 
247 1 -1.0534664575235364 -0.6403472549195216 -0.5057312044862181 0.017601654462024167 -1.175863391351162 -0.8464808836710198 -1.4112905378000873 
248 -1 -0.3060209873375464 -0.5521141239279721 -0.7119729972051096 -1.7626163094819793 -2.099072067793085 -0.8464808836710198 -1.9336913454485767 
249 1 -1.4805781547726735 -1.8756110888012143 -1.5369401680806756 -0.8201479756292717 -1.6374677295721236 -0.6650645520133 -1.8862003629350776 
250 1 -0.8399106088989678 -0.90504664789417 -0.24792896358760377 -2.705084643334687 -1.137396363166082 1.693347759537059 -0.36648892250310855 
251 -1 1.1888699530344335 0.9478491029283689 1.092642689085191 -1.2390227906749196 -0.2911217430943192 0.06060077461757972 0.6783126927938703 
252 1 -0.519576835962115 -1.257979171860368 -1.1244565826428927 0.5411951732690841 0.7090209897177641 -0.12081555704014019 0.06092992011838282 
253 1 -1.267022306148105 -0.9932797788857195 -0.969775238103724 1.5883822108832037 -0.5219239122048 0.24201710627529963 -1.2213266077460911 
254 -1 0.8685361800975807 0.5066834479706215 0.267675518209625 -1.4484601981977434 -0.6757920249451205 -1.0278972153287398 0.06092992011838282 
255 -1 0.12109070991159072 0.15375092400442364 0.37079641456907075 -0.19183575306079978 -0.13725363035399873 0.06060077461757972 0.4408577802263751 
256 -1 -0.3060209873375464 -0.19918159996177426 0.11299417367045637 -1.0295853831520956 -0.4065228276495596 -1.0278972153287398 0.3933667977128761 
257 -1 0.014312785599306443 0.06551779301287416 0.11299417367045637 -0.8201479756292717 -0.2911217430943192 -0.8464808836710198 0.250893850172379 
258 1 -0.519576835962115 -0.2874147309533237 0.0614337254907335 -0.8201479756292717 -0.5988579685749602 1.1490987645638993 -0.5564528525571046 
259 1 0.4414244828484436 0.6831497099537205 0.8864008963662995 0.3317577657462601 2.0168999480104883 1.330515096221619 1.67562332557735 
260 1 -0.6263547602743993 -0.46388099293642265 -0.29948941176732663 0.6459138770304961 0.9398231588282447 0.4234334379330195 0.3933667977128761 
261 -1 -0.19924306302526212 -0.2874147309533237 -0.6088521008456639 0.960069988314732 0.01661448238632177 -1.2093135469864595 -0.5564528525571046 
262 -1 -0.3060209873375464 -0.46388099293642265 -0.8150938935645554 -0.8201479756292717 -1.0604623067959218 -0.6650645520133 -0.888889730151598 
263 1 -0.7331326845866836 -0.9932797788857195 -1.0728961344631698 0.43647646950767205 -0.8681271658705211 -1.0278972153287398 -0.936380712665097 
264 1 0.3346465585361593 0.3302171859875226 0.9379613445460224 0.6459138770304961 1.7091637225298473 1.330515096221619 1.2956954654693578 
265 -1 -0.6263547602743993 -0.3756478619448732 -0.09324761904843513 -1.0295853831520956 0.7859550460879243 -0.6650645520133 1.580641360550352 
266 1 2.0430933475327078 1.4772478888776657 0.4739173109285165 0.85535128455332 -0.5603909403898801 -1.2093135469864595 -0.12903400993561334 
267 -1 0.22786863422387502 -0.11094846897022478 -0.24792896358760377 2.216694433451676 -0.25265471490923913 -1.5721462103018995 -0.5089618700436056 
268 -1 -0.519576835962115 -1.257979171860368 -0.9182147899240012 -0.8201479756292717 -1.445132588646723 -0.6650645520133 -0.936380712665097 
269 1 -0.519576835962115 -0.5521141239279721 -0.3510498599470495 -0.7154292718678597 -0.7142590531302007 0.6048497695907394 -0.6989258000976017 
270 1 0.12109070991159072 0.41845031697907203 0.009873277311010623 2.3214131372130877 0.3243507078669628 -0.8464808836710198 0.250893850172379 
271 -1 -0.519576835962115 -0.7285803859110711 -0.7119729972051096 -0.29655445682221176 -0.5219239122048 -1.5721462103018995 -0.12903400993561334 
272 -1 -0.6263547602743993 -0.2874147309533237 -0.24792896358760377 -0.19183575306079978 0.24741665149680253 -1.0278972153287398 0.6783126927938703 
273 -1 -0.6263547602743993 -0.46388099293642265 -0.09324761904843513 -1.6578976057205674 -1.5990007013870435 0.24201710627529963 -1.126344642719093 
274 -1 -0.19924306302526212 0.15375092400442364 0.31923596638934787 -0.08711704929938781 0.28588367968188266 0.24201710627529963 0.6783126927938703 
275 -1 -0.4127989116498307 -0.5521141239279721 -0.4026103081267724 -0.7154292718678597 -0.021852545798758356 -0.6650645520133 0.8207856403343674 
276 -1 0.3346465585361593 -0.022715337978675306 -0.3510498599470495 -1.9720537170048034 -1.2527974477213224 -0.12081555704014019 -0.7464167826111008 
277 1 0.014312785599306443 0.3302171859875226 0.5770382072879623 0.017601654462024167 0.5166858487923633 -0.8464808836710198 0.4408577802263751 
278 -1 -0.09246513871297785 -0.2874147309533237 -0.144808067228158 -0.4012731605836237 0.13201556694156213 -0.3022318886978601 0.250893850172379 
279 1 -1.0534664575235364 -0.9932797788857195 -1.0213356862834468 0.6459138770304961 -0.44498985583463974 0.6048497695907394 -0.6039438350706037 
280 -1 1.722759574595855 1.0360822339199183 0.42235686274879364 -1.6578976057205674 -0.4065228276495596 0.6048497695907394 0.48834876273987415 
281 -1 1.6159816502835707 1.3890147578861163 0.8864008963662995 -1.4484601981977434 -0.5603909403898801 -0.3022318886978601 -0.034052044908615256 
282 1 0.22786863422387502 0.5066834479706215 0.6285986554676851 -0.19183575306079978 0.5551528769774435 2.0561804228524987 0.9632585878748645 
283 1 -0.3060209873375464 0.06551779301287416 0.11299417367045637 1.6931009146446159 1.5937626379746068 0.6048497695907394 0.8682766228478664 
284 1 -1.9076898520218106 -1.7873779578096647 -2.0525446498779045 2.6355692484973234 -0.8681271658705211 -2.116395205275059 -1.7912183979080796 
285 1 -1.587356079084958 -1.7873779578096647 -1.743181960799567 -1.1343040869135075 -1.5220666450168832 -1.3907298786441795 -1.7437274153945805 
286 1 -1.4805781547726735 -1.257979171860368 -1.2791379271820613 0.750632580791908 -0.6373249967600404 0.24201710627529963 -1.2213266077460911 
287 -1 -0.19924306302526212 0.2419840549959731 0.37079641456907075 0.12232035822343615 -0.4065228276495596 0.4234334379330195 -0.034052044908615256 
288 -1 -0.7331326845866836 -0.6403472549195216 -0.7635334453848325 0.43647646950767205 -0.060319573983838484 0.4234334379330195 -0.5564528525571046 
289 1 0.7617582557852964 0.8596159719368194 1.2473240336243596 -0.5059918643450357 0.9782901870133249 1.330515096221619 1.1532225179288607 
290 -1 1.1888699530344335 1.918413543835413 1.8660494117810342 1.6931009146446159 1.4398945252342863 0.24201710627529963 1.9130782381448452 
291 -1 0.4414244828484436 0.6831497099537205 0.6285986554676851 0.5411951732690841 0.47821882060728327 -0.12081555704014019 0.1559118851453809 
292 1 0.22786863422387502 0.5066834479706215 0.37079641456907075 0.12232035822343615 -0.5988579685749602 0.7862661012484593 -0.936380712665097 
293 -1 0.12109070991159072 0.3302171859875226 0.16455462185017924 0.85535128455332 0.8244220742730044 -0.48364822035557997 0.48834876273987415 
294 1 0.975314104409865 0.6831497099537205 1.041082240905468 0.12232035822343615 2.6323723989717704 1.8747640911947787 1.8655872556313462 
295 -1 1.1888699530344335 0.5066834479706215 0.31923596638934787 -1.1343040869135075 -0.5988579685749602 -1.5721462103018995 -0.08154302742211429 
296 -1 -0.519576835962115 -0.3756478619448732 -0.144808067228158 -0.29655445682221176 0.5936199051625236 -0.6650645520133 0.20340286765887994 
297 -1 0.4414244828484436 0.3302171859875226 -0.04168717086871225 0.017601654462024167 -0.32958877127939934 0.6048497695907394 -0.3189979399896095 
298 -1 2.3634271204695607 2.5360454607762595 1.9691703081404799 0.6459138770304961 0.7474880179028441 -0.12081555704014019 1.4381684130098549 
299 1 -2.121245700646379 -1.9638442197927637 -2.0525446498779045 -0.6107105681064476 -1.3681985322765626 -1.7535625419596192 -1.6487454503675825 
300 1 -0.3060209873375464 -0.2874147309533237 0.11299417367045637 -0.9248666793906836 -0.2911217430943192 2.0561804228524987 -0.3189979399896095 
301 -1 0.5482024071607279 -0.022715337978675306 -0.24792896358760377 -1.8673350132433915 -1.3297315040914826 0.06060077461757972 -0.888889730151598 
302 1 -1.1602443818358208 -0.9932797788857195 -1.4853797199009529 0.43647646950767205 -1.7913358423124441 -1.2093135469864595 -2.028673310475575 
303 -1 0.975314104409865 0.594916578962171 -0.144808067228158 0.3317577657462601 -1.137396363166082 -1.0278972153287398 -1.126344642719093 
304 -1 1.295647877346718 0.8596159719368194 1.041082240905468 -0.5059918643450357 -0.25265471490923913 -0.12081555704014019 0.34587581519937705 
305 1 -0.4127989116498307 -0.3756478619448732 -0.29948941176732663 0.12232035822343615 0.17048259512664227 1.330515096221619 -0.08154302742211429 
306 1 0.7617582557852964 1.0360822339199183 1.195763585444637 0.12232035822343615 1.939965891640328 1.511931427879339 1.628132343063851 
307 1 1.1888699530344335 1.6537141508607647 2.0722912044999258 1.5883822108832037 2.0938340043806485 1.511931427879339 1.3906774304963558 
308 1 -1.694134003397242 -2.228543612767412 -2.258786442596796 0.6459138770304961 -1.0989293349810019 -1.5721462103018995 -1.6962364328810815 
309 1 0.5482024071607279 0.77138284094527 1.195763585444637 0.43647646950767205 1.7476307507149274 0.4234334379330195 1.0107495703883635 
310 1 -0.519576835962115 -0.19918159996177426 0.009873277311010623 0.85535128455332 -0.25265471490923913 0.9676824329061793 -0.6039438350706037 
311 -1 -0.6263547602743993 -0.90504664789417 -0.9182147899240012 -1.1343040869135075 -0.5988579685749602 -1.2093135469864595 -0.6039438350706037 
312 1 1.6159816502835707 2.271346067801611 2.6910165826566 1.4836635071217918 2.0938340043806485 1.8747640911947787 1.9605692206583443 
313 -1 1.8295374989081392 1.300781626894567 1.092642689085191 0.3317577657462601 -0.0987866021689186 -0.6650645520133 0.34587581519937705 
314 1 -0.4127989116498307 -0.5521141239279721 -0.3510498599470495 0.750632580791908 -0.6757920249451205 -1.3907298786441795 -0.08154302742211429 
315 -1 0.5482024071607279 0.41845031697907203 0.21611507002990213 -0.08711704929938781 -0.21418768672415897 -1.0278972153287398 -0.4614708875301066 
316 -1 4.07187390946611 4.565407473581898 4.083148683509118 2.5308505447359115 3.170910793562892 0.24201710627529963 3.9076995037118047 
317 -1 0.12109070991159072 -0.11094846897022478 0.009873277311010623 0.3317577657462601 -0.0987866021689186 -0.12081555704014019 0.1559118851453809 
318 1 -1.1602443818358208 -0.5521141239279721 -0.1963685154078809 -1.0295853831520956 -1.0604623067959218 1.8747640911947787 -0.36648892250310855 
319 1 -0.9466885332112521 -0.7285803859110711 -0.4541707563064953 -1.1343040869135075 -0.5988579685749602 0.9676824329061793 -0.5564528525571046 
320 -1 1.9363154232204236 1.5654810198692153 0.9379613445460224 -0.5059918643450357 -0.4065228276495596 -0.6650645520133 0.1559118851453809 
321 1 -1.587356079084958 -1.6991448268181153 -1.897863305338736 1.5883822108832037 -1.0219952786108417 -1.5721462103018995 -1.6962364328810815 
322 1 -0.4127989116498307 -0.6403472549195216 -0.6604125490253868 1.064788692076144 -0.4065228276495596 -0.6650645520133 0.20340286765887994 
323 1 -1.267022306148105 -1.5226785648350163 -1.4853797199009529 -0.19183575306079978 0.43975179242220314 0.06060077461757972 0.6308217102803713 
324 -1 -1.4805781547726735 -1.7873779578096647 -1.6916215126198444 -0.8201479756292717 -1.8298028704975242 -1.2093135469864595 -1.6487454503675825 
325 -1 0.4414244828484436 -0.19918159996177426 -0.144808067228158 0.017601654462024167 0.8628891024580845 0.4234334379330195 1.1057315354153616 
326 -1 0.5482024071607279 0.77138284094527 0.8864008963662995 0.3317577657462601 1.055224243383485 0.9676824329061793 1.0582405529018626 
327 1 0.014312785599306443 -0.11094846897022478 -0.5057312044862181 0.6459138770304961 0.8244220742730044 2.2375967545102187 0.3933667977128761 
328 -1 -0.09246513871297785 -0.3756478619448732 -0.4541707563064953 -1.5531789019591555 -0.9065941940556013 -0.48364822035557997 -0.6989258000976017 
329 -1 0.22786863422387502 -0.022715337978675306 0.11299417367045637 -0.4012731605836237 -0.32958877127939934 -0.8464808836710198 0.10842090263188185 
330 -1 1.295647877346718 1.0360822339199183 0.9379613445460224 -0.5059918643450357 0.3243507078669628 0.4234334379330195 0.6308217102803713 
331 -1 1.8295374989081392 1.4772478888776657 0.9379613445460224 -0.29655445682221176 0.2089496233117224 -0.6650645520133 0.6783126927938703 
332 1 -0.4127989116498307 -0.3756478619448732 -0.29948941176732663 -1.9720537170048034 -0.7142590531302007 1.330515096221619 -0.17652499244911238 
333 1 0.014312785599306443 0.41845031697907203 0.5770382072879623 1.37894480336038 2.1707680607508086 1.330515096221619 1.580641360550352 
334 -1 -0.8399106088989678 -0.90504664789417 -0.8666543417442782 -0.7154292718678597 -0.13725363035399873 -1.3907298786441795 0.5358397452533732 
335 1 -0.9466885332112521 -1.1697460408688185 -1.2275774790023384 0.2270390619848481 0.7859550460879243 -0.48364822035557997 -0.034052044908615256 
336 1 1.402425801659002 0.9478491029283689 0.5770382072879623 -1.5531789019591555 -1.2143304195362423 1.1490987645638993 -0.6039438350706037 
337 -1 -0.7331326845866836 -0.2874147309533237 0.11299417367045637 0.2270390619848481 -0.5988579685749602 -1.0278972153287398 -0.2715069574761104 
338 -1 -0.09246513871297785 -0.19918159996177426 -0.29948941176732663 -0.29655445682221176 0.2089496233117224 -1.0278972153287398 0.7258036753073693 
339 1 0.5482024071607279 0.5066834479706215 0.6285986554676851 0.3317577657462601 1.7860977789000074 1.330515096221619 1.628132343063851 
340 -1 0.3346465585361593 1.3890147578861163 2.5878956862971543 1.4836635071217918 2.863174568082251 0.24201710627529963 4.1451544162793 
341 -1 0.5482024071607279 -0.19918159996177426 -0.09324761904843513 -2.4956472358118633 -1.445132588646723 -0.3022318886978601 -0.8413987476380989 
342 1 0.5482024071607279 0.5066834479706215 0.7832800000068538 0.017601654462024167 1.0936912715685654 1.330515096221619 1.0582405529018626 
343 1 0.22786863422387502 0.2419840549959731 0.16455462185017924 0.12232035822343615 1.286026412493966 0.06060077461757972 0.8207856403343674 
344 -1 0.6549803314730122 0.6831497099537205 0.42235686274879364 -0.19183575306079978 -0.0987866021689186 -0.48364822035557997 0.10842090263188185 
345 -1 -1.267022306148105 -1.1697460408688185 -1.3306983753617843 -0.9248666793906836 -1.5990007013870435 -1.5721462103018995 -1.5062725028270854 
346 1 -0.3060209873375464 0.15375092400442364 0.37079641456907075 -0.4012731605836237 -0.4065228276495596 0.24201710627529963 -0.4139799050166076 
347 1 0.5482024071607279 1.1243153649114679 1.092642689085191 0.960069988314732 0.2089496233117224 1.511931427879339 0.013438937604883782 
348 1 0.6549803314730122 0.6831497099537205 1.195763585444637 -0.5059918643450357 1.2475593843088857 1.693347759537059 1.533150378036853 
349 1 -0.8399106088989678 -0.90504664789417 -0.9182147899240012 -0.9248666793906836 -0.7142590531302007 -0.12081555704014019 -0.6989258000976017 
350 1 0.8685361800975807 1.0360822339199183 1.092642689085191 0.750632580791908 2.4015702298612895 1.330515096221619 1.723114308090849 
351 -1 -0.19924306302526212 0.06551779301287416 0.11299417367045637 -0.08711704929938781 0.5551528769774435 0.24201710627529963 0.250893850172379 
352 1 -0.4127989116498307 -0.19918159996177426 -0.04168717086871225 -1.5531789019591555 0.7859550460879243 1.1490987645638993 1.2956954654693578 
353 1 0.22786863422387502 0.15375092400442364 0.21611507002990213 0.2270390619848481 1.5168285816044467 0.24201710627529963 1.0582405529018626 
354 1 -1.1602443818358208 -1.081512909877269 -1.4853797199009529 3.4733188785886195 -0.4065228276495596 -1.3907298786441795 -1.3637995552865882 
355 1 0.5482024071607279 -0.46388099293642265 -0.1963685154078809 -0.19183575306079978 -1.175863391351162 0.24201710627529963 -1.5062725028270854 
356 1 0.8685361800975807 1.1243153649114679 0.9379613445460224 0.017601654462024167 1.4783615534193666 0.6048497695907394 1.533150378036853 
357 1 -0.19924306302526212 -0.3756478619448732 -0.144808067228158 0.017601654462024167 0.3243507078669628 0.9676824329061793 0.013438937604883782 
358 -1 -0.09246513871297785 -0.3756478619448732 -0.4026103081267724 -0.9248666793906836 -1.3681985322765626 -0.12081555704014019 -0.936380712665097 
359 -1 -1.267022306148105 -1.257979171860368 -1.382258823541507 -0.6107105681064476 -1.3681985322765626 -0.8464808836710198 -1.4587815203135863 
360 1 -0.19924306302526212 -0.46388099293642265 -0.09324761904843513 -0.6107105681064476 1.1321582997536455 0.7862661012484593 0.34587581519937705 
361 -1 0.3346465585361593 -0.022715337978675306 -0.4026103081267724 -0.9248666793906836 -2.022138011422925 -1.5721462103018995 -1.7437274153945805 
362 1 -1.8009119277095265 -1.7873779578096647 -1.846302857159013 0.43647646950767205 -0.7527260813152807 1.1490987645638993 -1.7912183979080796 
363 -1 0.7617582557852964 0.6831497099537205 0.8348404481865767 -1.0295853831520956 -0.25265471490923913 0.6048497695907394 0.06092992011838282 
364 -1 -0.4127989116498307 -0.19918159996177426 0.21611507002990213 -0.19183575306079978 0.6705539615326839 0.24201710627529963 0.6783126927938703 
365 1 1.1888699530344335 1.3890147578861163 1.6598076190621427 0.750632580791908 2.132301032565729 1.693347759537059 1.67562332557735 
366 1 -0.4127989116498307 -0.3756478619448732 -0.5057312044862181 1.169507395837556 1.1706253279387255 0.6048497695907394 0.4408577802263751 
367 -1 -0.09246513871297785 0.06551779301287416 0.267675518209625 -0.6107105681064476 -0.5988579685749602 0.6048497695907394 -0.3189979399896095 
368 1 -1.3738002304603893 -1.081512909877269 -1.0213356862834468 -0.5059918643450357 -1.2527974477213224 -0.12081555704014019 -1.2213266077460911 
369 -1 0.014312785599306443 -0.022715337978675306 0.37079641456907075 -0.19183575306079978 1.2475593843088857 0.6048497695907394 1.1532225179288607 
370 1 -0.19924306302526212 0.15375092400442364 0.009873277311010623 2.0072570259288516 0.8244220742730044 1.8747640911947787 0.10842090263188185 
371 1 -1.587356079084958 -1.3462123028519173 -1.5369401680806756 1.37894480336038 -0.9835282504257615 -1.5721462103018995 -1.7912183979080796 
372 -1 -0.519576835962115 -0.8168135169026206 -1.382258823541507 -0.9248666793906836 -1.5990007013870435 -1.0278972153287398 -1.3163085727730892 
373 -1 0.22786863422387502 0.2419840549959731 -0.3510498599470495 0.3317577657462601 -0.7527260813152807 -0.48364822035557997 -0.6039438350706037 
374 -1 -0.09246513871297785 -0.022715337978675306 0.009873277311010623 0.017601654462024167 0.05508151057140189 -0.48364822035557997 0.34587581519937705 
375 -1 -0.09246513871297785 0.15375092400442364 0.0614337254907335 0.5411951732690841 0.17048259512664227 -0.12081555704014019 0.20340286765887994 
376 -1 -1.3738002304603893 -1.257979171860368 -1.382258823541507 -0.19183575306079978 -0.9065941940556013 -1.9349788736173392 -1.031362677692095 
377 -1 0.014312785599306443 0.2419840549959731 0.11299417367045637 -0.19183575306079978 -0.25265471490923913 0.06060077461757972 -0.034052044908615256 
378 1 -0.19924306302526212 -0.3756478619448732 -0.4541707563064953 1.9025383221674397 0.5936199051625236 -0.6650645520133 -0.034052044908615256 
379 1 0.6549803314730122 0.9478491029283689 1.4020053781635282 -0.8201479756292717 -0.060319573983838484 1.8747640911947787 0.6308217102803713 
380 -1 -0.6263547602743993 -0.7285803859110711 -0.4541707563064953 -0.08711704929938781 -0.6373249967600404 -1.2093135469864595 -0.5089618700436056 
381 1 -0.4127989116498307 -0.022715337978675306 0.11299417367045637 0.960069988314732 0.6705539615326839 -0.12081555704014019 0.06092992011838282 
382 1 -0.8399106088989678 -1.1697460408688185 -1.1244565826428927 -0.4012731605836237 0.3243507078669628 -0.12081555704014019 -0.17652499244911238 
383 1 0.12109070991159072 0.6831497099537205 1.041082240905468 -1.2390227906749196 -0.6373249967600404 1.330515096221619 0.06092992011838282 
384 -1 -1.267022306148105 -1.434445433843467 -1.2275774790023384 -0.7154292718678597 -1.3681985322765626 -0.8464808836710198 -1.3163085727730892 
385 1 0.22786863422387502 0.9478491029283689 1.2988844818040826 1.37894480336038 2.209235088935889 0.6048497695907394 1.2956954654693578 
386 1 -0.4127989116498307 -0.022715337978675306 0.37079641456907075 -1.7626163094819793 -1.0989293349810019 1.1490987645638993 -0.4139799050166076 
387 -1 0.3346465585361593 -0.11094846897022478 0.009873277311010623 -0.5059918643450357 -0.32958877127939934 -1.3907298786441795 -0.17652499244911238 
388 1 -0.19924306302526212 0.06551779301287416 0.42235686274879364 -0.19183575306079978 1.0936912715685654 0.4234334379330195 0.6308217102803713 
389 -1 0.22786863422387502 0.15375092400442364 0.16455462185017924 -1.0295853831520956 0.3243507078669628 0.24201710627529963 0.4408577802263751 
390 -1 0.6549803314730122 0.77138284094527 0.21611507002990213 -1.2390227906749196 -0.5603909403898801 1.1490987645638993 -0.034052044908615256 
391 1 -0.09246513871297785 -0.3756478619448732 -0.04168717086871225 0.6459138770304961 2.2477021171209692 0.24201710627529963 1.723114308090849 
392 1 0.3346465585361593 0.5066834479706215 0.8348404481865767 0.2270390619848481 1.5937626379746068 1.8747640911947787 1.1532225179288607 
393 -1 2.1498712718449924 1.918413543835413 1.556686722702697 0.85535128455332 0.36281773605204287 -0.3022318886978601 0.6783126927938703 
394 -1 0.7617582557852964 0.594916578962171 0.5254777591082394 -0.4012731605836237 -0.44498985583463974 0.06060077461757972 -0.034052044908615256 
395 -1 -0.09246513871297785 -0.19918159996177426 -0.557291652665941 0.2270390619848481 -0.8681271658705211 -1.0278972153287398 -0.5089618700436056 
396 1 0.014312785599306443 -0.022715337978675306 0.11299417367045637 0.2270390619848481 1.4014274970492062 0.6048497695907394 0.8207856403343674 
397 -1 0.014312785599306443 -0.2874147309533237 -0.4026103081267724 -1.3437414944363315 -1.137396363166082 -0.48364822035557997 -0.7939077651245998 
398 1 -1.267022306148105 -0.9932797788857195 -1.2275774790023384 2.216694433451676 -0.17572065853907887 -1.0278972153287398 -0.6039438350706037 
399 -1 1.5092037259712865 1.6537141508607647 1.3504449299838055 0.85535128455332 0.7474880179028441 -0.3022318886978601 1.0107495703883635 
400 1 -0.519576835962115 -0.022715337978675306 0.0614337254907335 -1.3437414944363315 -0.7142590531302007 0.4234334379330195 -0.2715069574761104 
401 -1 -0.19924306302526212 0.06551779301287416 -0.09324761904843513 -0.08711704929938781 -0.13725363035399873 -0.3022318886978601 -0.2715069574761104 
402 1 -2.121245700646379 -2.1403104817758627 -2.207225994417073 -0.29655445682221176 -1.0604623067959218 -2.297811536932779 -1.6962364328810815 
403 -1 1.1888699530344335 0.594916578962171 0.42235686274879364 -0.8201479756292717 -1.0604623067959218 -0.8464808836710198 -0.8413987476380989 
404 1 0.4414244828484436 0.77138284094527 1.144203137264914 0.43647646950767205 1.9784329198254083 1.330515096221619 3.052861818468822 
405 1 1.1888699530344335 1.300781626894567 0.9379613445460224 -0.08711704929938781 0.36281773605204287 1.1490987645638993 0.3933667977128761 
406 1 1.722759574595855 1.8301804128438637 2.278532997218817 0.960069988314732 1.5168285816044467 0.06060077461757972 1.3906774304963558 
407 1 0.014312785599306443 0.06551779301287416 -0.144808067228158 0.6459138770304961 1.055224243383485 0.6048497695907394 0.48834876273987415 
408 1 -0.19924306302526212 -0.19918159996177426 -0.144808067228158 0.750632580791908 1.7091637225298473 1.1490987645638993 0.4408577802263751 
409 -1 -0.3060209873375464 -0.2874147309533237 -0.24792896358760377 -0.5059918643450357 -0.36805579946447947 0.24201710627529963 -0.36648892250310855 
410 -1 0.5482024071607279 0.6831497099537205 0.267675518209625 0.5411951732690841 -0.48345688401971987 0.24201710627529963 -0.6039438350706037 
411 -1 0.014312785599306443 0.06551779301287416 -0.1963685154078809 -0.4012731605836237 -1.0219952786108417 0.7862661012484593 -1.173835625232592 
412 1 0.6549803314730122 1.0360822339199183 1.144203137264914 -0.19183575306079978 1.286026412493966 1.1490987645638993 1.2956954654693578 
413 -1 -0.3060209873375464 -0.46388099293642265 -0.8150938935645554 -1.2390227906749196 -1.0219952786108417 1.330515096221619 -0.6989258000976017 
414 1 -1.694134003397242 -1.434445433843467 -1.79474240897929 1.7978196184060278 -0.6373249967600404 -0.6650645520133 -1.4587815203135863 
415 -1 0.5482024071607279 -0.022715337978675306 -0.24792896358760377 -1.8673350132433915 -1.2143304195362423 -0.6650645520133 -0.5089618700436056 
416 1 -0.09246513871297785 0.06551779301287416 -0.09324761904843513 1.5883822108832037 0.6705539615326839 -0.8464808836710198 -0.12903400993561334 
417 -1 6.314210320024079 5.80067130746359 3.258181512633552 0.960069988314732 0.7859550460879243 0.7862661012484593 1.67562332557735 
418 1 0.014312785599306443 0.41845031697907203 0.6801591036474081 0.750632580791908 -1.483599616831803 0.6048497695907394 -1.9336913454485767 
419 1 0.12109070991159072 0.15375092400442364 0.42235686274879364 -0.8201479756292717 0.17048259512664227 0.7862661012484593 0.20340286765887994 
420 -1 1.1888699530344335 1.300781626894567 1.041082240905468 1.5883822108832037 1.2475593843088857 0.06060077461757972 1.628132343063851 
421 -1 0.4414244828484436 0.594916578962171 0.6285986554676851 0.2270390619848481 -0.32958877127939934 -0.6650645520133 0.10842090263188185 
422 -1 -0.3060209873375464 -0.5521141239279721 -0.6604125490253868 -1.3437414944363315 0.05508151057140189 -0.12081555704014019 1.0107495703883635 
423 -1 -0.19924306302526212 -0.2874147309533237 -0.144808067228158 0.6459138770304961 -0.0987866021689186 -0.6650645520133 0.20340286765887994 
424 1 0.6549803314730122 1.3890147578861163 1.3504449299838055 1.064788692076144 0.3243507078669628 2.0561804228524987 0.298384832685878 
425 1 -0.7331326845866836 -0.6403472549195216 -0.4541707563064953 -1.5531789019591555 -0.9450612222406813 1.330515096221619 -0.6514348175841027 
426 -1 0.7617582557852964 0.6831497099537205 0.5770382072879623 0.5411951732690841 0.8628891024580845 -0.6650645520133 0.8682766228478664 
427 -1 -0.3060209873375464 -0.5521141239279721 -0.4026103081267724 -1.0295853831520956 -0.7527260813152807 -1.2093135469864595 -0.5564528525571046 
428 1 -0.6263547602743993 -0.7285803859110711 -0.6604125490253868 -0.19183575306079978 0.7859550460879243 0.6048497695907394 0.20340286765887994 
429 -1 -0.19924306302526212 0.3302171859875226 -0.3510498599470495 0.017601654462024167 -0.13725363035399873 0.06060077461757972 0.013438937604883782 
430 1 0.975314104409865 1.6537141508607647 1.7629285154215883 0.12232035822343615 1.2090923561238056 1.693347759537059 1.0107495703883635 
431 1 -1.694134003397242 -1.7873779578096647 -2.0009842016981816 0.3317577657462601 -1.483599616831803 -1.5721462103018995 -2.028673310475575 
432 -1 0.22786863422387502 0.3302171859875226 0.4739173109285165 0.5411951732690841 -0.5988579685749602 -0.8464808836710198 -0.5564528525571046 
433 -1 1.722759574595855 1.3890147578861163 0.7832800000068538 -0.7154292718678597 0.09354853875648202 0.6048497695907394 0.6308217102803713 
434 1 -1.0534664575235364 -0.9932797788857195 -1.0213356862834468 -0.08711704929938781 -0.5219239122048 -0.6650645520133 -0.6514348175841027 
435 1 0.4414244828484436 0.77138284094527 0.9379613445460224 0.5411951732690841 1.5168285816044467 1.1490987645638993 1.0582405529018626 
436 -1 0.014312785599306443 -0.11094846897022478 0.16455462185017924 -0.4012731605836237 0.9782901870133249 0.06060077461757972 0.9632585878748645 
437 -1 0.3346465585361593 0.594916578962171 0.16455462185017924 -0.5059918643450357 -0.2911217430943192 0.6048497695907394 0.34587581519937705 
438 -1 0.12109070991159072 0.594916578962171 0.8348404481865767 0.960069988314732 1.324493440679046 -0.48364822035557997 2.0555511856853426 
439 1 -0.6263547602743993 -0.8168135169026206 -1.382258823541507 0.960069988314732 -1.2143304195362423 -1.2093135469864595 -1.2688175902595902 
440 -1 -0.3060209873375464 -0.2874147309533237 -0.1963685154078809 0.5411951732690841 0.17048259512664227 0.06060077461757972 -0.2240159749626114 
441 1 -1.267022306148105 -1.1697460408688185 -1.0213356862834468 -0.4012731605836237 0.401284764237123 -1.5721462103018995 -0.36648892250310855 
442 -1 0.7617582557852964 0.5066834479706215 0.16455462185017924 -0.08711704929938781 -0.21418768672415897 0.06060077461757972 -0.17652499244911238 
443 1 0.7617582557852964 0.6831497099537205 0.9379613445460224 0.12232035822343615 0.5551528769774435 1.1490987645638993 0.20340286765887994 
444 -1 -1.4805781547726735 -1.1697460408688185 -1.6400610644401215 0.6459138770304961 -1.2143304195362423 -1.3907298786441795 -1.6012544678540834 
445 -1 0.12109070991159072 0.5066834479706215 0.11299417367045637 -0.8201479756292717 -0.8681271658705211 -0.6650645520133 -0.3189979399896095 
446 -1 1.8295374989081392 1.6537141508607647 1.3504449299838055 -0.29655445682221176 0.28588367968188266 -0.6650645520133 0.7258036753073693 
447 1 0.6549803314730122 0.8596159719368194 1.2473240336243596 0.750632580791908 3.132443765377812 1.693347759537059 2.435479045793335 
448 1 0.3346465585361593 0.5066834479706215 0.9379613445460224 -0.08711704929938781 0.6320869333476038 0.06060077461757972 0.6783126927938703 
449 1 -2.014467776334095 -2.0520773507843133 -2.1556655462373504 -0.6107105681064476 -1.5605336732019635 -0.8464808836710198 -2.028673310475575 
450 1 0.7617582557852964 0.594916578962171 0.7317195518271309 0.017601654462024167 -1.0604623067959218 -0.3022318886978601 -0.936380712665097 
451 -1 -1.267022306148105 -1.5226785648350163 -1.4853797199009529 -2.600365939573275 -1.8298028704975242 -1.2093135469864595 -1.4587815203135863 
452 -1 0.12109070991159072 -0.022715337978675306 -0.29948941176732663 -0.08711704929938781 -0.4065228276495596 -0.8464808836710198 -0.2715069574761104 
453 -1 -0.09246513871297785 -0.022715337978675306 0.009873277311010623 -1.2390227906749196 -1.0604623067959218 -0.3022318886978601 -0.5564528525571046 
454 1 0.3346465585361593 0.41845031697907203 0.42235686274879364 0.5411951732690841 1.1706253279387255 0.7862661012484593 0.9157676053613655 
455 -1 2.1498712718449924 1.6537141508607647 1.3504449299838055 -1.2390227906749196 -0.21418768672415897 -0.3022318886978601 0.4408577802263751 
456 -1 1.8295374989081392 1.918413543835413 1.9691703081404799 0.6459138770304961 1.8630318352701678 -0.6650645520133 1.9605692206583443 
457 1 0.22786863422387502 0.3302171859875226 0.6285986554676851 0.43647646950767205 2.1707680607508086 1.511931427879339 1.723114308090849 
458 1 1.5092037259712865 -0.8168135169026206 -0.7635334453848325 0.5411951732690841 0.28588367968188266 -0.3022318886978601 -0.12903400993561334 
459 1 0.4414244828484436 0.41845031697907203 0.5254777591082394 0.3317577657462601 0.401284764237123 1.1490987645638993 0.34587581519937705 
460 1 0.5482024071607279 0.6831497099537205 0.6285986554676851 0.3317577657462601 1.5168285816044467 1.8747640911947787 1.1057315354153616 
461 -1 -0.7331326845866836 -0.2874147309533237 -0.29948941176732663 -0.29655445682221176 -0.25265471490923913 -1.5721462103018995 0.5833307277668722 
462 1 0.12109070991159072 0.41845031697907203 0.7317195518271309 0.12232035822343615 1.016757215198405 0.4234334379330195 0.7258036753073693 
463 -1 0.014312785599306443 -0.46388099293642265 -0.557291652665941 -1.1343040869135075 0.28588367968188266 -0.6650645520133 0.8682766228478664 
464 1 -1.587356079084958 -1.610911695826566 -2.0009842016981816 0.2270390619848481 -1.175863391351162 -1.5721462103018995 -1.7437274153945805 
465 -1 -0.9466885332112521 -0.90504664789417 -0.8666543417442782 -0.19183575306079978 -1.0604623067959218 -0.6650645520133 -0.936380712665097 
466 -1 3.324428439280119 1.300781626894567 -0.7119729972051096 -1.2390227906749196 -1.445132588646723 -1.0278972153287398 -1.3637995552865882 
467 -1 1.0820920287221494 0.6831497099537205 0.31923596638934787 -1.1343040869135075 -0.4065228276495596 0.06060077461757972 -0.12903400993561334 
468 -1 -1.267022306148105 -1.081512909877269 -1.382258823541507 1.4836635071217918 0.01661448238632177 -0.6650645520133 -0.5564528525571046 
469 -1 -0.19924306302526212 -0.6403472549195216 -0.6604125490253868 -1.8673350132433915 -1.2912644759064025 -0.6650645520133 -1.078853660205594 
