id label data 
0 -1 1.6455908516815996 0.6175271440117963 0.2838434688072958 -1.546603145761891 -0.9368492313371912 1.887651428956316 -0.4939472798101134 
1 -1 -0.18589973265270676 -0.2760620114239929 -0.6037922712202161 0.9748137474588241 0.03791198961490256 -1.2330468779671198 -0.5415005820450075 
2 1 -0.832308174182462 -0.9015744202290453 -0.9170754735828673 -0.9162489224567122 -0.7029065383086887 -0.13162394611178943 -0.68416048874969 
3 -1 -0.5091039534175844 -0.8122155046854663 -0.656006138280658 0.5545775985887049 -0.35199249876593497 0.051946542530765624 -0.8268203954543726 
4 1 0.24503922836713002 0.5281682284682173 0.649340538230389 -0.1808356619340037 0.5837782733480751 2.071221917598871 0.980205089471606 
5 1 0.4605087088770484 0.43880931292463843 0.9104098735325983 0.4495185613711751 1.7145012896525038 1.7040809403137611 1.2179716006460768 
6 1 -0.6168386936725435 -0.8122155046854663 -1.3870002771268441 0.9748137474588241 -1.2097823732037774 -1.2330468779671198 -1.25480011556842 
7 1 1.4301213711716811 2.4940643704269534 3.2078200241920407 2.8658764173743605 3.391090589690105 1.336939963028651 2.311697552048643 
8 -1 0.5682434491320076 0.5281682284682173 0.33605733586773767 -0.49601277358659307 -0.7418969871467724 -0.6823354120394546 -0.20862746640074836 
9 1 0.3527739686220892 0.5281682284682173 0.9626237405930401 -0.07577662471647388 0.6617591710242425 0.051946542530765624 0.6948852760622409 
10 1 -1.4787166157122171 -1.259010082403361 -1.2825725430059605 0.7646956730237645 -0.6249256406325212 0.23551703117332068 -1.207246813333526 
11 1 -2.125125057241972 -2.15259923783915 -2.222422150093914 -0.2858946991515335 -1.0538205778514425 -2.33446980982245 -1.6827798356824677 
12 -1 0.24503922836713002 -0.007985264793256128 0.0227741335050864 -0.2858946991515335 -0.663916089470605 0.7862284971009859 -0.16107416416585418 
13 -1 -0.4013692131626252 -0.5441387580547297 -0.39493680297844863 -0.7061308480216526 -0.001078459223181191 -0.6823354120394546 0.8375451827669235 
14 1 0.13730448811217083 -0.007985264793256128 0.12720186762597016 -2.07189833184954 -1.0928110266895261 0.6026580084584308 -0.5415005820450075 
15 1 -0.293634472907666 -0.4547798425111507 -0.6037922712202161 1.500108933546473 0.03791198961490256 -1.6001878552522297 -0.16107416416585418 
16 -1 -0.293634472907666 -0.4547798425111507 -0.8126477394619837 -1.2314260341093015 -1.0148301290133588 1.336939963028651 -0.68416048874969 
17 -1 -0.832308174182462 -0.9015744202290453 -0.8648616065224255 -0.7061308480216526 -0.11804980573743244 -1.4166173666096749 0.5522253693575584 
18 -1 -0.07816499239774757 0.08137365075032278 0.12720186762597016 0.1343414497185857 -0.19603070341359993 1.520510451671206 0.029139044773722513 
19 1 -0.4013692131626252 -0.7228565891418874 -0.6037922712202161 0.02928241250105591 -1.6776677592607825 -0.6823354120394546 -1.8729930446220444 
20 1 -1.2632471352022987 -0.9909333357726242 -1.2303586759455185 2.2355221940691816 -0.15704025457551618 -1.0494763893245647 -0.5890538842799017 
21 1 0.5682434491320076 1.1536806372732697 1.1192653417743659 0.9748137474588241 0.2328642338053213 1.520510451671206 0.029139044773722513 
22 -1 -0.5091039534175844 -1.259010082403361 -0.9170754735828673 -0.8111898852391825 -1.44372506623228 -0.6823354120394546 -0.9219269999241609 
23 -1 -0.7245734339275027 -0.2760620114239929 -0.29050906885756483 -0.2858946991515335 -0.23502115225168368 -1.6001878552522297 0.5997786715924526 
24 1 1.753325591936559 1.868551961621901 2.320184284164529 0.9748137474588241 1.558539494300169 0.051946542530765624 1.4081848095856535 
25 -1 0.029569747857211632 -0.4547798425111507 -0.5515784041597742 -1.1263669968917718 0.3108451314814888 -0.6823354120394546 0.8850984850018176 
26 -1 -0.07816499239774757 -0.09734418033683505 0.07498800056552828 -0.07577662471647388 0.5447878245099913 0.4190875198158757 0.31445885818308755 
27 -1 -0.18589973265270676 0.1707325662939017 0.33605733586773767 -0.07577662471647388 0.3108451314814888 0.23551703117332068 0.6948852760622409 
28 1 0.9991824101518444 1.6898341305347433 1.9024733476809939 -0.3909537363690633 0.3888260291576563 1.1533694743860958 1.1704182984111826 
29 1 -0.293634472907666 -0.2760620114239929 0.12720186762597016 -0.9162489224567122 -0.27401160108976746 2.071221917598871 -0.3037340708705367 
30 -1 -0.293634472907666 -0.2760620114239929 -0.13386746767623922 -1.021307959674242 -1.0928110266895261 0.051946542530765624 -0.7792670932194784 
31 -1 -0.6168386936725435 -0.9015744202290453 -0.9170754735828673 -1.1263669968917718 -0.5859351917944374 -1.2330468779671198 -0.5890538842799017 
32 -1 0.5682434491320076 0.7068860595553752 0.2838434688072958 0.5545775985887049 -0.4689638452801862 0.23551703117332068 -0.5890538842799017 
33 1 -0.4013692131626252 -0.007985264793256128 0.12720186762597016 0.9748137474588241 0.7007496198623263 -0.13162394611178943 0.07669234700861668 
34 -1 1.214651890661763 0.974962806186112 1.1192653417743659 -1.2314260341093015 -0.27401160108976746 0.051946542530765624 0.6948852760622409 
35 -1 -0.293634472907666 -0.2760620114239929 -0.1860813347366811 0.5545775985887049 0.19387378496723756 0.051946542530765624 -0.20862746640074836 
36 -1 0.5682434491320076 -0.18670309588041395 -0.08165360061579735 -2.4921344807196593 -1.44372506623228 -0.3151944347543445 -0.8268203954543726 
37 -1 -0.5091039534175844 -0.5441387580547297 -0.7082200053410999 -0.6010718108041229 -0.7418969871467724 -1.6001878552522297 -0.25618076863564254 
38 1 0.8914476698968853 1.1536806372732697 0.9626237405930401 0.02928241250105591 1.519549045462085 0.6026580084584308 1.550844716290336 
39 -1 -0.5091039534175844 -0.3654209269675718 -0.13386746767623922 -0.2858946991515335 0.6227687221861589 -0.6823354120394546 0.2193522537132992 
40 1 2.7229382542311917 3.208935694775585 3.1033922900711572 0.6596366358062347 1.1296445570812477 0.7862284971009859 1.8361645296997011 
41 1 -1.2632471352022987 -1.5270868290340978 -1.491428011247728 -0.1808356619340037 0.4668069268338238 0.051946542530765624 0.6473319738273468 
42 1 -0.832308174182462 -0.4547798425111507 -0.6037922712202161 1.2899908591114135 0.7007496198623263 -0.3151944347543445 -0.06596755969606584 
43 1 -1.8019208364770947 -1.8845224912084133 -1.856925080670821 0.5545775985887049 -1.9895913499654525 -1.2330468779671198 -2.2058661602663037 
44 1 0.029569747857211632 0.43880931292463843 0.8059821394117145 -1.546603145761891 -0.663916089470605 1.336939963028651 0.17179895147840504 
45 1 -0.4013692131626252 -0.3654209269675718 -0.29050906885756483 -1.9668392946320101 -0.7029065383086887 1.336939963028651 -0.16107416416585418 
46 -1 0.8914476698968853 0.5281682284682173 0.3882712029281795 -0.6010718108041229 -0.4299733964421025 -0.6823354120394546 -0.01841425746117166 
47 1 0.4605087088770484 0.43880931292463843 0.8059821394117145 0.8697547102412942 2.4163293687380114 2.071221917598871 1.9312711341694895 
48 -1 0.6759781893869669 0.1707325662939017 0.2316296017468539 -0.9162489224567122 -0.9368492313371912 0.23551703117332068 -0.4463939775752192 
49 -1 -1.2632471352022987 -1.5270868290340978 -1.491428011247728 -2.597193517937189 -1.8336295546131174 -1.2330468779671198 -1.4450133245079968 
50 1 0.5682434491320076 0.7068860595553752 0.649340538230389 0.3444595241536453 1.558539494300169 1.887651428956316 1.1228649961762884 
51 -1 0.9991824101518444 0.6175271440117963 -0.13386746767623922 0.3444595241536453 -1.13180147552761 -1.0494763893245647 -1.1121402088637375 
52 -1 0.6759781893869669 0.43880931292463843 0.17941573468641203 -0.9162489224567122 -0.4299733964421025 -0.3151944347543445 -0.20862746640074836 
53 1 -0.5091039534175844 -1.0802922513162032 -0.656006138280658 -2.597193517937189 -1.0148301290133588 1.520510451671206 -0.5415005820450075 
54 1 -0.832308174182462 -1.169651166859782 -1.1259309418246348 -0.3909537363690633 0.34983558031957257 -0.13162394611178943 -0.16107416416585418 
55 -1 -0.4013692131626252 -0.3654209269675718 -0.238295201797123 -0.7061308480216526 0.03791198961490256 -0.13162394611178943 -0.16107416416585418 
56 -1 0.6759781893869669 0.34945039738105954 0.33605733586773767 -0.8111898852391825 -0.50795429411827 -0.8659059006820096 -0.06596755969606584 
57 -1 -0.4013692131626252 -0.09734418033683505 0.17941573468641203 0.2394004869361155 1.207625454757415 0.051946542530765624 0.7424385782971351 
58 1 0.6759781893869669 0.8856038906425331 1.2759069429556915 0.7646956730237645 3.1961383454996866 1.7040809403137611 2.4543574587533254 
59 1 -1.2632471352022987 -0.9909333357726242 -0.9692893406433092 1.6051679707640027 -0.50795429411827 0.23551703117332068 -1.207246813333526 
60 -1 0.13730448811217083 -0.3654209269675718 -0.6037922712202161 -1.3364850713268315 -1.4047346173941961 0.23551703117332068 -0.7317137909845842 
61 1 0.9991824101518444 0.7068860595553752 1.067051474713924 0.1343414497185857 2.6892625106045975 1.887651428956316 1.8837178319345953 
62 1 -0.18589973265270676 -0.18670309588041395 -0.13386746767623922 0.7646956730237645 1.7534917384905875 1.1533694743860958 0.4571187648877701 
63 1 -0.9400429144374212 -0.5441387580547297 -0.656006138280658 0.8697547102412942 0.34983558031957257 -1.2330468779671198 -0.4463939775752192 
64 -1 0.6759781893869669 0.7068860595553752 0.4404850699886214 -0.1808356619340037 -0.07905935689934869 -0.49876492339689954 0.12424564924351086 
65 1 -1.0477776546923803 -1.259010082403361 -1.3347864100664024 -1.4415441085443612 -0.81987788482294 0.051946542530765624 -0.7317137909845842 
66 1 0.24503922836713002 0.2600914818374806 0.17941573468641203 0.1343414497185857 1.3245968012716662 0.051946542530765624 0.8375451827669235 
67 -1 0.13730448811217083 -0.007985264793256128 -0.29050906885756483 -0.07577662471647388 -0.3909829476040187 -0.8659059006820096 -0.25618076863564254 
68 1 -0.6168386936725435 -0.09734418033683505 0.5449128041095052 -1.7567212201969507 -0.8588683336610237 2.254792406241426 -0.01841425746117166 
69 -1 0.5682434491320076 0.7962449750989541 0.49269893704906326 -0.2858946991515335 -0.35199249876593497 -0.49876492339689954 -0.06596755969606584 
70 -1 1.753325591936559 1.4217573839040065 0.8059821394117145 -0.7061308480216526 0.11589288729107006 0.6026580084584308 0.6473319738273468 
71 1 -0.832308174182462 -1.259010082403361 -1.073717074764193 0.2394004869361155 0.3108451314814888 -0.49876492339689954 0.31445885818308755 
72 -1 0.13730448811217083 -0.3654209269675718 -0.02943973355535548 -1.546603145761891 -1.0928110266895261 0.051946542530765624 -0.6366071865147959 
73 -1 -0.4013692131626252 -0.4547798425111507 -0.13386746767623922 -0.2858946991515335 0.6227687221861589 -1.4166173666096749 1.550844716290336 
74 1 -0.18589973265270676 -0.007985264793256128 0.5449128041095052 -1.9668392946320101 -0.6249256406325212 1.336939963028651 0.2669055559481934 
75 -1 -0.6168386936725435 -0.8122155046854663 -0.9692893406433092 -0.07577662471647388 -0.9368492313371912 -0.8659059006820096 -0.68416048874969 
76 -1 0.13730448811217083 0.5281682284682173 0.12720186762597016 -0.8111898852391825 -0.8588683336610237 -0.6823354120394546 -0.3037340708705367 
77 -1 -0.07816499239774757 -0.09734418033683505 -0.02943973355535548 -0.3909537363690633 -0.27401160108976746 0.23551703117332068 -0.5415005820450075 
78 -1 1.1069171504068036 1.2430395528168487 0.9626237405930401 1.500108933546473 1.207625454757415 0.051946542530765624 0.8850984850018176 
79 -1 1.6455908516815996 1.4217573839040065 0.9104098735325983 -1.4415441085443612 -0.5469447429563536 -0.3151944347543445 -0.01841425746117166 
80 -1 -0.18589973265270676 -0.6334976735983086 -0.656006138280658 -1.8617802574144804 -1.287763270879945 -0.6823354120394546 -1.0645869066288434 
81 1 0.6759781893869669 0.7068860595553752 1.2236930758952496 -0.49601277358659307 1.2856063524335826 1.7040809403137611 1.550844716290336 
82 1 -0.832308174182462 -0.3654209269675718 -0.4993645370993324 2.550699305721771 0.5057973756719075 0.7862284971009859 -0.25618076863564254 
83 1 -0.6168386936725435 -0.4547798425111507 -0.29050906885756483 0.6596366358062347 0.9736827617289125 0.4190875198158757 0.4095654626528759 
84 -1 -0.07816499239774757 -0.007985264793256128 0.0227741335050864 0.02928241250105591 0.0769024384529863 -0.49876492339689954 0.36201216041798173 
85 -1 0.13730448811217083 0.1707325662939017 0.3882712029281795 -0.1808356619340037 -0.11804980573743244 0.051946542530765624 0.4571187648877701 
86 -1 1.753325591936559 1.064321721729691 0.4404850699886214 -1.6516621829794207 -0.3909829476040187 0.6026580084584308 0.5046720671226642 
87 -1 0.8914476698968853 0.5281682284682173 0.2838434688072958 -1.4415441085443612 -0.663916089470605 -1.0494763893245647 0.07669234700861668 
88 -1 1.322386630916722 0.8856038906425331 0.5449128041095052 -0.9162489224567122 0.2328642338053213 -0.6823354120394546 0.980205089471606 
89 1 -1.2632471352022987 -1.4377279134905188 -1.8047112136103793 1.500108933546473 -0.7029065383086887 -0.8659059006820096 -1.25480011556842 
90 -1 0.3527739686220892 0.43880931292463843 0.5449128041095052 -0.49601277358659307 -0.23502115225168368 -0.49876492339689954 0.2669055559481934 
91 1 0.4605087088770484 0.7962449750989541 1.1714792088348076 0.4495185613711751 2.026424880357174 1.336939963028651 3.07255038780695 
92 1 0.3527739686220892 0.43880931292463843 0.4404850699886214 0.5545775985887049 1.207625454757415 0.7862284971009859 0.9326517872367118 
93 -1 -0.293634472907666 -1.0802922513162032 -1.073717074764193 -1.546603145761891 -1.0928110266895261 -0.8659059006820096 -0.68416048874969 
94 1 -2.125125057241972 -1.9738814067519923 -2.0657805489125884 -0.6010718108041229 -1.3657441685561125 -1.7837583438947848 -1.6352265334475735 
95 1 -0.4013692131626252 -0.007985264793256128 0.3882712029281795 -1.7567212201969507 -1.0928110266895261 1.1533694743860958 -0.398840675340325 
96 1 -0.18589973265270676 -0.3654209269675718 -0.4471506700388905 1.9203450824165922 0.6227687221861589 -0.6823354120394546 -0.01841425746117166 
97 -1 0.9991824101518444 0.8856038906425331 0.9104098735325983 -0.49601277358659307 0.4278164779957401 -0.49876492339689954 0.6473319738273468 
98 -1 1.1069171504068036 0.5281682284682173 0.2838434688072958 -1.1263669968917718 -0.23502115225168368 0.23551703117332068 -0.3037340708705367 
99 -1 0.029569747857211632 0.08137365075032278 0.12720186762597016 -0.8111898852391825 -0.27401160108976746 -0.8659059006820096 0.2669055559481934 
100 1 0.3527739686220892 0.34945039738105954 0.9626237405930401 0.6596366358062347 1.7534917384905875 1.336939963028651 1.3130782051158651 
101 1 -0.4013692131626252 -0.6334976735983086 -0.656006138280658 1.0798727846763538 -0.3909829476040187 -0.6823354120394546 0.2193522537132992 
102 -1 0.7837129296419261 0.6175271440117963 0.33605733586773767 0.02928241250105591 -0.19603070341359993 -0.8659059006820096 -0.11352086193096 
103 1 -2.125125057241972 -1.8845224912084133 -2.0135666818521467 1.7102270079815327 -1.287763270879945 -0.49876492339689954 -1.9205463468569386 
104 -1 0.6759781893869669 0.43880931292463843 0.4404850699886214 -0.6010718108041229 0.11589288729107006 -0.13162394611178943 0.36201216041798173 
105 1 -0.18589973265270676 0.08137365075032278 0.4404850699886214 -0.1808356619340037 1.1296445570812477 0.4190875198158757 0.6473319738273468 
106 1 0.3527739686220892 0.34945039738105954 0.5449128041095052 -0.1808356619340037 1.246615903595499 1.7040809403137611 1.1228649961762884 
107 1 -0.9400429144374212 -0.18670309588041395 -0.656006138280658 1.500108933546473 1.1686350059193313 0.051946542530765624 1.2179716006460768 
108 1 0.24503922836713002 0.1707325662939017 -0.8648616065224255 1.3950498963289433 -0.11804980573743244 -1.6001878552522297 -0.06596755969606584 
109 -1 0.24503922836713002 0.34945039738105954 0.07498800056552828 -0.2858946991515335 -0.35199249876593497 -0.3151944347543445 0.2669055559481934 
110 -1 0.24503922836713002 0.43880931292463843 1.5369762782579008 -0.1808356619340037 1.207625454757415 0.6026580084584308 2.2165909475788546 
111 1 -0.293634472907666 0.08137365075032278 0.3882712029281795 -1.1263669968917718 -0.81987788482294 0.9697989857435408 -0.3037340708705367 
112 -1 -0.07816499239774757 0.1707325662939017 0.07498800056552828 0.5545775985887049 0.19387378496723756 -0.13162394611178943 0.2193522537132992 
113 1 -0.832308174182462 -0.4547798425111507 -0.02943973355535548 -2.2820164062845993 -1.2487728220418612 1.1533694743860958 -0.6366071865147959 
114 1 -1.6941860962221356 -1.169651166859782 -1.439214144187286 0.9748137474588241 -0.11804980573743244 -1.0494763893245647 -1.0645869066288434 
115 1 -1.1555123949473396 -0.5441387580547297 -0.1860813347366811 -1.021307959674242 -1.0538205778514425 1.887651428956316 -0.35128737310543084 
116 -1 -1.2632471352022987 -1.0802922513162032 -1.3870002771268441 1.500108933546473 0.03791198961490256 -0.6823354120394546 -0.5415005820450075 
117 1 0.4605087088770484 0.43880931292463843 0.5449128041095052 0.3444595241536453 0.4278164779957401 1.1533694743860958 0.36201216041798173 
118 1 -1.370981875457258 -1.5270868290340978 -1.5958557453686117 -0.49601277358659307 -0.07905935689934869 0.7862284971009859 -0.4463939775752192 
119 -1 -0.293634472907666 0.08137365075032278 -0.1860813347366811 0.3444595241536453 0.19387378496723756 -0.8659059006820096 0.4095654626528759 
120 -1 -0.9400429144374212 -0.9015744202290453 -0.8648616065224255 -0.1808356619340037 -1.0538205778514425 -0.6823354120394546 -0.9219269999241609 
121 -1 0.24503922836713002 -0.18670309588041395 -0.1860813347366811 -1.1263669968917718 -0.15704025457551618 -0.6823354120394546 0.2669055559481934 
122 1 -2.0173903169870133 -2.063240322295571 -2.1702082830334724 2.130463156851652 -0.9368492313371912 -1.7837583438947848 -1.777886440152256 
123 1 0.6759781893869669 0.974962806186112 1.432548544137017 -0.8111898852391825 -0.040068908061264945 1.887651428956316 0.6473319738273468 
124 -1 -0.07816499239774757 -0.18670309588041395 -0.29050906885756483 -0.2858946991515335 0.2328642338053213 -1.0494763893245647 0.7424385782971351 
125 1 0.3527739686220892 0.5281682284682173 0.8581960064721564 0.2394004869361155 1.6365203919763363 1.887651428956316 1.1704182984111826 
126 -1 1.322386630916722 0.6175271440117963 0.2838434688072958 -2.2820164062845993 -1.0538205778514425 1.1533694743860958 -0.4463939775752192 
127 -1 0.3527739686220892 -0.09734418033683505 0.0227741335050864 -0.49601277358659307 -0.3130020499278512 -1.4166173666096749 -0.16107416416585418 
128 1 1.322386630916722 1.5111162994475855 1.8502594806205521 -0.1808356619340037 1.1296445570812477 0.4190875198158757 2.311697552048643 
129 -1 0.13730448811217083 -0.09734418033683505 0.0227741335050864 0.3444595241536453 -0.07905935689934869 -0.13162394611178943 0.17179895147840504 
130 -1 -0.4013692131626252 -0.3654209269675718 -0.29050906885756483 -0.49601277358659307 -0.5859351917944374 1.1533694743860958 -0.8743736976892668 
131 -1 -0.18589973265270676 0.34945039738105954 -0.34272293591800673 0.02928241250105591 -0.11804980573743244 0.051946542530765624 0.029139044773722513 
132 -1 1.1069171504068036 0.7068860595553752 0.33605733586773767 -1.1263669968917718 -0.3909829476040187 0.051946542530765624 -0.11352086193096 
133 -1 -1.2632471352022987 -1.169651166859782 -1.3347864100664024 -0.9162489224567122 -1.599686861584615 -1.6001878552522297 -1.492566626742891 
134 -1 0.7837129296419261 0.43880931292463843 0.2316296017468539 -0.49601277358659307 0.5837782733480751 -0.8659059006820096 1.265524902880971 
135 1 -0.832308174182462 -0.9909333357726242 -1.0215032077037511 0.6596366358062347 0.34983558031957257 0.7862284971009859 -0.06596755969606584 
136 1 -0.293634472907666 0.08137365075032278 0.12720186762597016 1.7102270079815327 1.6365203919763363 0.6026580084584308 0.8850984850018176 
137 1 -1.909655576732054 -2.063240322295571 -2.0657805489125884 0.3444595241536453 -1.4047346173941961 -1.6001878552522297 -1.7303331379173619 
138 1 -0.5091039534175844 -1.259010082403361 -1.1259309418246348 0.5545775985887049 0.7397400687004101 -0.13162394611178943 0.07669234700861668 
139 -1 0.3527739686220892 -0.007985264793256128 -0.13386746767623922 -0.49601277358659307 -0.7418969871467724 0.4190875198158757 -0.3037340708705367 
140 -1 0.029569747857211632 0.1707325662939017 0.17941573468641203 -0.8111898852391825 0.1548833361291538 0.051946542530765624 0.4571187648877701 
141 -1 0.5682434491320076 0.1707325662939017 -0.02943973355535548 0.02928241250105591 0.11589288729107006 -0.3151944347543445 -0.11352086193096 
142 1 -0.5091039534175844 -0.007985264793256128 0.07498800056552828 -1.3364850713268315 -0.7029065383086887 0.4190875198158757 -0.25618076863564254 
143 1 0.5682434491320076 0.5281682284682173 0.8059821394117145 0.02928241250105591 1.1296445570812477 1.336939963028651 1.0753116939413943 
144 1 0.4605087088770484 0.43880931292463843 0.7537682723512726 0.5545775985887049 2.182386675709509 1.336939963028651 1.5032914140554419 
145 1 0.4605087088770484 0.6175271440117963 0.7537682723512726 -0.49601277358659307 2.338348471061844 1.7040809403137611 1.8361645296997011 
146 1 -1.6941860962221356 -1.7951635756648345 -2.0135666818521467 0.3444595241536453 -1.4827155150703637 -1.6001878552522297 -2.015652951326727 
147 1 -0.4013692131626252 -0.2760620114239929 -0.1860813347366811 -0.2858946991515335 -0.3130020499278512 0.4190875198158757 -0.5415005820450075 
148 -1 -0.07816499239774757 -0.2760620114239929 -0.34272293591800673 0.5545775985887049 -0.6249256406325212 -0.6823354120394546 -0.9694803021590551 
149 -1 -0.6168386936725435 -0.9015744202290453 -0.8126477394619837 0.9748137474588241 -0.35199249876593497 -0.6823354120394546 -0.4463939775752192 
150 1 -0.07816499239774757 0.08137365075032278 0.3882712029281795 -1.9668392946320101 -0.8588683336610237 1.7040809403137611 -0.35128737310543084 
151 1 -1.909655576732054 -1.7951635756648345 -2.0657805489125884 2.6557583429393006 -0.8588683336610237 -2.150899321179895 -1.777886440152256 
152 -1 -0.18589973265270676 -0.8122155046854663 -0.6037922712202161 -0.07577662471647388 -0.50795429411827 -1.0494763893245647 -0.4463939775752192 
153 1 -1.1555123949473396 -1.0802922513162032 -1.1259309418246348 0.5545775985887049 0.19387378496723756 -0.3151944347543445 -0.5415005820450075 
154 -1 0.7837129296419261 0.5281682284682173 0.17941573468641203 -0.07577662471647388 -0.19603070341359993 0.051946542530765624 -0.16107416416585418 
155 -1 -1.0477776546923803 -0.8122155046854663 -0.8126477394619837 0.8697547102412942 -0.4299733964421025 -0.6823354120394546 -0.35128737310543084 
156 1 -1.8019208364770947 -1.7058046601212555 -1.8047112136103793 0.7646956730237645 -0.8588683336610237 -0.3151944347543445 -1.5876732312126793 
157 -1 -0.9400429144374212 -0.7228565891418874 -0.9692893406433092 -1.6516621829794207 -1.7946391057750337 -1.2330468779671198 -1.3974600222731026 
158 -1 0.3527739686220892 1.4217573839040065 2.6334674865271803 1.500108933546473 2.9232052036331 0.23551703117332068 4.1662763392095155 
159 -1 -0.5091039534175844 -0.4547798425111507 -0.34272293591800673 0.3444595241536453 -0.23502115225168368 -1.2330468779671198 -0.5415005820450075 
160 1 0.5682434491320076 0.1707325662939017 0.7537682723512726 -0.7061308480216526 1.2856063524335826 0.9697989857435408 1.3130782051158651 
161 -1 3.369346695760947 1.3323984683604275 -0.7082200053410999 -1.2314260341093015 -1.44372506623228 -1.0494763893245647 -1.3499067200382084 
162 1 -2.0173903169870133 -2.063240322295571 -2.1702082830334724 -0.6010718108041229 -1.5606964127465313 -0.8659059006820096 -2.015652951326727 
163 1 0.13730448811217083 0.7068860595553752 1.067051474713924 -1.2314260341093015 -0.6249256406325212 1.336939963028651 0.07669234700861668 
164 -1 1.322386630916722 0.8856038906425331 1.067051474713924 -0.49601277358659307 -0.23502115225168368 -0.13162394611178943 0.36201216041798173 
165 -1 0.5682434491320076 -0.007985264793256128 -0.238295201797123 -1.8617802574144804 -1.2097823732037774 -0.6823354120394546 -0.4939472798101134 
166 -1 -0.07816499239774757 -0.18670309588041395 -0.5515784041597742 0.2394004869361155 -0.8588683336610237 -1.0494763893245647 -0.4939472798101134 
167 -1 0.6759781893869669 0.43880931292463843 0.33605733586773767 0.5545775985887049 -0.4299733964421025 -0.49876492339689954 -0.11352086193096 
168 1 -1.8019208364770947 -2.063240322295571 -1.961352814791705 0.5545775985887049 -1.0928110266895261 -1.0494763893245647 -1.5401199289777852 
169 1 0.4605087088770484 0.7962449750989541 0.9626237405930401 0.5545775985887049 1.558539494300169 1.1533694743860958 1.0753116939413943 
170 1 -1.5864513559671765 -1.7951635756648345 -1.7524973465499374 -1.1263669968917718 -1.5217059639084474 -1.4166173666096749 -1.7303331379173619 
171 -1 -0.4013692131626252 -0.4547798425111507 -0.4993645370993324 0.4495185613711751 0.3108451314814888 -1.0494763893245647 0.36201216041798173 
172 -1 -0.18589973265270676 -0.2760620114239929 -0.13386746767623922 0.6596366358062347 -0.07905935689934869 -0.6823354120394546 0.2193522537132992 
173 -1 0.24503922836713002 0.08137365075032278 0.17941573468641203 0.02928241250105591 -1.0148301290133588 -0.6823354120394546 -0.9219269999241609 
174 1 0.7837129296419261 1.3323984683604275 1.1714792088348076 0.1343414497185857 0.03791198961490256 -0.3151944347543445 -0.16107416416585418 
175 1 -0.7245734339275027 -0.6334976735983086 -0.4471506700388905 -1.546603145761891 -0.9368492313371912 1.336939963028651 -0.6366071865147959 
176 -1 -0.07816499239774757 -0.3654209269675718 -0.4471506700388905 -1.546603145761891 -0.8978587824991074 -0.49876492339689954 -0.68416048874969 
177 -1 -0.4013692131626252 -0.3654209269675718 0.12720186762597016 0.02928241250105591 0.8567114152146613 -0.49876492339689954 0.4571187648877701 
178 1 -1.0477776546923803 -0.9909333357726242 -1.073717074764193 0.3444595241536453 -0.4299733964421025 0.4190875198158757 -0.398840675340325 
179 -1 2.076529812701436 1.7791930460783223 1.3281208100161332 -1.021307959674242 -0.3909829476040187 -0.6823354120394546 0.36201216041798173 
180 -1 1.214651890661763 0.6175271440117963 0.4404850699886214 -0.8111898852391825 -1.0538205778514425 -0.8659059006820096 -0.8268203954543726 
181 1 -0.4013692131626252 -0.3654209269675718 -0.4993645370993324 1.1849318218938836 1.207625454757415 0.6026580084584308 0.4571187648877701 
182 1 0.029569747857211632 -0.007985264793256128 0.12720186762597016 0.2394004869361155 1.4415681477859177 0.6026580084584308 0.8375451827669235 
183 -1 1.9687950724464773 1.6004752149911643 0.9626237405930401 0.3444595241536453 -0.23502115225168368 -0.3151944347543445 0.31445885818308755 
184 -1 0.3527739686220892 -0.09734418033683505 -0.29050906885756483 -0.07577662471647388 -0.3130020499278512 -1.0494763893245647 0.2193522537132992 
185 -1 -0.6168386936725435 -0.2760620114239929 -0.238295201797123 -0.1808356619340037 0.27185468264340507 -1.0494763893245647 0.6948852760622409 
186 -1 0.3527739686220892 0.1707325662939017 0.7015544052908308 -0.6010718108041229 0.6227687221861589 -1.0494763893245647 1.6459513207601244 
187 -1 0.24503922836713002 -0.09734418033683505 -0.238295201797123 2.2355221940691816 -0.23502115225168368 -1.6001878552522297 -0.4939472798101134 
188 -1 0.029569747857211632 -0.09734418033683505 0.07498800056552828 0.02928241250105591 0.34983558031957257 -0.3151944347543445 0.5046720671226642 
189 1 0.13730448811217083 0.43880931292463843 0.0227741335050864 2.3405812312867114 0.34983558031957257 -0.8659059006820096 0.2669055559481934 
190 -1 0.9991824101518444 0.34945039738105954 0.3882712029281795 -2.07189833184954 -1.0538205778514425 0.23551703117332068 -0.35128737310543084 
191 1 -1.8019208364770947 -1.7951635756648345 -1.439214144187286 0.2394004869361155 -0.6249256406325212 -1.6001878552522297 -1.5876732312126793 
192 1 2.076529812701436 1.5111162994475855 0.49269893704906326 0.8697547102412942 -0.5469447429563536 -1.2330468779671198 -0.11352086193096 
193 1 1.214651890661763 1.3323984683604275 0.9626237405930401 -0.07577662471647388 0.3888260291576563 1.1533694743860958 0.4095654626528759 
194 -1 -0.07816499239774757 -0.007985264793256128 0.0227741335050864 -1.2314260341093015 -1.0538205778514425 -0.3151944347543445 -0.5415005820450075 
195 1 0.3527739686220892 0.974962806186112 1.1714792088348076 0.5545775985887049 1.207625454757415 0.7862284971009859 1.4081848095856535 
196 -1 -1.4787166157122171 -1.7951635756648345 -1.7002834794894954 -0.8111898852391825 -1.8336295546131174 -1.2330468779671198 -1.6352265334475735 
197 1 -1.1555123949473396 -0.9015744202290453 -0.9170754735828673 0.1343414497185857 -0.50795429411827 -0.3151944347543445 -1.1121402088637375 
198 1 -0.9400429144374212 -0.6334976735983086 -0.8126477394619837 1.1849318218938836 0.1548833361291538 0.051946542530765624 -0.3037340708705367 
199 -1 0.029569747857211632 -0.2760620114239929 -0.39493680297844863 -1.3364850713268315 -1.13180147552761 -0.49876492339689954 -0.7792670932194784 
200 -1 1.214651890661763 0.5281682284682173 0.33605733586773767 -1.1263669968917718 -0.5859351917944374 -1.6001878552522297 -0.06596755969606584 
201 -1 0.5682434491320076 0.1707325662939017 0.33605733586773767 -0.49601277358659307 -0.7029065383086887 -0.6823354120394546 -0.11352086193096 
202 1 -1.6941860962221356 -1.4377279134905188 -1.8047112136103793 1.8152860451990624 -0.6249256406325212 -0.6823354120394546 -1.4450133245079968 
203 1 -0.6168386936725435 -0.4547798425111507 -0.5515784041597742 0.5545775985887049 -1.0928110266895261 -0.6823354120394546 -1.8254397423871502 
204 -1 0.7837129296419261 0.6175271440117963 0.2316296017468539 -1.546603145761891 -0.4299733964421025 0.051946542530765624 0.07669234700861668 
205 -1 0.8914476698968853 1.1536806372732697 0.7015544052908308 0.02928241250105591 0.1548833361291538 0.051946542530765624 0.8375451827669235 
206 -1 1.1069171504068036 0.6175271440117963 0.4404850699886214 -0.8111898852391825 -0.9368492313371912 -0.3151944347543445 -0.6366071865147959 
207 1 0.029569747857211632 0.2600914818374806 0.597126671169947 -0.6010718108041229 0.2328642338053213 1.1533694743860958 0.2193522537132992 
208 1 -0.7245734339275027 -0.6334976735983086 -0.7082200053410999 1.0798727846763538 0.11589288729107006 0.051946542530765624 -0.5890538842799017 
209 1 0.24503922836713002 0.43880931292463843 0.4404850699886214 -0.7061308480216526 -0.7808874359848562 0.051946542530765624 -0.8268203954543726 
210 1 -0.18589973265270676 -0.18670309588041395 0.0227741335050864 -0.3909537363690633 -0.040068908061264945 0.051946542530765624 -0.25618076863564254 
211 -1 -0.07816499239774757 -0.007985264793256128 0.0227741335050864 0.02928241250105591 0.0769024384529863 -0.49876492339689954 0.36201216041798173 
212 1 -1.1555123949473396 -0.9909333357726242 -1.491428011247728 0.4495185613711751 -1.7946391057750337 -1.2330468779671198 -2.015652951326727 
213 -1 0.13730448811217083 0.34945039738105954 0.49269893704906326 -0.3909537363690633 -0.07905935689934869 0.4190875198158757 0.2193522537132992 
214 -1 1.214651890661763 1.3323984683604275 1.067051474713924 1.6051679707640027 1.2856063524335826 0.051946542530765624 1.6459513207601244 
215 -1 1.1069171504068036 0.974962806186112 0.7537682723512726 -0.7061308480216526 -0.3909829476040187 -0.6823354120394546 0.2193522537132992 
216 1 -1.0477776546923803 -1.0802922513162032 -0.656006138280658 0.4495185613711751 -0.5859351917944374 -0.49876492339689954 -1.0170336043939492 
217 1 0.029569747857211632 0.43880931292463843 0.597126671169947 1.3950498963289433 2.2213771245475926 1.336939963028651 1.5983980185252302 
218 1 0.029569747857211632 0.1707325662939017 0.49269893704906326 -0.3909537363690633 1.246615903595499 1.7040809403137611 1.2179716006460768 
219 -1 1.1069171504068036 1.064321721729691 0.649340538230389 -0.9162489224567122 0.1548833361291538 -0.49876492339689954 0.9326517872367118 
220 -1 -0.9400429144374212 -0.9909333357726242 -0.9692893406433092 1.1849318218938836 -0.11804980573743244 0.23551703117332068 -0.5890538842799017 
221 1 -0.5091039534175844 -0.5441387580547297 -0.34272293591800673 -0.7061308480216526 -0.7029065383086887 0.6026580084584308 -0.68416048874969 
222 1 -0.293634472907666 -0.7228565891418874 -0.39493680297844863 -1.021307959674242 0.8567114152146613 0.4190875198158757 0.6473319738273468 
223 -1 0.7837129296419261 0.6175271440117963 0.5449128041095052 -0.3909537363690633 -0.4299733964421025 0.051946542530765624 -0.01841425746117166 
224 -1 -0.293634472907666 -0.5441387580547297 -0.656006138280658 -1.3364850713268315 0.0769024384529863 -0.13162394611178943 1.0277583917065 
225 1 -0.832308174182462 -0.9015744202290453 -0.238295201797123 -2.7022525551547187 -1.13180147552761 1.7040809403137611 -0.35128737310543084 
226 1 0.029569747857211632 0.08137365075032278 -0.13386746767623922 0.6596366358062347 1.0906541082431638 0.6026580084584308 0.5046720671226642 
227 -1 0.3527739686220892 0.43880931292463843 0.3882712029281795 -0.8111898852391825 -0.9368492313371912 -1.0494763893245647 -0.3037340708705367 
228 -1 -0.293634472907666 -0.5441387580547297 -0.7604338724015417 2.025404119634122 -0.6249256406325212 -0.6823354120394546 -0.8743736976892668 
229 1 -0.18589973265270676 -0.4547798425111507 -0.34272293591800673 -0.07577662471647388 -0.001078459223181191 -0.6823354120394546 -0.35128737310543084 
230 1 -0.9400429144374212 -1.169651166859782 -1.2303586759455185 0.2394004869361155 0.8177209663765775 -0.49876492339689954 -0.01841425746117166 
231 -1 -0.6168386936725435 -0.3654209269675718 -0.08165360061579735 -1.021307959674242 0.8177209663765775 -0.6823354120394546 1.5983980185252302 
232 1 -0.9400429144374212 -0.9015744202290453 -1.1781448088850768 0.2394004869361155 -0.11804980573743244 -0.8659059006820096 -0.25618076863564254 
233 1 -1.370981875457258 -1.0802922513162032 -1.0215032077037511 -0.49601277358659307 -1.2487728220418612 -0.13162394611178943 -1.207246813333526 
234 1 -0.6168386936725435 -0.7228565891418874 -0.656006138280658 -0.1808356619340037 0.8177209663765775 0.6026580084584308 0.2193522537132992 
235 -1 -0.7245734339275027 -0.5441387580547297 -0.7082200053410999 -0.6010718108041229 -0.23502115225168368 -0.3151944347543445 0.17179895147840504 
236 1 0.24503922836713002 0.974962806186112 1.3281208100161332 1.3950498963289433 2.2603675733856763 0.6026580084584308 1.3130782051158651 
237 1 -0.832308174182462 -0.8122155046854663 -0.7082200053410999 -0.49601277358659307 -0.975839680175275 1.336939963028651 -0.8268203954543726 
238 1 -1.0477776546923803 -1.5270868290340978 -1.3870002771268441 0.2394004869361155 -0.4299733964421025 -1.2330468779671198 -1.1596935110986317 
239 1 0.24503922836713002 0.34945039738105954 0.649340538230389 0.4495185613711751 2.2213771245475926 1.520510451671206 1.7410579252299128 
240 -1 1.214651890661763 1.95791087716548 1.9024733476809939 1.7102270079815327 1.4805585966240014 0.23551703117332068 1.9312711341694895 
241 -1 -1.4787166157122171 -1.169651166859782 -1.6480696124290537 0.6596366358062347 -1.2097823732037774 -1.4166173666096749 -1.5876732312126793 
242 -1 0.4605087088770484 0.5281682284682173 0.2316296017468539 0.6596366358062347 0.1548833361291538 -0.49876492339689954 -0.5415005820450075 
243 1 0.3527739686220892 0.6175271440117963 0.49269893704906326 0.5545775985887049 0.4278164779957401 1.520510451671206 0.4095654626528759 
244 -1 0.5682434491320076 0.6175271440117963 0.8581960064721564 0.1343414497185857 1.05166365940508 1.336939963028651 1.550844716290336 
245 -1 0.8914476698968853 0.7068860595553752 0.649340538230389 -0.07577662471647388 -0.23502115225168368 -0.6823354120394546 0.31445885818308755 
246 -1 1.9687950724464773 2.047269792709059 1.9546872147414358 1.9203450824165922 0.5837782733480751 1.1533694743860958 0.2669055559481934 
247 -1 0.7837129296419261 0.7068860595553752 0.8581960064721564 -1.021307959674242 -0.23502115225168368 0.6026580084584308 0.07669234700861668 
248 1 0.029569747857211632 0.43880931292463843 0.7015544052908308 0.7646956730237645 -1.4827155150703637 0.6026580084584308 -1.9205463468569386 
249 1 -1.4787166157122171 -1.8845224912084133 -1.5436418783081698 -0.8111898852391825 -1.6386773104226988 -0.6823354120394546 -1.8729930446220444 
250 1 0.13730448811217083 0.1707325662939017 0.4404850699886214 -0.8111898852391825 0.19387378496723756 0.7862284971009859 0.2193522537132992 
251 -1 0.6759781893869669 0.8856038906425331 0.7015544052908308 -0.2858946991515335 0.34983558031957257 1.1533694743860958 1.1228649961762884 
252 -1 1.9687950724464773 1.6004752149911643 0.9626237405930401 -0.49601277358659307 -0.3909829476040187 -0.6823354120394546 0.17179895147840504 
253 -1 0.3527739686220892 0.7068860595553752 0.7015544052908308 0.1343414497185857 -0.50795429411827 0.7862284971009859 -0.3037340708705367 
254 -1 1.322386630916722 1.064321721729691 0.9626237405930401 -0.49601277358659307 0.34983558031957257 0.4190875198158757 0.6473319738273468 
255 1 0.5682434491320076 0.5281682284682173 0.649340538230389 0.3444595241536453 1.831472636166755 1.336939963028651 1.6459513207601244 
256 1 0.7837129296419261 0.6175271440117963 0.7537682723512726 0.02928241250105591 -1.0538205778514425 -0.3151944347543445 -0.9219269999241609 
257 1 -0.18589973265270676 -0.4547798425111507 -0.08165360061579735 -0.6010718108041229 1.1686350059193313 0.7862284971009859 0.36201216041798173 
258 -1 -1.0477776546923803 -1.0802922513162032 -1.073717074764193 -0.3909537363690633 -0.27401160108976746 -1.6001878552522297 0.12424564924351086 
259 -1 -0.4013692131626252 -0.6334976735983086 -0.656006138280658 -0.1808356619340037 -0.4689638452801862 -1.0494763893245647 0.17179895147840504 
260 -1 -0.6168386936725435 -0.4547798425111507 -0.08165360061579735 -1.6516621829794207 -1.599686861584615 0.23551703117332068 -1.1121402088637375 
261 1 0.24503922836713002 0.1707325662939017 0.2316296017468539 0.2394004869361155 1.558539494300169 0.23551703117332068 1.0753116939413943 
262 -1 0.3527739686220892 -0.007985264793256128 -0.238295201797123 -0.49601277358659307 -0.5859351917944374 -0.13162394611178943 -0.398840675340325 
263 -1 0.13730448811217083 0.1707325662939017 0.2316296017468539 -0.49601277358659307 1.0126732105669962 0.7862284971009859 0.8850984850018176 
264 -1 0.029569747857211632 0.08137365075032278 -0.1860813347366811 -0.3909537363690633 -1.0148301290133588 0.7862284971009859 -1.1596935110986317 
265 1 -1.5864513559671765 -1.5270868290340978 -1.5436418783081698 1.7102270079815327 -0.663916089470605 -1.0494763893245647 -1.9205463468569386 
266 1 -0.4013692131626252 -0.4547798425111507 -0.4471506700388905 0.3444595241536453 -0.3909829476040187 1.1533694743860958 -0.6366071865147959 
267 1 -0.4013692131626252 0.1707325662939017 0.07498800056552828 -0.3909537363690633 -0.4299733964421025 1.520510451671206 -0.4463939775752192 
268 -1 1.1069171504068036 0.7068860595553752 0.9104098735325983 -0.6010718108041229 0.1548833361291538 -1.0494763893245647 0.5046720671226642 
269 -1 0.3527739686220892 0.6175271440117963 0.17941573468641203 -0.49601277358659307 -0.27401160108976746 0.6026580084584308 0.36201216041798173 
270 -1 -0.07816499239774757 0.08137365075032278 -0.08165360061579735 -0.49601277358659307 -0.3130020499278512 -0.3151944347543445 -0.35128737310543084 
271 -1 0.3527739686220892 0.34945039738105954 0.7015544052908308 0.1343414497185857 0.6227687221861589 -0.49876492339689954 1.4081848095856535 
272 -1 0.24503922836713002 0.34945039738105954 0.49269893704906326 0.5545775985887049 -0.5859351917944374 -0.8659059006820096 -0.5415005820450075 
273 1 -0.832308174182462 -0.7228565891418874 -0.9692893406433092 1.3950498963289433 0.2328642338053213 -0.13162394611178943 -0.9694803021590551 
274 1 -0.4013692131626252 -0.5441387580547297 -0.34272293591800673 0.7646956730237645 -0.663916089470605 -1.4166173666096749 -0.06596755969606584 
275 1 -1.2632471352022987 -1.34836899794694 -1.5436418783081698 2.3405812312867114 -0.7029065383086887 -1.0494763893245647 -1.5401199289777852 
276 1 -0.7245734339275027 -0.7228565891418874 -0.7604338724015417 1.0798727846763538 0.19387378496723756 -0.3151944347543445 -0.25618076863564254 
277 -1 -0.18589973265270676 -0.09734418033683505 0.8581960064721564 0.1343414497185857 1.1296445570812477 -0.3151944347543445 1.8837178319345953 
278 1 -0.5091039534175844 -0.2760620114239929 0.07498800056552828 -0.8111898852391825 -0.5859351917944374 1.1533694743860958 -0.5415005820450075 
279 1 -2.0173903169870133 -1.9738814067519923 -1.961352814791705 0.8697547102412942 -0.81987788482294 0.4190875198158757 -1.6352265334475735 
280 1 -0.4013692131626252 -0.4547798425111507 -0.4471506700388905 0.2394004869361155 0.6617591710242425 1.1533694743860958 0.6473319738273468 
281 -1 0.4605087088770484 -0.18670309588041395 -0.13386746767623922 0.02928241250105591 0.8957018640527451 0.4190875198158757 1.1228649961762884 
282 1 -1.1555123949473396 -1.0802922513162032 -1.491428011247728 3.496230640679539 -0.3909829476040187 -1.4166173666096749 -1.3499067200382084 
283 -1 0.24503922836713002 0.1707325662939017 0.17941573468641203 -1.021307959674242 0.34983558031957257 0.23551703117332068 0.4571187648877701 
284 1 0.24503922836713002 0.6175271440117963 1.2759069429556915 1.8152860451990624 1.1296445570812477 0.4190875198158757 0.17179895147840504 
285 -1 -0.18589973265270676 0.08137365075032278 -0.08165360061579735 -0.07577662471647388 -0.11804980573743244 -0.3151944347543445 -0.25618076863564254 
286 1 0.13730448811217083 0.08137365075032278 0.49269893704906326 -2.07189833184954 -0.81987788482294 1.336939963028651 -0.01841425746117166 
287 -1 -1.2632471352022987 -1.259010082403361 -1.3870002771268441 -0.6010718108041229 -1.3657441685561125 -0.8659059006820096 -1.4450133245079968 
288 -1 0.13730448811217083 0.34945039738105954 0.17941573468641203 0.8697547102412942 0.8567114152146613 -0.49876492339689954 0.5046720671226642 
289 1 -0.18589973265270676 -0.3654209269675718 -0.13386746767623922 0.02928241250105591 0.34983558031957257 0.9697989857435408 0.029139044773722513 
290 -1 -0.18589973265270676 -0.2760620114239929 -0.8126477394619837 2.550699305721771 -0.040068908061264945 0.23551703117332068 -0.398840675340325 
291 -1 2.1842645529563955 1.6898341305347433 1.3803346770765752 -1.2314260341093015 -0.19603070341359993 -0.3151944347543445 0.4571187648877701 
292 -1 -0.4013692131626252 -0.5441387580547297 -0.39493680297844863 0.1343414497185857 0.3888260291576563 -1.4166173666096749 0.5522253693575584 
293 1 -0.5091039534175844 -0.18670309588041395 0.0227741335050864 0.8697547102412942 -0.23502115225168368 0.9697989857435408 -0.5890538842799017 
294 1 -0.9400429144374212 -0.8122155046854663 -1.073717074764193 -0.3909537363690633 -0.7808874359848562 -0.49876492339689954 -1.1596935110986317 
295 -1 0.3527739686220892 -0.007985264793256128 -0.34272293591800673 -1.9668392946320101 -1.2487728220418612 -0.13162394611178943 -0.7317137909845842 
296 -1 0.13730448811217083 -0.007985264793256128 0.597126671169947 -0.8111898852391825 0.03791198961490256 0.051946542530765624 0.17179895147840504 
297 -1 -0.9400429144374212 -0.9909333357726242 -0.8126477394619837 -0.2858946991515335 -0.8588683336610237 -1.2330468779671198 -0.6366071865147959 
298 1 -0.7245734339275027 -0.9909333357726242 -1.073717074764193 0.4495185613711751 -0.8588683336610237 -1.0494763893245647 -0.9219269999241609 
299 -1 1.322386630916722 0.974962806186112 0.8059821394117145 -0.2858946991515335 0.3888260291576563 -0.13162394611178943 0.7899918805320293 
300 -1 -0.07816499239774757 -0.3654209269675718 -0.39493680297844863 -0.9162489224567122 -1.3657441685561125 -0.13162394611178943 -0.9219269999241609 
301 1 -1.2632471352022987 -1.0802922513162032 -1.1781448088850768 -0.07577662471647388 -0.7418969871467724 -1.2330468779671198 -0.4463939775752192 
302 1 1.1069171504068036 1.064321721729691 1.4847624111974589 -0.07577662471647388 1.5975299431382526 0.9697989857435408 1.5032914140554419 
303 -1 -1.2632471352022987 -1.4377279134905188 -1.2303586759455185 -0.7061308480216526 -1.3657441685561125 -0.8659059006820096 -1.3023534178033143 
304 -1 -1.370981875457258 -1.259010082403361 -1.3870002771268441 -0.1808356619340037 -0.8978587824991074 -1.96732883253734 -1.0170336043939492 
305 1 0.4605087088770484 0.43880931292463843 0.33605733586773767 -0.07577662471647388 0.11589288729107006 0.051946542530765624 0.31445885818308755 
306 1 0.7837129296419261 0.7068860595553752 0.9626237405930401 0.1343414497185857 0.5837782733480751 1.1533694743860958 0.2193522537132992 
307 -1 0.7837129296419261 0.7962449750989541 1.067051474713924 -0.2858946991515335 -0.11804980573743244 -0.49876492339689954 0.6473319738273468 
308 1 -1.4787166157122171 -1.259010082403361 -1.0215032077037511 0.3444595241536453 -1.2097823732037774 -0.49876492339689954 -1.25480011556842 
309 -1 0.4605087088770484 0.6175271440117963 0.4404850699886214 -0.2858946991515335 -0.001078459223181191 1.336939963028651 0.31445885818308755 
310 1 -1.2632471352022987 -0.4547798425111507 -0.6037922712202161 0.6596366358062347 0.7397400687004101 -0.13162394611178943 -0.16107416416585418 
311 -1 -0.293634472907666 -0.4547798425111507 -0.8126477394619837 -0.8111898852391825 -1.0538205778514425 -0.6823354120394546 -0.8743736976892668 
312 1 -1.0477776546923803 -0.9909333357726242 -1.0215032077037511 0.6596366358062347 -0.4299733964421025 0.6026580084584308 -0.5890538842799017 
313 1 -1.2632471352022987 -1.169651166859782 -1.0215032077037511 -0.3909537363690633 0.4278164779957401 -1.6001878552522297 -0.35128737310543084 
314 -1 2.93840773474111 2.047269792709059 1.3803346770765752 0.5545775985887049 0.5447878245099913 -0.8659059006820096 1.1228649961762884 
315 1 0.24503922836713002 -0.18670309588041395 0.2316296017468539 -0.2858946991515335 1.6755108408144201 0.6026580084584308 1.1228649961762884 
316 -1 -0.18589973265270676 -0.18670309588041395 0.2838434688072958 0.8697547102412942 0.5057973756719075 -1.4166173666096749 0.9326517872367118 
317 1 -1.8019208364770947 -2.15259923783915 -2.0135666818521467 0.3444595241536453 -1.0148301290133588 -0.8659059006820096 -1.7303331379173619 
318 1 0.9991824101518444 1.6898341305347433 1.7980456135601102 0.1343414497185857 1.246615903595499 1.7040809403137611 1.0277583917065 
319 -1 0.5682434491320076 0.43880931292463843 0.2316296017468539 -0.07577662471647388 -0.19603070341359993 -1.0494763893245647 -0.4463939775752192 
320 1 1.4301213711716811 0.974962806186112 0.597126671169947 -1.546603145761891 -1.2097823732037774 1.1533694743860958 -0.5890538842799017 
321 -1 2.7229382542311917 2.315346539339796 1.7458317464996682 -0.07577662471647388 -0.5469447429563536 -0.8659059006820096 -0.25618076863564254 
322 1 0.3527739686220892 0.43880931292463843 1.1192653417743659 -0.7061308480216526 0.19387378496723756 2.621933383526536 0.31445885818308755 
323 -1 0.5682434491320076 -0.007985264793256128 -0.238295201797123 -1.8617802574144804 -1.3267537197180288 0.051946542530765624 -0.8743736976892668 
324 -1 0.4605087088770484 0.7068860595553752 0.649340538230389 0.5545775985887049 0.5057973756719075 -0.13162394611178943 0.17179895147840504 
325 -1 0.029569747857211632 0.08137365075032278 0.07498800056552828 0.2394004869361155 0.19387378496723756 0.051946542530765624 -0.01841425746117166 
326 1 1.214651890661763 1.4217573839040065 1.6936178794392265 0.7646956730237645 2.182386675709509 1.7040809403137611 1.6935046229950186 
327 -1 -0.18589973265270676 0.2600914818374806 0.3882712029281795 0.1343414497185857 -0.3909829476040187 0.4190875198158757 -0.01841425746117166 
328 1 -1.0477776546923803 -0.6334976735983086 -0.4993645370993324 0.02928241250105591 -1.1707919243656937 -0.8659059006820096 -1.3974600222731026 
329 -1 2.7229382542311917 2.5834232859705324 1.9546872147414358 0.5545775985887049 0.7007496198623263 -0.3151944347543445 0.980205089471606 
330 1 -1.5864513559671765 -1.34836899794694 -1.5436418783081698 1.3950498963289433 -0.975839680175275 -1.6001878552522297 -1.777886440152256 
331 1 -0.18589973265270676 -0.4547798425111507 -0.656006138280658 -0.1808356619340037 -0.8978587824991074 -0.8659059006820096 -0.4939472798101134 
332 -1 -0.5091039534175844 -0.9909333357726242 -0.9692893406433092 -0.6010718108041229 -1.0928110266895261 -0.3151944347543445 -1.0645869066288434 
333 -1 0.029569747857211632 -0.007985264793256128 0.07498800056552828 -0.2858946991515335 0.27185468264340507 -0.13162394611178943 0.2669055559481934 
334 -1 0.24503922836713002 0.08137365075032278 0.0227741335050864 -0.9162489224567122 -0.040068908061264945 -0.3151944347543445 -0.06596755969606584 
335 -1 -0.4013692131626252 -0.18670309588041395 0.07498800056552828 0.1343414497185857 0.6617591710242425 1.1533694743860958 0.36201216041798173 
336 1 -1.8019208364770947 -1.9738814067519923 -2.0135666818521467 2.130463156851652 -1.0148301290133588 -1.6001878552522297 -1.8729930446220444 
337 1 -0.6168386936725435 -0.4547798425111507 0.12720186762597016 -0.3909537363690633 0.3108451314814888 -1.2330468779671198 0.4571187648877701 
338 1 -0.18589973265270676 0.08137365075032278 0.2838434688072958 0.4495185613711751 0.7787305175384939 -1.2330468779671198 0.4571187648877701 
339 -1 2.1842645529563955 1.95791087716548 1.5891901453183426 0.8697547102412942 0.3888260291576563 -0.3151944347543445 0.6948852760622409 
340 -1 -1.370981875457258 -1.4377279134905188 -1.439214144187286 0.02928241250105591 -0.81987788482294 -1.6001878552522297 -0.6366071865147959 
341 -1 0.4605087088770484 0.5281682284682173 0.2838434688072958 0.5545775985887049 0.11589288729107006 -0.6823354120394546 0.2669055559481934 
342 -1 -0.293634472907666 -0.5441387580547297 -0.39493680297844863 -1.021307959674242 -0.7418969871467724 -1.2330468779671198 -0.5415005820450075 
343 1 0.5682434491320076 -0.4547798425111507 -0.1860813347366811 -0.1808356619340037 -1.1707919243656937 0.23551703117332068 -1.492566626742891 
344 -1 -0.4013692131626252 -0.007985264793256128 -0.34272293591800673 1.1849318218938836 -1.0148301290133588 -1.2330468779671198 -1.1596935110986317 
345 -1 0.24503922836713002 -0.007985264793256128 -0.13386746767623922 -0.9162489224567122 -0.7808874359848562 0.23551703117332068 -0.5415005820450075 
346 1 0.6759781893869669 1.3323984683604275 1.5891901453183426 -0.07577662471647388 1.870463085004839 2.071221917598871 1.2179716006460768 
347 1 -0.07816499239774757 -0.3654209269675718 -0.02943973355535548 0.6596366358062347 2.29935802222376 0.23551703117332068 1.7410579252299128 
348 1 -0.6168386936725435 -0.6334976735983086 -0.29050906885756483 -0.1808356619340037 0.03791198961490256 -0.8659059006820096 -0.3037340708705367 
349 -1 0.4605087088770484 -0.007985264793256128 -0.13386746767623922 -0.8111898852391825 -1.1707919243656937 -0.3151944347543445 -0.68416048874969 
350 1 0.5682434491320076 0.34945039738105954 0.5449128041095052 0.3444595241536453 1.4415681477859177 2.071221917598871 0.6948852760622409 
351 1 0.3527739686220892 0.2600914818374806 0.2316296017468539 -0.2858946991515335 1.2856063524335826 1.1533694743860958 0.7424385782971351 
352 -1 6.385919422899804 5.889703161082952 3.3122477583129246 0.9748137474588241 0.8177209663765775 0.7862284971009859 1.6935046229950186 
353 -1 0.4605087088770484 0.34945039738105954 -0.02943973355535548 0.02928241250105591 -0.3130020499278512 0.6026580084584308 -0.3037340708705367 
354 1 -1.8019208364770947 -1.7951635756648345 -1.961352814791705 2.8658764173743605 -0.4689638452801862 -1.2330468779671198 -1.6827798356824677 
355 1 0.029569747857211632 0.34945039738105954 0.597126671169947 0.02928241250105591 0.5447878245099913 -0.8659059006820096 0.4571187648877701 
356 -1 -0.293634472907666 -0.5441387580547297 -0.7082200053410999 -1.7567212201969507 -2.1065626964797035 -0.8659059006820096 -1.9205463468569386 
357 -1 -0.5091039534175844 -0.4547798425111507 -0.238295201797123 0.5545775985887049 -0.001078459223181191 0.051946542530765624 -0.3037340708705367 
358 1 -1.8019208364770947 -2.063240322295571 -2.0657805489125884 0.7646956730237645 -0.975839680175275 -0.8659059006820096 -1.7303331379173619 
359 1 -0.9400429144374212 -1.259010082403361 -1.1781448088850768 -0.2858946991515335 -1.13180147552761 -0.8659059006820096 -1.0170336043939492 
360 -1 0.029569747857211632 0.2600914818374806 0.12720186762597016 -0.1808356619340037 -0.23502115225168368 0.051946542530765624 -0.01841425746117166 
361 -1 -0.6168386936725435 -0.9015744202290453 -1.0215032077037511 0.1343414497185857 -0.7029065383086887 -0.6823354120394546 -0.5890538842799017 
362 1 -0.18589973265270676 0.08137365075032278 0.5449128041095052 -0.8111898852391825 0.2328642338053213 0.9697989857435408 -0.11352086193096 
363 1 0.8914476698968853 1.3323984683604275 1.5891901453183426 1.3950498963289433 1.7924821873286714 1.520510451671206 1.0753116939413943 
364 -1 1.214651890661763 1.5111162994475855 1.1192653417743659 0.6596366358062347 1.0126732105669962 0.051946542530765624 0.6473319738273468 
365 1 0.13730448811217083 0.43880931292463843 0.7537682723512726 0.1343414497185857 1.05166365940508 0.4190875198158757 0.7424385782971351 
366 1 0.7837129296419261 0.8856038906425331 1.2759069429556915 -0.49601277358659307 1.0126732105669962 1.336939963028651 1.1704182984111826 
367 1 1.4301213711716811 1.6898341305347433 2.1635426829832034 0.9748137474588241 1.9094535338429226 0.7862284971009859 1.4081848095856535 
368 -1 0.3527739686220892 0.34945039738105954 0.12720186762597016 -0.07577662471647388 -0.001078459223181191 0.051946542530765624 0.2669055559481934 
369 1 -1.0477776546923803 -0.9909333357726242 -1.0215032077037511 -0.07577662471647388 -0.50795429411827 -0.6823354120394546 -0.6366071865147959 
370 -1 -0.5091039534175844 -0.8122155046854663 -1.3870002771268441 -0.9162489224567122 -1.599686861584615 -1.0494763893245647 -1.3023534178033143 
371 1 -0.293634472907666 0.2600914818374806 0.49269893704906326 -1.9668392946320101 -0.81987788482294 1.887651428956316 -0.3037340708705367 
372 -1 -0.07816499239774757 -0.3654209269675718 -0.02943973355535548 0.2394004869361155 -0.3909829476040187 0.051946542530765624 -0.398840675340325 
373 1 -1.6941860962221356 -2.241958153382729 -2.2746360171543563 0.6596366358062347 -1.0928110266895261 -1.6001878552522297 -1.6827798356824677 
374 -1 1.861060332191518 1.5111162994475855 0.9626237405930401 -0.2858946991515335 0.2328642338053213 -0.6823354120394546 0.6948852760622409 
375 -1 -0.18589973265270676 -0.3654209269675718 -0.6037922712202161 -0.3909537363690633 -0.7418969871467724 -0.49876492339689954 -0.9219269999241609 
376 1 0.7837129296419261 1.3323984683604275 1.432548544137017 0.8697547102412942 1.7924821873286714 1.520510451671206 1.265524902880971 
377 -1 2.399734033466314 2.5834232859705324 2.0069010818018778 0.6596366358062347 0.7787305175384939 -0.13162394611178943 1.4557381118205477 
378 -1 -0.4013692131626252 -0.18670309588041395 0.2316296017468539 -0.1808356619340037 0.7007496198623263 0.23551703117332068 0.6948852760622409 
379 1 0.5682434491320076 0.7962449750989541 0.9626237405930401 -0.1808356619340037 1.0906541082431638 1.7040809403137611 1.4081848095856535 
380 1 -1.1555123949473396 -0.9015744202290453 -1.073717074764193 1.1849318218938836 -0.5859351917944374 -0.13162394611178943 -1.0645869066288434 
381 1 1.322386630916722 1.868551961621901 2.0069010818018778 0.2394004869361155 1.1296445570812477 1.887651428956316 0.980205089471606 
382 1 0.9991824101518444 1.1536806372732697 1.6936178794392265 0.7646956730237645 1.9094535338429226 1.336939963028651 1.0753116939413943 
383 -1 0.3527739686220892 -0.007985264793256128 -0.39493680297844863 -0.9162489224567122 -2.028581798803536 -1.6001878552522297 -1.7303331379173619 
384 -1 0.029569747857211632 0.08137365075032278 0.0227741335050864 0.1343414497185857 -0.7029065383086887 -0.6823354120394546 -0.7317137909845842 
385 1 -1.4787166157122171 -1.34836899794694 -1.491428011247728 0.4495185613711751 -1.0928110266895261 -0.13162394611178943 -1.5401199289777852 
386 -1 0.5682434491320076 0.43880931292463843 0.3882712029281795 0.1343414497185857 0.3108451314814888 -0.49876492339689954 0.5522253693575584 
387 -1 -0.7245734339275027 -0.6334976735983086 -0.7604338724015417 0.4495185613711751 -0.040068908061264945 0.4190875198158757 -0.5415005820450075 
388 1 -1.370981875457258 -1.259010082403361 -1.1259309418246348 2.130463156851652 -0.4689638452801862 -0.8659059006820096 -1.3023534178033143 
389 -1 -0.07816499239774757 0.08137365075032278 0.2838434688072958 -0.6010718108041229 -0.5859351917944374 0.6026580084584308 -0.3037340708705367 
390 1 -1.5864513559671765 -1.6164457445776765 -2.0135666818521467 0.2394004869361155 -1.1707919243656937 -1.6001878552522297 -1.7303331379173619 
391 1 0.6759781893869669 1.064321721729691 1.1714792088348076 -0.1808356619340037 1.3245968012716662 1.1533694743860958 1.3130782051158651 
392 -1 0.029569747857211632 -0.18670309588041395 -0.13386746767623922 -0.6010718108041229 0.27185468264340507 0.23551703117332068 0.5522253693575584 
393 -1 0.5682434491320076 0.7962449750989541 0.9104098735325983 0.3444595241536453 1.0906541082431638 0.9697989857435408 1.0753116939413943 
394 -1 0.7837129296419261 0.974962806186112 0.597126671169947 0.8697547102412942 -0.19603070341359993 -0.3151944347543445 -0.01841425746117166 
395 -1 -0.18589973265270676 0.08137365075032278 0.12720186762597016 -0.07577662471647388 0.5837782733480751 0.23551703117332068 0.2669055559481934 
396 -1 1.861060332191518 1.3323984683604275 1.1192653417743659 0.3444595241536453 -0.07905935689934869 -0.6823354120394546 0.36201216041798173 
397 -1 0.9991824101518444 0.974962806186112 1.1192653417743659 0.02928241250105591 0.4668069268338238 -0.6823354120394546 1.2179716006460768 
398 1 -0.6168386936725435 -0.3654209269675718 -0.39493680297844863 0.4495185613711751 1.1296445570812477 -1.0494763893245647 0.5046720671226642 
399 1 0.4605087088770484 0.7068860595553752 0.9104098735325983 0.3444595241536453 2.0654153291952575 1.336939963028651 1.6935046229950186 
400 1 -0.18589973265270676 0.1707325662939017 0.0227741335050864 2.025404119634122 0.8567114152146613 1.887651428956316 0.12424564924351086 
401 -1 2.076529812701436 1.95791087716548 1.6936178794392265 0.02928241250105591 0.6617591710242425 0.4190875198158757 0.980205089471606 
402 1 1.861060332191518 2.6727822015141114 2.4768258853458547 0.9748137474588241 1.4805585966240014 0.4190875198158757 1.550844716290336 
403 -1 -0.6168386936725435 -0.7228565891418874 -0.4471506700388905 -0.07577662471647388 -0.6249256406325212 -1.2330468779671198 -0.4939472798101134 
404 -1 0.24503922836713002 0.2600914818374806 -0.34272293591800673 0.3444595241536453 -0.7418969871467724 -0.49876492339689954 -0.5890538842799017 
405 1 -0.7245734339275027 -0.4547798425111507 -0.08165360061579735 -2.3870754435021295 -1.5217059639084474 2.254792406241426 -0.8743736976892668 
406 1 0.6759781893869669 1.5111162994475855 1.4847624111974589 2.130463156851652 -0.6249256406325212 -0.8659059006820096 -1.492566626742891 
407 -1 0.7837129296419261 0.7068860595553752 0.597126671169947 0.5545775985887049 0.8957018640527451 -0.6823354120394546 0.8850984850018176 
408 -1 0.13730448811217083 -0.007985264793256128 0.33605733586773767 -0.6010718108041229 0.03791198961490256 -0.13162394611178943 0.029139044773722513 
409 -1 0.7837129296419261 0.8856038906425331 0.8059821394117145 0.2394004869361155 0.7397400687004101 0.7862284971009859 1.550844716290336 
410 1 0.24503922836713002 0.5281682284682173 0.3882712029281795 0.1343414497185857 -0.5859351917944374 0.7862284971009859 -0.9219269999241609 
411 1 -0.07816499239774757 0.1707325662939017 0.7015544052908308 -0.49601277358659307 0.2328642338053213 2.254792406241426 0.12424564924351086 
412 1 -0.293634472907666 0.1707325662939017 0.3882712029281795 -0.3909537363690633 -0.3909829476040187 0.23551703117332068 -0.398840675340325 
413 1 -1.370981875457258 -1.4377279134905188 -1.5958557453686117 0.8697547102412942 1.558539494300169 -0.3151944347543445 -1.3974600222731026 
414 1 -0.832308174182462 -0.7228565891418874 -1.3870002771268441 1.8152860451990624 0.6227687221861589 -1.6001878552522297 -0.11352086193096 
415 1 -0.07816499239774757 -0.4547798425111507 -0.238295201797123 -1.021307959674242 0.2328642338053213 0.6026580084584308 0.36201216041798173 
416 -1 -0.5091039534175844 -0.7228565891418874 -0.7082200053410999 -0.2858946991515335 -0.50795429411827 -1.6001878552522297 -0.11352086193096 
417 1 -0.4013692131626252 -0.7228565891418874 -0.656006138280658 -0.49601277358659307 -0.663916089470605 0.7862284971009859 -0.9219269999241609 
418 1 0.7837129296419261 0.5281682284682173 1.2236930758952496 0.3444595241536453 2.104405778033341 0.23551703117332068 1.3130782051158651 
419 -1 -0.07816499239774757 0.08137365075032278 0.07498800056552828 0.4495185613711751 -0.4299733964421025 -0.6823354120394546 -0.5415005820450075 
420 -1 0.4605087088770484 0.6175271440117963 0.649340538230389 0.2394004869361155 -0.3130020499278512 -0.6823354120394546 0.12424564924351086 
421 -1 4.123489877545661 4.638678343472847 4.147669631279995 2.550699305721771 3.2351287943377702 0.23551703117332068 3.9285098280350446 
422 1 0.3527739686220892 0.7962449750989541 0.5449128041095052 -0.9162489224567122 -0.9368492313371912 0.23551703117332068 -0.4463939775752192 
423 1 -1.8019208364770947 -1.7951635756648345 -1.856925080670821 0.4495185613711751 -0.7418969871467724 1.1533694743860958 -1.777886440152256 
424 1 0.8914476698968853 1.064321721729691 1.1192653417743659 0.7646956730237645 2.455319817576095 1.336939963028651 1.7410579252299128 
425 -1 -0.7245734339275027 -0.2760620114239929 0.12720186762597016 0.2394004869361155 -0.5859351917944374 -1.0494763893245647 -0.25618076863564254 
426 -1 -0.293634472907666 -0.18670309588041395 0.12720186762597016 -1.021307959674242 -0.3909829476040187 -1.0494763893245647 0.4095654626528759 
427 1 -1.4787166157122171 -1.0802922513162032 -1.5436418783081698 1.500108933546473 -0.6249256406325212 -0.8659059006820096 -1.3499067200382084 
428 1 -1.6941860962221356 -1.5270868290340978 -1.6480696124290537 2.445640268504241 -1.1707919243656937 0.23551703117332068 -1.5401199289777852 
429 1 -1.370981875457258 -1.259010082403361 -1.3870002771268441 1.0798727846763538 -0.7418969871467724 -0.49876492339689954 -0.9219269999241609 
430 -1 0.13730448811217083 0.6175271440117963 0.8581960064721564 0.9748137474588241 1.3635872501097501 -0.49876492339689954 2.073931040874172 
431 1 0.13730448811217083 0.34945039738105954 0.5449128041095052 0.6596366358062347 0.3108451314814888 1.336939963028651 0.4571187648877701 
432 -1 -1.1555123949473396 -0.9909333357726242 -0.9170754735828673 0.6596366358062347 -0.4689638452801862 -0.6823354120394546 -0.68416048874969 
433 -1 -1.1555123949473396 -1.4377279134905188 -1.3870002771268441 -1.4415441085443612 -1.75564865693695 -1.4166173666096749 -1.492566626742891 
434 1 0.029569747857211632 0.6175271440117963 1.1192653417743659 1.0798727846763538 2.2213771245475926 1.1533694743860958 1.788611227464807 
435 1 -2.0173903169870133 -2.15259923783915 -2.1702082830334724 0.7646956730237645 -1.75564865693695 -1.96732883253734 -2.2058661602663037 
436 -1 0.7837129296419261 0.6175271440117963 0.33605733586773767 -0.8111898852391825 -0.23502115225168368 -0.6823354120394546 0.07669234700861668 
437 1 0.5682434491320076 0.7962449750989541 1.2236930758952496 0.4495185613711751 1.7924821873286714 0.4190875198158757 1.0277583917065 
438 1 1.214651890661763 1.6898341305347433 2.1113288159227612 1.6051679707640027 2.1433962268714253 1.520510451671206 1.4081848095856535 
439 -1 0.7837129296419261 0.7962449750989541 0.4404850699886214 0.1343414497185857 0.1548833361291538 -0.6823354120394546 0.5997786715924526 
440 1 -1.0477776546923803 -0.8122155046854663 -0.656006138280658 -0.49601277358659307 -0.35199249876593497 0.7862284971009859 -0.25618076863564254 
441 -1 0.6759781893869669 0.5281682284682173 0.2316296017468539 0.02928241250105591 -0.7418969871467724 -0.49876492339689954 -0.398840675340325 
442 -1 0.3527739686220892 -0.09734418033683505 -0.29050906885756483 -0.7061308480216526 -0.11804980573743244 -0.8659059006820096 0.12424564924351086 
443 -1 0.6759781893869669 0.34945039738105954 0.33605733586773767 -0.8111898852391825 -0.50795429411827 -0.8659059006820096 -0.06596755969606584 
444 -1 0.4605087088770484 0.08137365075032278 -0.34272293591800673 2.2355221940691816 0.7397400687004101 -1.4166173666096749 0.7899918805320293 
445 -1 1.5378561114266405 2.136628708252638 2.320184284164529 1.7102270079815327 1.1686350059193313 0.4190875198158757 1.1228649961762884 
446 -1 0.6759781893869669 0.7962449750989541 0.2316296017468539 -1.2314260341093015 -0.5469447429563536 1.1533694743860958 -0.01841425746117166 
447 -1 0.3527739686220892 0.2600914818374806 0.2838434688072958 0.3444595241536453 0.4668069268338238 -0.6823354120394546 0.4571187648877701 
448 1 -0.07816499239774757 0.1707325662939017 0.597126671169947 -0.1808356619340037 -0.001078459223181191 1.336939963028651 0.4095654626528759 
449 1 -0.293634472907666 0.34945039738105954 -0.29050906885756483 -0.49601277358659307 -0.7029065383086887 0.9697989857435408 -0.7317137909845842 
450 -1 -0.07816499239774757 -0.2760620114239929 -0.13386746767623922 -0.3909537363690633 0.1548833361291538 -0.3151944347543445 0.2669055559481934 
451 1 0.029569747857211632 -0.09734418033683505 -0.4993645370993324 0.6596366358062347 0.8567114152146613 2.254792406241426 0.4095654626528759 
452 1 1.6455908516815996 2.315346539339796 2.737895220648064 1.500108933546473 2.1433962268714253 1.887651428956316 1.9788244364043837 
453 1 -0.4013692131626252 -0.18670309588041395 -0.02943973355535548 -1.546603145761891 0.8177209663765775 1.1533694743860958 1.3130782051158651 
454 1 0.13730448811217083 0.34945039738105954 0.3882712029281795 0.4495185613711751 0.8957018640527451 1.336939963028651 0.5522253693575584 
455 1 -1.1555123949473396 -0.8122155046854663 -0.7604338724015417 0.2394004869361155 -0.4689638452801862 0.6026580084584308 -0.8743736976892668 
456 1 0.6759781893869669 1.4217573839040065 1.3803346770765752 1.0798727846763538 0.34983558031957257 2.071221917598871 0.31445885818308755 
457 -1 -0.5091039534175844 -0.6334976735983086 -0.5515784041597742 -1.9668392946320101 -0.975839680175275 -0.49876492339689954 -0.3037340708705367 
458 -1 0.029569747857211632 -0.007985264793256128 0.3882712029281795 -0.1808356619340037 1.2856063524335826 0.6026580084584308 1.1704182984111826 
459 -1 1.861060332191518 1.6898341305347433 1.2236930758952496 -0.2858946991515335 -0.001078459223181191 -0.49876492339689954 0.5046720671226642 
460 1 0.7837129296419261 1.064321721729691 1.2236930758952496 0.1343414497185857 1.9874344315190902 1.520510451671206 1.6459513207601244 
461 1 0.7837129296419261 0.7962449750989541 1.1192653417743659 0.6596366358062347 1.870463085004839 1.7040809403137611 1.550844716290336 
462 1 -0.4013692131626252 -0.3654209269675718 -0.29050906885756483 0.1343414497185857 0.19387378496723756 1.336939963028651 -0.06596755969606584 
463 1 -0.9400429144374212 -0.7228565891418874 -0.4471506700388905 -1.1263669968917718 -0.5859351917944374 0.9697989857435408 -0.5415005820450075 
464 -1 -0.07816499239774757 -0.007985264793256128 0.07498800056552828 -0.1808356619340037 0.8177209663765775 0.6026580084584308 0.7424385782971351 
465 1 0.7837129296419261 0.43880931292463843 0.12720186762597016 0.4495185613711751 -0.663916089470605 0.7862284971009859 -0.5415005820450075 
466 1 -0.6168386936725435 -0.5441387580547297 -0.6037922712202161 0.7646956730237645 0.7787305175384939 0.4190875198158757 0.029139044773722513 
467 1 -1.1555123949473396 -1.0802922513162032 -1.073717074764193 -0.6010718108041229 -0.5859351917944374 -1.0494763893245647 -0.8743736976892668 
468 1 0.029569747857211632 -0.18670309588041395 0.33605733586773767 0.5545775985887049 1.4805585966240014 1.336939963028651 1.0277583917065 
469 -1 0.029569747857211632 -0.09734418033683505 0.17941573468641203 -0.3909537363690633 1.0126732105669962 0.051946542530765624 0.980205089471606 
