id label data 
0 1 0.0 0.12065379433217165 0.39219338830336065 -0.6626952779972505 0.32154004663524616 1.241113020199414 0.30922982287703965 
1 -1 0.8816620300447742 0.982466610990537 0.48520367801957265 -0.038165696638584455 0.24617909820511033 0.020346115085235157 0.9245340622752309 
2 1 0.7714542762891774 1.15482917432221 0.9037499817425265 0.06592256692119322 0.13313767555990658 -0.3865761866194911 -0.06941893982953962 
3 -1 1.1020775375559677 0.8101040476588639 0.5317088228776786 -0.7667835415570281 -0.2813475408058405 -0.7934984883242174 0.30922982287703965 
4 -1 -0.4408310150223871 -0.22407133233117452 0.020152229438512772 0.17001083048097088 1.2635519020119441 0.020346115085235157 0.8298718715985861 
5 -1 0.8816620300447742 0.5515602026613543 0.4386985331614667 -0.14225396019836212 -0.13062564394556886 -0.7934984883242174 0.4038920135536844 
6 1 -1.2122852913115645 -0.9997028673237033 -1.095971247156031 1.1068052025189699 -0.46974991188118015 -0.18311503576712798 -0.9687097512576653 
7 1 1.432700798822758 2.275185835978085 2.71745063120866 2.7722174194754126 3.3736584580557474 1.4445741710517772 2.3917980177632256 
8 -1 -0.7714542762891774 -0.3964338956628476 -0.3983940742844411 -0.3504304873179175 -0.13062564394556886 -1.8108042425860331 0.6878785855836189 
9 1 0.4408310150223871 0.2930163576638447 0.15966766401283072 -0.14225396019836212 0.2084986239900424 0.020346115085235157 0.4038920135536844 
10 -1 -1.2122852913115645 -1.0858841489895399 -0.956455812581713 0.5863638847200816 -0.35670848923597637 -0.7934984883242174 -0.5900609885510861 
11 1 -2.2041550751119354 -2.0338782473137416 -1.9795689994600447 -0.6626952779972505 -1.2233593961825384 -2.0142653934383965 -1.5366828953175342 
12 -1 -0.11020775375559677 -0.22407133233117452 -0.0728580602776992 -0.14225396019836212 0.6229838403557895 0.42726841678996147 0.4038920135536844 
13 -1 0.0 -0.13789005066533797 0.20617280887093672 -0.2463422237581398 1.33891285044208 0.6307295676423246 1.2558517296434877 
14 -1 0.0 -0.05170876899950143 -0.11936320513580519 0.06592256692119322 -0.5827913345263839 -0.7934984883242174 -0.6373920838894085 
15 1 -0.22041550751119354 -0.5687964589945207 -0.723930088291183 -0.2463422237581398 -0.7711937056017235 -0.9969596391765806 -0.40073660719779647 
16 -1 -0.11020775375559677 -0.05170876899950143 -0.026352915419593215 0.06592256692119322 -0.09294516973050093 1.6480353219041404 0.11990544152375 
17 -1 1.9837395676007419 1.8442794276489023 1.6013271546141163 1.8354230474374136 0.6606643145708574 1.241113020199414 0.356560918215362 
18 1 0.22041550751119354 0.2930163576638447 0.2526779537290427 -0.7667835415570281 -0.6581522829565197 0.020346115085235157 -0.7320542745660533 
19 1 -1.3224930450671613 -1.430609275652886 -1.5145175508789848 2.2517761016765245 -0.5827913345263839 -1.2004207900289436 -1.4420207046408893 
20 1 -1.432700798822758 -1.1720654306553764 -1.049466102297925 -0.5586070144374728 -1.1103179735373347 -0.18311503576712798 -1.1107030372726325 
21 -1 -0.3306232612667903 -0.6549777406603572 -0.770435233149289 -1.8076661771548048 -1.939288406268829 -0.9969596391765806 -1.8206694673474686 
22 1 1.7633240600895483 1.6719168643172293 1.9268631686208582 0.8986286753994146 1.6026761699475554 0.020346115085235157 1.4925072063350997 
23 1 -1.873531813845145 -1.8615156839820686 -1.7935484200276206 0.37818735760052624 -0.6204718087414518 1.241113020199414 -1.6786761813325015 
24 -1 0.5510387687779839 0.4653789209955178 0.6247191125938906 0.06592256692119322 1.1128300051516724 1.4445741710517772 1.634500492350067 
25 1 -0.11020775375559677 0.0344725126663351 0.39219338830336065 -0.2463422237581398 0.09545720134483866 1.4445741710517772 0.49855420423032926 
26 -1 0.6612465225335806 0.2930163576638447 0.020152229438512772 -0.9749600686765835 -0.31902801502090844 -0.3865761866194911 -0.11675003516786202 
27 -1 -0.11020775375559677 -0.05170876899950143 -0.0728580602776992 0.37818735760052624 -0.31902801502090844 -0.7934984883242174 -0.4480677025361189 
28 -1 0.6612465225335806 0.6377414843271908 0.06665737429661876 -1.2872248593559166 -0.4320694376661122 1.241113020199414 0.0725743461854276 
29 -1 0.11020775375559677 -0.4826151773286841 -0.16586834999391117 -1.5994896500352496 -0.959596076677063 0.020346115085235157 -0.5427298932127637 
