id label data 
0 1 0.04118971566271119 0.21777724165626325 0.35970170449423244 -0.2118756623176792 1.4034712556389795 1.2074284116793232 1.2143569567673431 
1 -1 1.1739068963872528 1.0145232477157626 1.1590388255925272 0.019261423847062344 1.114592094958572 0.8854475018981705 1.4378582371539708 
2 -1 -0.061784573494065326 -0.2602703619794364 -0.1287820917325033 -0.7897183777295331 -0.6186828691238729 -0.724457047007594 -0.08195046947509656 
3 1 1.1739068963872528 -0.977341767432986 -0.883711594992004 0.2503985100118039 -0.04092454776305797 -0.24148568233586468 -0.3054517498617241 
4 1 -1.2974760433753836 -1.8537623740984353 -1.727456333929093 -0.5585812915647915 -1.5214302462501463 -1.5294093214604763 -1.4229581517948617 
5 1 0.5560611614465938 0.7754994458979129 1.0258159720761448 0.3659670530941747 1.0062624097034192 1.046437956788747 0.6332536277621116 
6 1 -1.8123474891592661 -1.7740877734924854 -1.8606791874454753 1.4060839408355117 -1.2686609806547897 -1.3684188665698998 -1.7805602004134657 
7 1 0.8649840289169233 1.2535470495336125 1.4698921504640863 0.8282412254236579 1.547910835979183 1.5294093214604763 1.3484577249993197 
8 1 -0.26773315180761836 -0.10092116076753652 -0.03996685605491499 -1.0208554638942746 -0.40202349861356734 0.4024761372264411 0.3650520912981585 
9 -1 -1.606398910845713 -1.2960401698567856 -1.1501573020247688 0.019261423847062344 -0.6909026592939748 -1.5294093214604763 -0.12665072555242207 
10 1 -0.061784573494065326 0.058428040444363366 0.1820712331390558 0.48153559617654546 0.9340426195333174 1.3684188665698998 0.40975234737548405 
11 -1 -0.5766560192779479 -0.49929416379728625 -0.4396354166040624 -0.9052869208119039 -0.6547927642089238 0.24148568233586468 -0.5289530302483516 
12 1 -0.26773315180761836 0.1381026410503133 0.1820712331390558 0.13482996692943314 0.031295242407043906 0.24148568233586468 0.320351835220833 
13 -1 -0.26773315180761836 -0.2602703619794364 -0.5728582701204449 -1.5986981793061286 -0.6186828691238729 0.4024761372264411 -0.21605123770707307 
14 -1 1.1739068963872528 1.2535470495336125 0.9370007363985565 0.5971041392589163 0.39239419325755326 -0.24148568233586468 0.7673543959940881 
15 -1 1.4828297638575825 1.2535470495336125 0.9370007363985565 -0.6741498346471624 -0.04092454776305797 -0.5634665921170176 0.49915285953013505 
16 1 -0.37070744096439484 -0.18059576137348646 -0.30641256308767995 1.4060839408355117 0.3201744030874514 -0.724457047007594 -0.3054517498617241 
17 1 0.04118971566271119 -0.021246560161586575 0.13766361530026164 0.13482996692943314 0.031295242407043906 1.2074284116793232 -0.3948522620163751 
18 -1 -0.37070744096439484 -0.021246560161586575 -0.21759732741009163 0.8282412254236579 0.21184471783229858 -0.8854475018981705 0.2756515791435075 
19 1 -0.5766560192779479 -0.4196195631913363 -0.2620049452488858 -1.2519925500590163 -1.0520016101444842 0.4024761372264411 -0.7971545667123047 
20 1 -0.4736817301211714 -0.2602703619794364 0.22647885097784995 -2.1765408947179825 -1.0520016101444842 0.5634665921170176 -0.4395525180937006 
21 -1 1.4828297638575825 1.4925708513514624 1.4698921504640863 0.3659670530941747 1.4395811507240304 -0.5634665921170176 1.6613595175405982 
22 -1 0.5560611614465938 0.4568010434741131 0.3152940866554383 -0.9052869208119039 -0.5103531838687201 -0.4024761372264411 -0.3501520059390496 
23 1 -1.9153217783160426 -1.8537623740984353 -2.082717276639446 0.13482996692943314 -1.4492104560800445 -1.5294093214604763 -2.004061480800093 
24 1 -2.1212703566295956 -2.0131115753103352 -2.1271248944782406 1.6372210270002534 -1.5575401413351972 -1.6903997763510525 -2.13816224903207 
25 -1 0.3501125831330407 0.21777724165626325 0.35970170449423244 -0.2118756623176792 1.8006801015745397 0.24148568233586468 1.4825584932312963 
26 -1 1.1739068963872528 1.2535470495336125 0.803777882882174 -1.8298352654708703 -0.6909026592939748 0.08049522744528823 0.09685055483420547 
27 1 0.9679583180736998 1.1738724489276626 0.9814083542373506 1.7527895700826241 1.3312514654688776 1.6903997763510525 0.6779538838394371 
28 1 0.6590354506033703 0.695824845291963 1.114631207753733 0.8282412254236579 1.2229217802137249 1.3684188665698998 0.8567549081487391 
29 -1 0.3501125831330407 0.5364756440800631 0.13766361530026164 0.9438097685060286 -0.6186828691238729 -0.8854475018981705 -1.1547566153309088 
