id label data 
0 1 0.32329168898926147 0.4106011054312921 1.084888927393696 -0.7125782498142651 0.1544950481431067 2.5901093983648558 0.2817187014919244 
1 1 -0.31873828491899026 0.05731502844693077 0.10083020503455854 1.6930966035561907 1.5889151694504329 0.5866884543872523 0.8518275914863465 
2 1 -1.8168082240382442 -2.062401433459237 -2.074457497022482 0.7517455739764471 -1.0085482934574281 -0.8703449594146413 -1.7611714876547548 
3 -1 1.0723266585488884 1.205494778646105 0.9295112343896216 1.4839074858718033 1.1624659441969036 0.0403009242115422 0.8518275914863465 
4 -1 -0.42574328057036553 -0.031006490799159556 -0.3653028739776644 1.170123809345222 -1.0473164048441126 -1.2346033128651146 -1.1910625976603326 
5 -1 -0.21173328926761495 -0.6492571255217918 -0.676058259985813 -1.8631183970783962 -1.318693184550904 -0.6882157826894045 -1.096044449327929 
6 1 0.32329168898926147 0.4989226246773824 0.6705484127161644 0.12417822092328475 1.8215238377705398 1.315205161288199 1.4694455556469703 
7 -1 0.9653216628975132 0.5872441439234727 -0.15813261663889866 0.3333673386076722 -1.1636207390041662 -1.052474136139878 -1.143553523494131 
8 1 -1.2817832457813678 -1.0025432025061531 -0.9868136459939617 1.588502044713997 -0.5433309568172142 0.2224301009367789 -1.2385716718265345 
9 1 -2.13782321099237 -2.1507229527053275 -2.2298351900265563 -0.2942000144454902 -1.086084516230797 -2.327378373216535 -1.713662413488553 
10 -1 0.21628669333788617 -0.031006490799159556 -0.002754923634824342 -0.2942000144454902 -0.6984034023639522 0.768817631112489 -0.19337204017009404 
11 -1 0.21628669333788617 0.1456365476930211 0.15262276936924998 -1.0263619263408463 0.30956749368984465 0.2224301009367789 0.4242459239905299 
12 1 -0.9607682588272419 -0.2076495292913402 -0.676058259985813 1.4839074858718033 1.123697832810219 0.0403009242115422 1.1843911106497593 
13 1 -0.31873828491899026 0.1456365476930211 0.3597930267080158 -0.3987945732876839 -0.42702662265716074 0.2224301009367789 -0.43091741100110326 
14 -1 -0.5327482762217408 -0.6492571255217918 -0.5724731313164302 -1.96771295592059 -1.0085482934574281 -0.5060866059641679 -0.33589926266869957 
15 -1 0.43029668464063675 0.675565663169563 0.6187558483814729 0.5425564562920597 0.46463993923658264 -0.1418282525136945 0.13919147899331885 
16 1 0.002276702035135612 0.23395806693911142 0.5669632840467815 -0.6079836909720714 0.19326315952979117 1.1330759845629623 0.1867005531595207 
17 -1 0.10928169768651089 -0.3842925677835209 -0.054547487969515786 -1.5493347205518149 -1.1248526276174817 0.0403009242115422 -0.6684627818321125 
18 -1 0.32329168898926147 0.1456365476930211 0.6705484127161644 -0.6079836909720714 0.5809442733966361 -1.052474136139878 1.611972778145576 
19 1 -0.8537632631758666 -0.9142216832600628 -0.9350210816592703 -0.9217673674986526 -0.7371715137506367 -0.1418282525136945 -0.7159718559983143 
20 -1 0.8583166672461379 0.675565663169563 0.6187558483814729 -0.08501089676110271 -0.27195417711042275 -0.6882157826894045 0.2817187014919244 
21 -1 0.21628669333788617 0.05731502844693077 -0.002754923634824342 -0.9217673674986526 -0.07811362017700028 -0.32395742923893117 -0.09835389183769035 
22 1 0.43029668464063675 0.4106011054312921 0.7741335413855472 0.8563401328186409 2.364277397184123 2.043721868189146 1.897027223142787 
23 -1 1.286336649851639 0.8522087016617437 1.0330963630590044 -0.5033891321298777 -0.27195417711042275 -0.1418282525136945 0.3292277756581262 
24 1 0.002276702035135612 0.4106011054312921 0.5669632840467815 1.3793129270296096 2.1704368402507 1.315205161288199 1.564463703979374 
25 -1 0.7513116715947625 0.5872441439234727 0.3080004623733243 -0.8171728086564588 -0.27195417711042275 -0.6882157826894045 0.044173330660915174 
26 1 -0.8537632631758666 -0.9142216832600628 -0.26171774530828157 -2.699874867815946 -1.1636207390041662 1.6794635147386725 -0.3834083368349014 
27 1 -0.42574328057036553 -0.031006490799159556 0.3597930267080158 -1.7585238382362025 -1.1248526276174817 1.1330759845629623 -0.43091741100110326 
28 1 -1.2817832457813678 -0.4726140870296112 -0.6242656956511217 0.6471510151342534 0.6972486075566896 -0.1418282525136945 -0.19337204017009404 
29 1 0.32329168898926147 0.4989226246773824 0.8259261057202387 0.2287727797654785 1.5889151694504329 1.8615926914639092 1.1368820364835575 
30 -1 -0.31873828491899026 -0.29597104853743056 -0.26171774530828157 -0.5033891321298777 -0.3882585112704762 0.2224301009367789 -0.3834083368349014 
31 -1 0.537301680292012 0.5872441439234727 0.8259261057202387 0.12417822092328475 1.0073934986501656 1.315205161288199 1.5169546298131722 
32 1 0.32329168898926147 0.4106011054312921 0.4115855910427072 0.5425564562920597 1.1624659441969036 0.768817631112489 0.8993366656525483 
33 1 0.21628669333788617 0.4989226246773824 0.6187558483814729 -0.18960545560329645 0.5421761620099517 2.043721868189146 0.9468457398187502 
34 -1 -0.10472829361623967 -0.3842925677835209 -0.41709543831235585 -0.9217673674986526 -1.3962294073242731 -0.1418282525136945 -0.9535172268293235 
35 1 0.43029668464063675 0.675565663169563 0.8777186700549302 0.3333673386076722 2.0153643947039623 1.315205161288199 1.6594818523117778 
36 1 -1.388788241432743 -1.2675077602444242 -1.142191338998036 2.111474838924966 -0.5045628454305298 -0.8703449594146413 -1.3335898201589382 
37 -1 -0.10472829361623967 -0.2076495292913402 -0.313510309642973 -0.2942000144454902 0.19326315952979117 -1.052474136139878 0.709300368987741 
38 -1 0.002276702035135612 0.1456365476930211 0.15262276936924998 -0.8171728086564588 0.11572693675642219 0.0403009242115422 0.4242459239905299 
39 1 -1.1747782501299926 -1.0908647217522436 -1.5047392893408762 3.471204103873484 -0.42702662265716074 -1.4167324895903515 -1.38109889432514 
40 1 1.5003466411543895 -0.8259001640139725 -0.779643388655196 0.5425564562920597 0.27079938230316014 -0.32395742923893117 -0.1458629660038922 
41 -1 0.537301680292012 0.1456365476930211 0.3080004623733243 -0.5033891321298777 -0.7371715137506367 -0.6882157826894045 -0.1458629660038922 
42 -1 0.002276702035135612 -0.2076495292913402 -0.15813261663889866 -0.6079836909720714 0.23203127091647566 0.2224301009367789 0.5192640723229336 
43 -1 -0.21173328926761495 -0.29597104853743056 -0.8314359529898874 2.5298530742937406 -0.07811362017700028 0.2224301009367789 -0.43091741100110326 
44 -1 0.32329168898926147 -0.031006490799159556 -0.41709543831235585 -0.9217673674986526 -2.0552873008979096 -1.5988616663155881 -1.7611714876547548 
45 1 0.10928169768651089 0.32227958618520175 0.51517071971209 0.6471510151342534 0.27079938230316014 1.315205161288199 0.4242459239905299 
46 -1 -1.388788241432743 -1.2675077602444242 -1.4011541606714932 -0.18960545560329645 -0.9310120706840591 -1.9631200197660614 -1.0485353751617272 
47 -1 -0.31873828491899026 -0.4726140870296112 -0.8314359529898874 -0.8171728086564588 -1.086084516230797 -0.6882157826894045 -0.9060081526631216 
48 1 -0.5327482762217408 -0.29597104853743056 0.0490376406998671 -0.8171728086564588 -0.6208671795905832 1.1330759845629623 -0.5734446334997088 
49 1 -1.2817832457813678 -1.5324723179826951 -1.5047392893408762 -0.18960545560329645 0.42587182784989813 0.0403009242115422 0.6142822206553373 
50 1 -0.31873828491899026 -0.2076495292913402 -0.054547487969515786 -0.8171728086564588 -0.8147077365240056 0.4045592776620156 -0.6684627818321125 
51 1 -1.4957932370841183 -1.2675077602444242 -1.2975690320021105 0.7517455739764471 -0.6596352909772677 0.2224301009367789 -1.2385716718265345 
52 -1 0.9653216628975132 0.32227958618520175 0.3597930267080158 -2.072307514762784 -1.086084516230797 0.2224301009367789 -0.3834083368349014 
53 1 -0.42574328057036553 -0.3842925677835209 -0.313510309642973 -1.96771295592059 -0.7371715137506367 1.315205161288199 -0.19337204017009404 
54 -1 0.002276702035135612 -0.4726140870296112 -0.5724731313164302 -1.13095648518304 0.27079938230316014 -0.6882157826894045 0.8518275914863465 
55 1 1.0723266585488884 1.0288517401539243 1.447436877736536 -0.08501089676110271 1.5501470580637484 0.9509468078377257 1.4694455556469703 
56 1 0.21628669333788617 0.23395806693911142 0.15262276936924998 0.12417822092328475 1.278770278356957 0.0403009242115422 0.8043185173201447 
57 1 -1.709803228386869 -2.2390444719514178 -2.281627754361248 0.6471510151342534 -1.1248526276174817 -1.5988616663155881 -1.713662413488553 
58 1 0.32329168898926147 0.32227958618520175 0.51517071971209 -0.18960545560329645 1.201234055583588 1.6794635147386725 1.0893729623173558 
59 -1 -1.2817832457813678 -1.0908647217522436 -1.4011541606714932 1.4839074858718033 -0.0005773974036312977 -0.6882157826894045 -0.5734446334997088 
60 -1 -0.42574328057036553 -0.6492571255217918 -0.676058259985813 -0.18960545560329645 -0.5045628454305298 -1.052474136139878 0.13919147899331885 
61 1 0.002276702035135612 0.32227958618520175 0.5669632840467815 0.019583662081091018 0.5034080506232671 -0.8703449594146413 0.4242459239905299 
62 1 1.3933416455030143 0.940530220907834 0.5669632840467815 -1.5493347205518149 -1.241156961777535 1.1330759845629623 -0.6209537076659106 
63 -1 -0.42574328057036553 -0.3842925677835209 0.10083020503455854 0.019583662081091018 0.8135529417167431 -0.5060866059641679 0.4242459239905299 
64 1 -0.21173328926761495 -0.4726140870296112 -0.10634005230420722 -0.6079836909720714 1.123697832810219 0.768817631112489 0.3292277756581262 
65 -1 1.1793316542002636 0.940530220907834 1.084888927393696 -1.2355510440252337 -0.31072228849710726 0.0403009242115422 0.6617912948215391 
66 1 -2.030818215340995 -2.062401433459237 -2.178042625691865 2.111474838924966 -0.9697801820707437 -1.7809908430408248 -1.8086805618209567 
67 -1 1.286336649851639 0.8522087016617437 0.51517071971209 -0.9217673674986526 0.19326315952979117 -0.6882157826894045 0.9468457398187502 
68 -1 1.1793316542002636 1.2938162978921954 1.0330963630590044 1.588502044713997 1.2400021669702725 0.0403009242115422 1.611972778145576 
69 1 -0.9607682588272419 -0.6492571255217918 -0.8314359529898874 1.170123809345222 0.11572693675642219 0.0403009242115422 -0.33589926266869957 
70 -1 0.002276702035135612 -0.29597104853743056 -0.41709543831235585 -1.3401456028674275 -1.1636207390041662 -0.5060866059641679 -0.810990004330718 
71 -1 1.0723266585488884 0.940530220907834 0.7223409770508559 -0.7125782498142651 -0.42702662265716074 -0.6882157826894045 0.1867005531595207 
72 -1 -0.10472829361623967 -0.11932801004524989 -0.054547487969515786 -0.3987945732876839 -0.31072228849710726 0.2224301009367789 -0.5734446334997088 
73 1 0.32329168898926147 0.4989226246773824 0.9295112343896216 -0.08501089676110271 0.6197123847833206 0.0403009242115422 0.6617912948215391 
74 -1 0.9653216628975132 0.8522087016617437 0.8777186700549302 -0.5033891321298777 0.3871037164632136 -0.5060866059641679 0.6142822206553373 
75 -1 0.6443066759433873 0.8522087016617437 0.4115855910427072 1.170123809345222 -0.34949039988379177 -1.052474136139878 -1.0485353751617272 
76 1 -1.8168082240382442 -1.797436875720966 -1.970872368353099 2.843636750820322 -0.5045628454305298 -1.2346033128651146 -1.713662413488553 
77 1 0.537301680292012 0.32227958618520175 0.51517071971209 0.3333673386076722 1.3950746125170106 2.043721868189146 0.6617912948215391 
78 -1 0.7513116715947625 0.675565663169563 0.8259261057202387 -1.0263619263408463 -0.27195417711042275 0.5866884543872523 0.044173330660915174 
79 -1 -0.21173328926761495 0.05731502844693077 0.10083020503455854 -0.08501089676110271 0.5421761620099517 0.2224301009367789 0.23420962732572254 
80 1 1.286336649851639 1.8237454133687374 1.9653625210834504 0.2287727797654785 1.0849297214235345 1.8615926914639092 0.9468457398187502 
81 1 -1.4957932370841183 -1.0908647217522436 -1.5565318536755677 1.4839074858718033 -0.6596352909772677 -0.8703449594146413 -1.38109889432514 
82 1 -0.7467582675244914 -0.6492571255217918 -0.7278508243205045 1.0655292505030283 0.0769588253697377 0.0403009242115422 -0.6209537076659106 
83 1 0.8583166672461379 1.0288517401539243 1.084888927393696 0.7517455739764471 2.4030455085708073 1.315205161288199 1.7069909264779797 
84 1 2.6774015933195177 3.1485682020600922 3.053006372111971 0.6471510151342534 1.0849297214235345 0.768817631112489 1.8020090748103834 
85 -1 -1.4957932370841183 -1.1791862409983338 -1.6601169823449504 0.6471510151342534 -1.241156961777535 -1.4167324895903515 -1.6186442651561492 
86 -1 0.537301680292012 0.7638871824156533 0.8777186700549302 0.3333673386076722 1.04616161003685 0.9509468078377257 1.041863888151154 
87 1 -1.2817832457813678 -1.0025432025061531 -1.245776467667419 2.2160693977671593 -0.19441795433705378 -1.052474136139878 -0.6209537076659106 
88 -1 1.0723266585488884 0.4989226246773824 0.25620789803863286 -1.13095648518304 -0.27195417711042275 0.2224301009367789 -0.33589926266869957 
89 -1 0.6443066759433873 0.32227958618520175 0.3080004623733243 -0.8171728086564588 -0.5433309568172142 -0.8703449594146413 -0.09835389183769035 
90 1 -0.7467582675244914 -1.0025432025061531 -1.0903987746633446 0.43796189744986597 -0.8922439592973747 -1.052474136139878 -0.9535172268293235 
91 -1 0.6443066759433873 0.4106011054312921 0.4115855910427072 -0.6079836909720714 0.0769588253697377 -0.1418282525136945 0.3292277756581262 
92 1 -1.1747782501299926 -0.8259001640139725 -0.779643388655196 0.2287727797654785 -0.5045628454305298 0.5866884543872523 -0.9060081526631216 
93 1 -1.8168082240382442 -1.9740799142131467 -2.0226649326877904 2.111474838924966 -1.0473164048441126 -1.5988616663155881 -1.9036987101533605 
94 1 -0.31873828491899026 -0.4726140870296112 -0.6242656956511217 1.4839074858718033 -0.0005773974036312977 -1.5988616663155881 -0.19337204017009404 
95 -1 0.7513116715947625 0.7638871824156533 0.4115855910427072 0.12417822092328475 0.11572693675642219 -0.6882157826894045 0.5667731464891355 
96 -1 1.286336649851639 0.5872441439234727 0.25620789803863286 -2.2814966324471713 -1.086084516230797 1.1330759845629623 -0.47842648516730507 
97 -1 0.6443066759433873 0.4989226246773824 0.6705484127161644 0.12417822092328475 2.2479730630240695 0.2224301009367789 1.7545000006441815 
98 1 -0.10472829361623967 -0.3842925677835209 -0.054547487969515786 0.6471510151342534 2.2479730630240695 0.2224301009367789 1.7069909264779797 
99 -1 0.002276702035135612 0.05731502844693077 -0.002754923634824342 0.12417822092328475 -0.7371715137506367 -0.6882157826894045 -0.7634809301645161 
100 1 0.6443066759433873 0.675565663169563 1.1884740560630789 -0.5033891321298777 1.2400021669702725 1.6794635147386725 1.5169546298131722 
101 1 0.32329168898926147 0.7638871824156533 0.51517071971209 -0.9217673674986526 -0.9697801820707437 0.2224301009367789 -0.47842648516730507 
102 1 -0.21173328926761495 0.05731502844693077 0.25620789803863286 0.43796189744986597 0.7360167189433741 -1.2346033128651146 0.4242459239905299 
103 1 0.8583166672461379 1.1171732594000148 1.447436877736536 0.6471510151342534 1.3950746125170106 1.1330759845629623 0.8518275914863465 
104 1 -1.4957932370841183 -1.8857583949670564 -1.5565318536755677 -0.8171728086564588 -1.6676061870310646 -0.6882157826894045 -1.9036987101533605 
105 1 -1.6027982327354937 -1.797436875720966 -1.7637021110143334 -1.13095648518304 -1.551301852871011 -1.4167324895903515 -1.7611714876547548 
106 -1 -1.1747782501299926 -1.0025432025061531 -0.9350210816592703 0.6471510151342534 -0.5045628454305298 -0.6882157826894045 -0.7159718559983143 
107 -1 -0.31873828491899026 -1.0908647217522436 -1.0903987746633446 -1.5493347205518149 -1.1248526276174817 -0.8703449594146413 -0.7159718559983143 
108 -1 0.32329168898926147 0.4106011054312921 0.51517071971209 -0.5033891321298777 -0.27195417711042275 -0.5060866059641679 0.23420962732572254 
109 1 -0.21173328926761495 -0.031006490799159556 0.51517071971209 -1.96771295592059 -0.6596352909772677 1.315205161288199 0.23420962732572254 
110 1 -0.31873828491899026 -0.29597104853743056 0.10083020503455854 -0.9217673674986526 -0.31072228849710726 2.043721868189146 -0.33589926266869957 
111 -1 0.002276702035135612 -0.031006490799159556 0.3597930267080158 -0.18960545560329645 1.2400021669702725 0.5866884543872523 1.1368820364835575 
112 1 -0.8537632631758666 -0.4726140870296112 -0.054547487969515786 -2.2814966324471713 -1.2799250731642196 1.1330759845629623 -0.6684627818321125 
113 -1 -0.31873828491899026 -0.5609356062757015 -0.7278508243205045 -1.7585238382362025 -2.1328235236712785 -0.8703449594146413 -1.951207784319562 
114 1 0.43029668464063675 0.5872441439234727 0.7223409770508559 -0.5033891321298777 2.286741174410754 1.6794635147386725 1.8020090748103834 
115 1 -0.639753271873116 -0.3842925677835209 -0.41709543831235585 0.43796189744986597 1.0849297214235345 -1.052474136139878 0.4717549981567318 
116 -1 0.43029668464063675 0.05731502844693077 -0.3653028739776644 2.2160693977671593 0.6972486075566896 -1.4167324895903515 0.7568094431539428 
117 -1 -0.10472829361623967 -0.031006490799159556 -0.002754923634824342 -1.2355510440252337 -1.086084516230797 -0.32395742923893117 -0.5734446334997088 
118 1 -0.9607682588272419 -0.5609356062757015 -0.676058259985813 0.8563401328186409 0.30956749368984465 -1.2346033128651146 -0.47842648516730507 
119 1 0.32329168898926147 0.940530220907834 1.1366814917283874 0.5425564562920597 1.1624659441969036 0.768817631112489 1.3744274073145668 
120 -1 2.6774015933195177 2.53031756733746 1.913569956748759 0.5425564562920597 0.6584804961700051 -0.32395742923893117 0.9468457398187502 
121 1 -0.31873828491899026 0.32227958618520175 -0.313510309642973 -0.5033891321298777 -0.7371715137506367 0.9509468078377257 -0.7634809301645161 
122 -1 -0.42574328057036553 -0.3842925677835209 -0.26171774530828157 -0.7125782498142651 -0.0005773974036312977 -0.1418282525136945 -0.19337204017009404 
123 -1 0.002276702035135612 -0.031006490799159556 0.0490376406998671 -0.2942000144454902 0.23203127091647566 -0.1418282525136945 0.23420962732572254 
124 1 -0.42574328057036553 -0.3842925677835209 -0.313510309642973 0.12417822092328475 0.1544950481431067 1.315205161288199 -0.09835389183769035 
125 -1 -0.5327482762217408 -0.8259001640139725 -0.676058259985813 0.5425564562920597 -0.3882585112704762 0.0403009242115422 -0.8584990784969199 
126 -1 -0.31873828491899026 0.05731502844693077 -0.20992518097359011 0.3333673386076722 0.1544950481431067 -0.8703449594146413 0.3767368498243281 
127 -1 1.7143566324571402 1.3821378171382857 0.7741335413855472 -0.7125782498142651 0.0769588253697377 0.5866884543872523 0.6142822206553373 
128 -1 -0.31873828491899026 -0.5609356062757015 -0.41709543831235585 -1.0263619263408463 -0.7759396251373212 -1.2346033128651146 -0.5734446334997088 
129 -1 1.9283666237598907 2.000388451860918 1.913569956748759 1.9022857212405782 0.5421761620099517 1.1330759845629623 0.23420962732572254 
130 -1 -1.4957932370841183 -1.797436875720966 -1.711909546679642 -0.8171728086564588 -1.861446743964487 -1.2346033128651146 -1.666153339322351 
131 1 0.537301680292012 0.1456365476930211 0.7223409770508559 -0.7125782498142651 1.2400021669702725 0.9509468078377257 1.279409258982163 
132 1 -1.0677732544786172 -1.0025432025061531 -1.038606210328653 0.6471510151342534 -0.46579473404384525 0.5866884543872523 -0.6209537076659106 
133 1 0.6443066759433873 0.940530220907834 1.3956443134018446 -0.8171728086564588 -0.07811362017700028 1.8615926914639092 0.6142822206553373 
134 1 1.6073516368057648 2.265353009599189 2.6904584217691307 1.4839074858718033 2.0929006174773312 1.8615926914639092 1.9445362973089888 
135 -1 -0.5327482762217408 -1.2675077602444242 -0.9350210816592703 -0.8171728086564588 -1.473765630097642 -0.6882157826894045 -0.9535172268293235 
136 -1 1.1793316542002636 0.5872441439234727 0.4115855910427072 -0.8171728086564588 -1.086084516230797 -0.8703449594146413 -0.8584990784969199 
137 1 0.43029668464063675 0.7638871824156533 1.1366814917283874 0.43796189744986597 1.9765962833172779 1.315205161288199 3.0372450031316314 
138 -1 -0.639753271873116 -0.7375786447678822 -0.46888800264704733 -0.08501089676110271 -0.6596352909772677 -1.2346033128651146 -0.5259355593335069 
139 1 -0.21173328926761495 0.05731502844693077 0.4115855910427072 -0.18960545560329645 1.0849297214235345 0.4045592776620156 0.6142822206553373 
140 1 0.537301680292012 0.675565663169563 0.6187558483814729 0.3333673386076722 1.511378946677064 1.8615926914639092 1.0893729623173558 
141 1 -0.31873828491899026 0.23395806693911142 0.4633781553773986 -1.96771295592059 -0.8534758479106902 1.8615926914639092 -0.33589926266869957 
142 -1 2.035371619411266 1.735423894122647 1.2920591847324616 -1.0263619263408463 -0.42702662265716074 -0.6882157826894045 0.3292277756581262 
143 1 1.1793316542002636 1.6471023748765568 1.9653625210834504 1.0655292505030283 1.9765962833172779 1.6794635147386725 1.611972778145576 
144 -1 1.0723266585488884 1.0288517401539243 0.6187558483814729 -0.9217673674986526 0.11572693675642219 -0.5060866059641679 0.8993366656525483 
145 -1 -0.7467582675244914 -0.5609356062757015 -0.7278508243205045 -0.6079836909720714 -0.27195417711042275 -0.32395742923893117 0.13919147899331885 
146 -1 1.8213616281085154 1.6471023748765568 1.1884740560630789 -0.2942000144454902 -0.03934550879031579 -0.5060866059641679 0.4717549981567318 
147 1 0.7513116715947625 0.4989226246773824 1.1884740560630789 0.3333673386076722 2.054132506090647 0.2224301009367789 1.279409258982163 
148 1 -0.7467582675244914 -0.7375786447678822 -0.779643388655196 1.0655292505030283 0.1544950481431067 -0.32395742923893117 -0.2883901885024977 
149 1 -1.1747782501299926 -0.9142216832600628 -0.9350210816592703 0.12417822092328475 -0.5433309568172142 -0.32395742923893117 -1.143553523494131 
150 1 -0.8537632631758666 -0.7375786447678822 -1.4011541606714932 1.7976911623983844 0.5809442733966361 -1.5988616663155881 -0.1458629660038922 
151 -1 0.32329168898926147 0.23395806693911142 0.25620789803863286 0.3333673386076722 0.42587182784989813 -0.6882157826894045 0.4242459239905299 
152 1 0.8583166672461379 1.2938162978921954 1.5510220064059188 1.3793129270296096 1.743987614997171 1.4973343380134359 1.041863888151154 
153 1 -0.21173328926761495 -0.3842925677835209 -0.15813261663889866 0.019583662081091018 0.30956749368984465 0.9509468078377257 -0.0033357435052866675 
154 -1 -1.0677732544786172 -1.0908647217522436 -1.0903987746633446 -0.3987945732876839 -0.31072228849710726 -1.5988616663155881 0.09168240482711702 
155 -1 1.1793316542002636 1.470459336384376 1.084888927393696 0.6471510151342534 0.968625387263481 0.0403009242115422 0.6142822206553373 
156 -1 -0.31873828491899026 -0.5609356062757015 -0.676058259985813 -1.3401456028674275 0.038190713983053196 -0.1418282525136945 0.9943548139849521 
157 1 0.002276702035135612 -0.11932801004524989 -0.5206805669817388 0.6471510151342534 0.8135529417167431 2.2258510449143825 0.3767368498243281 
158 1 -1.2817832457813678 -1.444150798736605 -1.8154946753490249 1.4839074858718033 -0.7371715137506367 -0.8703449594146413 -1.2860807459927364 
159 1 0.9653216628975132 0.675565663169563 1.0330963630590044 0.12417822092328475 2.6356541768909145 1.8615926914639092 1.849518148976585 
160 1 0.002276702035135612 -0.031006490799159556 0.10083020503455854 0.2287727797654785 1.3950746125170106 0.5866884543872523 0.8043185173201447 
161 -1 0.21628669333788617 -0.11932801004524989 -0.26171774530828157 2.2160693977671593 -0.27195417711042275 -1.5988616663155881 -0.5259355593335069 
162 -1 1.1793316542002636 1.9120669326148276 1.8617773924140675 1.6930966035561907 1.433842723903695 0.2224301009367789 1.897027223142787 
163 -1 0.32329168898926147 0.4106011054312921 0.3597930267080158 -0.8171728086564588 -0.9697801820707437 -1.052474136139878 -0.33589926266869957 
164 1 -1.2817832457813678 -1.3558292794905145 -1.5565318536755677 2.320663956609353 -0.7371715137506367 -1.052474136139878 -1.5711351909899474 
165 1 -0.5327482762217408 -1.0908647217522436 -0.676058259985813 -2.595280308973752 -1.0473164048441126 1.4973343380134359 -0.5734446334997088 
166 1 -1.9238132196896194 -1.797436875720966 -2.074457497022482 2.6344476331359346 -0.8922439592973747 -2.145249196491298 -1.8086805618209567 
167 1 -0.21173328926761495 -0.3842925677835209 -0.46888800264704733 1.9022857212405782 0.5809442733966361 -0.6882157826894045 -0.05084481767148851 
168 -1 0.43029668464063675 0.4989226246773824 0.25620789803863286 0.5425564562920597 0.0769588253697377 -0.6882157826894045 0.23420962732572254 
169 -1 6.3155714454662775 5.798213779442802 3.2601766294507364 0.9609346916608346 0.7747848303300586 0.768817631112489 1.6594818523117778 
170 1 0.32329168898926147 0.5872441439234727 0.4633781553773986 0.5425564562920597 0.3871037164632136 1.4973343380134359 0.3767368498243281 
171 -1 4.068466536787397 4.5617125099975375 4.088857658805799 2.5298530742937406 3.1784077363044974 0.2224301009367789 3.8924083381232646 
172 -1 -0.9607682588272419 -1.0025432025061531 -0.9868136459939617 1.170123809345222 -0.15564984295036927 0.2224301009367789 -0.6209537076659106 
173 -1 -0.10472829361623967 -0.031006490799159556 -0.002754923634824342 0.019583662081091018 0.038190713983053196 -0.5060866059641679 0.3292277756581262 
174 1 -0.639753271873116 -0.4726140870296112 -0.5724731313164302 0.5425564562920597 -1.1248526276174817 -0.6882157826894045 -1.8561896359871586 
175 -1 0.6443066759433873 0.7638871824156533 0.20441533370394144 -1.2355510440252337 -0.5820990682038987 1.1330759845629623 -0.05084481767148851 
176 1 0.21628669333788617 0.32227958618520175 0.6187558483814729 0.43796189744986597 2.1704368402507 1.4973343380134359 1.7069909264779797 
177 -1 0.6443066759433873 0.675565663169563 0.4115855910427072 -0.18960545560329645 -0.11688173156368478 -0.5060866059641679 0.09168240482711702 
178 1 -2.030818215340995 -2.062401433459237 -2.178042625691865 -0.6079836909720714 -1.5900699642576956 -0.8703449594146413 -2.046225932651966 
179 -1 -0.21173328926761495 -0.8259001640139725 -0.6242656956511217 -0.08501089676110271 -0.5433309568172142 -1.052474136139878 -0.47842648516730507 
180 1 -0.42574328057036553 -0.5609356062757015 -0.3653028739776644 0.7517455739764471 -0.6984034023639522 -1.4167324895903515 -0.09835389183769035 
181 1 -0.31873828491899026 0.05731502844693077 0.3597930267080158 -1.13095648518304 -0.8534758479106902 0.9509468078377257 -0.33589926266869957 
182 1 0.7513116715947625 0.7638871824156533 1.084888927393696 0.6471510151342534 1.8215238377705398 1.6794635147386725 1.5169546298131722 
183 1 -0.639753271873116 -0.6492571255217918 -0.313510309642973 -0.18960545560329645 -0.0005773974036312977 -0.8703449594146413 -0.33589926266869957 
184 1 -1.2817832457813678 -1.1791862409983338 -1.038606210328653 -0.3987945732876839 0.3871037164632136 -1.5988616663155881 -0.3834083368349014 
185 -1 -0.31873828491899026 -0.29597104853743056 -0.15813261663889866 -1.0263619263408463 -1.1248526276174817 0.0403009242115422 -0.810990004330718 
186 -1 3.3194315672277694 1.2938162978921954 -0.7278508243205045 -1.2355510440252337 -1.473765630097642 -1.052474136139878 -1.38109889432514 
187 1 -0.5327482762217408 -1.2675077602444242 -1.142191338998036 0.5425564562920597 0.6972486075566896 -0.1418282525136945 0.044173330660915174 
188 1 -0.9607682588272419 -0.8259001640139725 -1.0903987746633446 -0.3987945732876839 -0.8147077365240056 -0.5060866059641679 -1.1910625976603326 
189 1 -0.5327482762217408 -0.2076495292913402 -0.002754923634824342 0.8563401328186409 -0.27195417711042275 0.9509468078377257 -0.6209537076659106 
190 -1 0.9653216628975132 0.940530220907834 1.084888927393696 0.019583662081091018 0.42587182784989813 -0.6882157826894045 1.1843911106497593 
191 1 -0.42574328057036553 -0.7375786447678822 -0.6242656956511217 0.019583662081091018 -1.706374298417749 -0.6882157826894045 -1.9036987101533605 
192 1 0.21628669333788617 0.32227958618520175 0.4633781553773986 0.7517455739764471 1.3175383897436415 1.4973343380134359 0.6142822206553373 
193 -1 -0.10472829361623967 0.05731502844693077 -0.10634005230420722 -0.5033891321298777 -0.34949039988379177 -0.32395742923893117 -0.3834083368349014 
194 1 0.10928169768651089 0.4106011054312921 -0.002754923634824342 2.320663956609353 0.30956749368984465 -0.8703449594146413 0.23420962732572254 
195 1 -0.10472829361623967 0.1456365476930211 0.6705484127161644 -0.5033891321298777 0.19326315952979117 2.2258510449143825 0.09168240482711702 
196 -1 0.32329168898926147 0.5872441439234727 0.15262276936924998 -0.5033891321298777 -0.31072228849710726 0.5866884543872523 0.3292277756581262 
197 -1 0.002276702035135612 0.23395806693911142 0.10083020503455854 -0.18960545560329645 -0.27195417711042275 0.0403009242115422 -0.05084481767148851 
198 -1 1.9283666237598907 1.5587808556304663 0.9295112343896216 -0.5033891321298777 -0.42702662265716074 -0.6882157826894045 0.13919147899331885 
199 -1 -1.2817832457813678 -1.444150798736605 -1.245776467667419 -0.7125782498142651 -1.3962294073242731 -0.8703449594146413 -1.3335898201589382 
200 1 -1.6027982327354937 -1.3558292794905145 -1.5565318536755677 1.3793129270296096 -1.0085482934574281 -1.5988616663155881 -1.8086805618209567 
201 1 -0.21173328926761495 -0.4726140870296112 -0.676058259985813 -0.18960545560329645 -0.9310120706840591 -0.8703449594146413 -0.5259355593335069 
202 1 -1.0677732544786172 -1.797436875720966 -1.7637021110143334 -0.18960545560329645 -1.318693184550904 -1.7809908430408248 -1.3335898201589382 
203 -1 0.43029668464063675 0.5872441439234727 0.6187558483814729 0.2287727797654785 -0.34949039988379177 -0.6882157826894045 0.09168240482711702 
204 1 0.7513116715947625 1.2938162978921954 1.3956443134018446 0.8563401328186409 1.743987614997171 1.4973343380134359 1.2319001848159612 
205 -1 0.537301680292012 0.7638871824156533 0.4633781553773986 -0.2942000144454902 -0.3882585112704762 -0.5060866059641679 -0.09835389183769035 
206 -1 -1.0677732544786172 -0.8259001640139725 -0.8314359529898874 0.8563401328186409 -0.46579473404384525 -0.6882157826894045 -0.3834083368349014 
207 -1 1.5003466411543895 1.6471023748765568 1.343851749067153 0.8563401328186409 0.7360167189433741 -0.32395742923893117 0.9943548139849521 
208 -1 -0.42574328057036553 -0.4726140870296112 -0.15813261663889866 -0.2942000144454902 0.5809442733966361 -1.4167324895903515 1.5169546298131722 
209 -1 -0.5327482762217408 -0.4726140870296112 -0.26171774530828157 0.5425564562920597 -0.03934550879031579 0.0403009242115422 -0.33589926266869957 
210 1 -2.030818215340995 -2.1507229527053275 -2.178042625691865 0.7517455739764471 -1.783910521191118 -1.9631200197660614 -2.236262229316773 
211 1 -1.0677732544786172 -1.5324723179826951 -1.4011541606714932 0.2287727797654785 -0.46579473404384525 -1.2346033128651146 -1.1910625976603326 
212 -1 0.537301680292012 0.675565663169563 0.25620789803863286 0.5425564562920597 -0.5045628454305298 0.2224301009367789 -0.6209537076659106 
213 1 -1.6027982327354937 -1.6207938372287856 -2.0226649326877904 0.2287727797654785 -1.2023888503908506 -1.5988616663155881 -1.7611714876547548 
214 -1 0.7513116715947625 0.8522087016617437 0.7741335413855472 0.2287727797654785 0.6972486075566896 0.768817631112489 1.5169546298131722 
215 -1 0.6443066759433873 0.1456365476930211 0.20441533370394144 -0.9217673674986526 -0.9697801820707437 0.2224301009367789 -0.47842648516730507 
216 1 -1.8168082240382442 -2.1507229527053275 -2.0226649326877904 0.3333673386076722 -1.0473164048441126 -0.8703449594146413 -1.7611714876547548 
217 1 -1.8168082240382442 -1.7091153564748758 -1.8154946753490249 0.7517455739764471 -0.8922439592973747 -0.32395742923893117 -1.6186442651561492 
218 1 1.286336649851639 1.5587808556304663 1.3956443134018446 1.9022857212405782 1.743987614997171 1.8615926914639092 0.8993366656525483 
219 1 -0.42574328057036553 -0.4726140870296112 -0.46888800264704733 0.2287727797654785 0.6197123847833206 1.1330759845629623 0.6142822206553373 
220 -1 0.8583166672461379 1.1171732594000148 0.6705484127161644 0.019583662081091018 0.11572693675642219 0.0403009242115422 0.8043185173201447 
221 -1 1.0723266585488884 0.675565663169563 0.3080004623733243 -1.13095648518304 -0.42702662265716074 0.0403009242115422 -0.1458629660038922 
222 1 0.002276702035135612 0.4106011054312921 0.7741335413855472 -1.5493347205518149 -0.6984034023639522 1.315205161288199 0.13919147899331885 
223 -1 0.7513116715947625 0.5872441439234727 0.3080004623733243 0.019583662081091018 -0.23318606572373826 -0.8703449594146413 -0.1458629660038922 
224 1 -0.10472829361623967 0.05731502844693077 -0.10634005230420722 1.588502044713997 0.6584804961700051 -0.8703449594146413 -0.1458629660038922 
225 -1 0.21628669333788617 0.32227958618520175 0.0490376406998671 -0.2942000144454902 -0.3882585112704762 -0.32395742923893117 0.23420962732572254 
226 1 -0.42574328057036553 -0.2076495292913402 -0.054547487969515786 -1.5493347205518149 0.7747848303300586 1.1330759845629623 1.279409258982163 
227 -1 0.537301680292012 0.4106011054312921 0.20441533370394144 -0.08501089676110271 -0.23318606572373826 -1.052474136139878 -0.47842648516730507 
228 1 -0.8537632631758666 -0.3842925677835209 -0.5206805669817388 2.5298530742937406 0.46463993923658264 0.768817631112489 -0.2883901885024977 
229 1 -0.8537632631758666 -0.8259001640139725 -0.7278508243205045 -0.5033891321298777 -1.0085482934574281 1.315205161288199 -0.8584990784969199 
230 -1 -0.5327482762217408 -0.5609356062757015 -0.7278508243205045 -0.6079836909720714 -0.7759396251373212 -1.5988616663155881 -0.2883901885024977 
231 -1 -0.42574328057036553 -0.2076495292913402 0.20441533370394144 -0.18960545560329645 0.6584804961700051 0.2224301009367789 0.6617912948215391 
232 1 0.537301680292012 0.4989226246773824 0.6187558483814729 0.3333673386076722 1.7827557263838554 1.315205161288199 1.611972778145576 
233 -1 -0.10472829361623967 0.05731502844693077 0.10083020503455854 0.12417822092328475 -0.23318606572373826 1.4973343380134359 -0.0033357435052866675 
234 1 0.7513116715947625 0.4106011054312921 0.10083020503455854 0.43796189744986597 -0.6984034023639522 0.768817631112489 -0.5734446334997088 
235 1 0.002276702035135612 -0.2076495292913402 0.3080004623733243 0.5425564562920597 1.433842723903695 1.315205161288199 0.9943548139849521 
236 -1 -0.639753271873116 -0.29597104853743056 -0.26171774530828157 -0.18960545560329645 0.23203127091647566 -1.052474136139878 0.6617912948215391 
237 -1 0.8583166672461379 0.4989226246773824 0.3597930267080158 -0.6079836909720714 -0.46579473404384525 -0.6882157826894045 -0.05084481767148851 
238 1 -0.42574328057036553 -0.6492571255217918 -0.676058259985813 1.0655292505030283 -0.42702662265716074 -0.6882157826894045 0.1867005531595207 
239 1 -1.4957932370841183 -1.2675077602444242 -1.038606210328653 0.3333673386076722 -1.241156961777535 -0.5060866059641679 -1.2860807459927364 
240 1 -1.0677732544786172 -0.6492571255217918 -0.5206805669817388 0.019583662081091018 -1.2023888503908506 -0.8703449594146413 -1.428607968491342 
241 1 0.537301680292012 1.1171732594000148 1.084888927393696 0.9609346916608346 0.19326315952979117 1.4973343380134359 -0.0033357435052866675 
242 -1 0.002276702035135612 -0.11932801004524989 0.0490376406998671 0.019583662081091018 0.30956749368984465 -0.32395742923893117 0.4717549981567318 
243 -1 -0.639753271873116 -0.9142216832600628 -1.038606210328653 0.12417822092328475 -0.7371715137506367 -0.6882157826894045 -0.6209537076659106 
244 1 -0.42574328057036553 -0.3842925677835209 -0.5206805669817388 1.170123809345222 1.1624659441969036 0.5866884543872523 0.4242459239905299 
245 -1 -0.639753271873116 -0.4726140870296112 -0.10634005230420722 -1.6539292793940088 -1.62883807564438 0.2224301009367789 -1.143553523494131 
246 1 -0.21173328926761495 -0.2076495292913402 -0.002754923634824342 -0.3987945732876839 -0.07811362017700028 0.0403009242115422 -0.2883901885024977 
247 1 -0.7467582675244914 -0.4726140870296112 -0.10634005230420722 -2.3860911912893648 -1.551301852871011 2.2258510449143825 -0.9060081526631216 
248 1 0.6443066759433873 1.2938162978921954 1.5510220064059188 -0.08501089676110271 1.8215238377705398 2.043721868189146 1.1843911106497593 
249 1 0.6443066759433873 1.3821378171382857 1.343851749067153 1.0655292505030283 0.30956749368984465 2.043721868189146 0.2817187014919244 
250 1 0.537301680292012 -0.4726140870296112 -0.20992518097359011 -0.18960545560329645 -1.2023888503908506 0.2224301009367789 -1.5236261168237457 
251 1 0.21628669333788617 0.5872441439234727 1.2402666203977704 1.7976911623983844 1.0849297214235345 0.4045592776620156 0.13919147899331885 
252 -1 0.32329168898926147 -0.031006490799159556 -0.3653028739776644 -1.96771295592059 -1.2799250731642196 -0.1418282525136945 -0.7634809301645161 
253 1 -1.1747782501299926 -0.9142216832600628 -1.0903987746633446 1.170123809345222 -0.6208671795905832 -0.1418282525136945 -1.096044449327929 
254 1 -0.9607682588272419 -0.7375786447678822 -0.46888800264704733 -1.13095648518304 -0.6208671795905832 0.9509468078377257 -0.5734446334997088 
255 -1 2.1423766150626413 1.6471023748765568 1.343851749067153 -1.2355510440252337 -0.23318606572373826 -0.32395742923893117 0.4242459239905299 
256 1 -1.709803228386869 -1.1791862409983338 -1.4529467250061847 0.9609346916608346 -0.15564984295036927 -1.052474136139878 -1.096044449327929 
257 -1 0.32329168898926147 0.32227958618520175 0.6705484127161644 0.12417822092328475 0.5809442733966361 -0.5060866059641679 1.3744274073145668 
258 -1 -0.5327482762217408 -0.3842925677835209 -0.15813261663889866 -0.2942000144454902 0.5809442733966361 -0.6882157826894045 0.1867005531595207 
259 -1 0.7513116715947625 0.4989226246773824 0.15262276936924998 -0.08501089676110271 -0.23318606572373826 0.0403009242115422 -0.19337204017009404 
260 1 1.7143566324571402 1.8237454133687374 2.276117907091599 0.9609346916608346 1.511378946677064 0.0403009242115422 1.3744274073145668 
261 -1 1.8213616281085154 1.470459336384376 0.9295112343896216 -0.2942000144454902 0.19326315952979117 -0.6882157826894045 0.6617912948215391 
262 1 0.002276702035135612 0.4106011054312921 0.6705484127161644 0.7517455739764471 -1.5125337414843265 0.5866884543872523 -1.951207784319562 
263 -1 0.43029668464063675 -0.2076495292913402 -0.15813261663889866 0.019583662081091018 0.8523210531034275 0.4045592776620156 1.0893729623173558 
264 1 0.9653216628975132 1.6471023748765568 1.7581922637446847 0.12417822092328475 1.201234055583588 1.6794635147386725 0.9943548139849521 
265 -1 0.6443066759433873 0.4106011054312921 0.3080004623733243 0.5425564562920597 -0.46579473404384525 -0.5060866059641679 -0.1458629660038922 
266 1 -0.5327482762217408 -0.031006490799159556 0.0490376406998671 -1.3401456028674275 -0.7371715137506367 0.4045592776620156 -0.2883901885024977 
267 -1 0.10928169768651089 -0.031006490799159556 0.5669632840467815 -0.8171728086564588 -0.0005773974036312977 0.0403009242115422 0.13919147899331885 
268 1 1.3933416455030143 2.4419960480913696 3.1565915007813534 2.843636750820322 3.333480181851235 1.315205161288199 2.277099816472402 
269 1 -2.13782321099237 -1.9740799142131467 -2.074457497022482 -0.6079836909720714 -1.3962294073242731 -1.7809908430408248 -1.666153339322351 
270 -1 -0.31873828491899026 -0.2076495292913402 0.10083020503455854 -1.0263619263408463 -0.42702662265716074 -1.052474136139878 0.3767368498243281 
271 -1 0.10928169768651089 -0.031006490799159556 0.3080004623733243 -0.6079836909720714 -0.0005773974036312977 -0.1418282525136945 -0.0033357435052866675 
272 -1 1.7143566324571402 1.0288517401539243 0.4115855910427072 -1.6539292793940088 -0.42702662265716074 0.5866884543872523 0.4717549981567318 
273 1 -1.0677732544786172 -1.0025432025061531 -1.0903987746633446 0.3333673386076722 -0.46579473404384525 0.4045592776620156 -0.43091741100110326 
274 1 0.32329168898926147 0.23395806693911142 0.4115855910427072 0.43796189744986597 0.34833560507652916 1.315205161288199 -0.2408811143362959 
275 -1 0.537301680292012 0.4106011054312921 0.3597930267080158 0.12417822092328475 0.27079938230316014 -0.5060866059641679 0.5192640723229336 
276 -1 1.8213616281085154 1.2938162978921954 1.084888927393696 0.3333673386076722 -0.11688173156368478 -0.6882157826894045 0.3292277756581262 
277 -1 -0.10472829361623967 -0.29597104853743056 -0.15813261663889866 -0.3987945732876839 0.11572693675642219 -0.32395742923893117 0.23420962732572254 
278 1 -1.1747782501299926 -1.0908647217522436 -1.0903987746633446 -0.6079836909720714 -0.6208671795905832 -1.052474136139878 -0.9060081526631216 
279 -1 0.32329168898926147 1.3821378171382857 2.586873293099748 1.4839074858718033 2.8682628452110213 0.2224301009367789 4.1299537089542735 
280 1 1.3933416455030143 1.6471023748765568 2.1207402140875247 0.9609346916608346 1.8602919491572245 0.768817631112489 1.3744274073145668 
281 1 -0.8537632631758666 -1.2675077602444242 -1.0903987746633446 0.2287727797654785 0.27079938230316014 -0.5060866059641679 0.2817187014919244 
282 -1 0.6443066759433873 0.4106011054312921 0.15262276936924998 -0.9217673674986526 -0.46579473404384525 -0.32395742923893117 -0.2408811143362959 
283 1 -1.1747782501299926 -0.5609356062757015 -0.20992518097359011 -1.0263619263408463 -1.086084516230797 1.8615926914639092 -0.3834083368349014 
284 -1 -0.10472829361623967 -0.11932801004524989 0.0490376406998671 -0.08501089676110271 0.5034080506232671 0.4045592776620156 0.2817187014919244 
285 1 0.7513116715947625 0.675565663169563 0.9295112343896216 0.12417822092328475 0.5421761620099517 1.1330759845629623 0.1867005531595207 
286 -1 0.537301680292012 0.1456365476930211 -0.054547487969515786 0.019583662081091018 0.0769588253697377 -0.32395742923893117 -0.1458629660038922 
287 -1 0.10928169768651089 0.1456365476930211 0.3597930267080158 -0.18960545560329645 -0.15564984295036927 0.0403009242115422 0.4242459239905299 
288 -1 -0.21173328926761495 0.32227958618520175 -0.3653028739776644 0.019583662081091018 -0.15564984295036927 0.0403009242115422 -0.0033357435052866675 
289 -1 -0.10472829361623967 0.05731502844693077 0.25620789803863286 -0.6079836909720714 -0.6208671795905832 0.5866884543872523 -0.33589926266869957 
290 1 -0.10472829361623967 -0.4726140870296112 -0.26171774530828157 -1.0263619263408463 0.19326315952979117 0.5866884543872523 0.3292277756581262 
291 -1 0.002276702035135612 -0.11932801004524989 0.15262276936924998 -0.3987945732876839 0.968625387263481 0.0403009242115422 0.9468457398187502 
292 1 -0.8537632631758666 -1.1791862409983338 -1.142191338998036 -0.3987945732876839 0.30956749368984465 -0.1418282525136945 -0.19337204017009404 
293 1 -1.1747782501299926 -1.0908647217522436 -1.142191338998036 0.5425564562920597 0.1544950481431067 -0.32395742923893117 -0.5734446334997088 
294 -1 0.7513116715947625 0.7638871824156533 1.0330963630590044 -0.2942000144454902 -0.15564984295036927 -0.5060866059641679 0.6142822206553373 
295 1 -0.21173328926761495 -0.4726140870296112 -0.3653028739776644 -0.08501089676110271 -0.03934550879031579 -0.6882157826894045 -0.3834083368349014 
296 1 -0.21173328926761495 -0.2076495292913402 -0.15813261663889866 0.7517455739764471 1.7052195036104865 1.1330759845629623 0.4242459239905299 
297 1 -1.0677732544786172 -0.8259001640139725 -0.676058259985813 -0.5033891321298777 -0.3882585112704762 0.768817631112489 -0.2883901885024977 
298 -1 0.537301680292012 -0.2076495292913402 -0.10634005230420722 -2.4906857501315587 -1.473765630097642 -0.32395742923893117 -0.8584990784969199 
299 -1 0.7513116715947625 0.5872441439234727 0.20441533370394144 -1.5493347205518149 -0.46579473404384525 0.0403009242115422 0.044173330660915174 
300 1 0.8583166672461379 1.1171732594000148 0.9295112343896216 0.019583662081091018 1.4726108352903795 0.5866884543872523 1.5169546298131722 
301 1 1.8213616281085154 2.6186390865835505 2.4314956000956736 0.9609346916608346 1.433842723903695 0.4045592776620156 1.5169546298131722 
302 -1 -0.21173328926761495 -0.2076495292913402 0.25620789803863286 0.8563401328186409 0.46463993923658264 -1.4167324895903515 0.8993366656525483 
303 1 -1.9238132196896194 -2.062401433459237 -2.074457497022482 0.3333673386076722 -1.4349975187109576 -1.5988616663155881 -1.7611714876547548 
304 -1 0.32329168898926147 0.32227958618520175 0.10083020503455854 -0.08501089676110271 -0.03934550879031579 0.0403009242115422 0.23420962732572254 
305 -1 -1.1747782501299926 -1.444150798736605 -1.4011541606714932 -1.4447401617096212 -1.783910521191118 -1.4167324895903515 -1.5236261168237457 
306 1 -1.388788241432743 -1.0908647217522436 -1.038606210328653 -0.5033891321298777 -1.2799250731642196 -0.1418282525136945 -1.2385716718265345 
307 1 1.286336649851639 1.470459336384376 1.8099848280793762 -0.18960545560329645 1.0849297214235345 0.4045592776620156 2.277099816472402 
308 -1 0.21628669333788617 0.4106011054312921 1.4992294420712275 -0.18960545560329645 1.1624659441969036 0.5866884543872523 2.182081668139998 
309 -1 -0.639753271873116 -0.9142216832600628 -0.8314359529898874 0.9609346916608346 -0.3882585112704762 -0.6882157826894045 -0.47842648516730507 
310 1 -0.42574328057036553 0.1456365476930211 0.0490376406998671 -0.3987945732876839 -0.46579473404384525 1.4973343380134359 -0.47842648516730507 
311 -1 -0.10472829361623967 -0.031006490799159556 0.0490376406998671 -0.18960545560329645 0.7747848303300586 0.5866884543872523 0.709300368987741 
312 -1 -0.21173328926761495 0.05731502844693077 -0.10634005230420722 -0.08501089676110271 -0.15564984295036927 -0.32395742923893117 -0.2883901885024977 
313 1 0.9653216628975132 1.0288517401539243 1.5510220064059188 1.0655292505030283 1.6276832808371176 1.4973343380134359 1.0893729623173558 
314 -1 0.10928169768651089 -0.3842925677835209 -0.6242656956511217 -1.3401456028674275 -1.4349975187109576 0.2224301009367789 -0.7634809301645161 
315 1 -0.8537632631758666 -1.0025432025061531 -1.038606210328653 0.6471510151342534 0.30956749368984465 0.768817631112489 -0.09835389183769035 
316 -1 0.43029668464063675 0.4989226246773824 0.20441533370394144 0.6471510151342534 0.11572693675642219 -0.5060866059641679 -0.5734446334997088 
317 -1 -0.5327482762217408 -0.7375786447678822 -0.7278508243205045 -0.2942000144454902 -0.5433309568172142 -1.5988616663155881 -0.1458629660038922 
318 1 -0.639753271873116 -0.4726140870296112 -0.313510309642973 0.6471510151342534 0.9298572758767966 0.4045592776620156 0.3767368498243281 
319 -1 1.286336649851639 1.0288517401539243 0.9295112343896216 -0.5033891321298777 0.30956749368984465 0.4045592776620156 0.6142822206553373 
320 1 -1.0677732544786172 -1.0908647217522436 -0.676058259985813 0.43796189744986597 -0.6208671795905832 -0.5060866059641679 -1.0485353751617272 
321 1 -1.0677732544786172 -1.0025432025061531 -1.038606210328653 -0.08501089676110271 -0.5433309568172142 -0.6882157826894045 -0.6684627818321125 
322 -1 1.9283666237598907 1.5587808556304663 0.9295112343896216 0.3333673386076722 -0.27195417711042275 -0.32395742923893117 0.2817187014919244 
323 -1 -0.10472829361623967 0.05731502844693077 0.0490376406998671 0.43796189744986597 -0.46579473404384525 -0.6882157826894045 -0.5734446334997088 
324 1 -1.8168082240382442 -1.797436875720966 -1.8672872396837163 0.43796189744986597 -0.7759396251373212 1.1330759845629623 -1.8086805618209567 
325 1 0.002276702035135612 0.1456365476930211 0.4633781553773986 -0.3987945732876839 1.201234055583588 1.6794635147386725 1.1843911106497593 
326 -1 0.21628669333788617 -0.031006490799159556 -0.15813261663889866 -0.9217673674986526 -0.8147077365240056 0.2224301009367789 -0.5734446334997088 
327 1 0.32329168898926147 0.23395806693911142 0.20441533370394144 -0.2942000144454902 1.2400021669702725 1.1330759845629623 0.709300368987741 
328 1 0.537301680292012 0.4989226246773824 0.7741335413855472 0.019583662081091018 1.0849297214235345 1.315205161288199 1.041863888151154 
329 -1 0.10928169768651089 0.4989226246773824 0.10083020503455854 -0.8171728086564588 -0.8922439592973747 -0.6882157826894045 -0.33589926266869957 
330 -1 0.6443066759433873 0.8522087016617437 0.6705484127161644 -0.2942000144454902 0.30956749368984465 1.1330759845629623 1.0893729623173558 
331 -1 2.3563866063653918 2.53031756733746 1.9653625210834504 0.6471510151342534 0.7360167189433741 -0.1418282525136945 1.4219364814807687 
332 -1 -1.388788241432743 -1.444150798736605 -1.4529467250061847 0.019583662081091018 -0.8534758479106902 -1.5988616663155881 -0.6684627818321125 
333 -1 -0.10472829361623967 -0.2076495292913402 -0.5724731313164302 0.2287727797654785 -0.8922439592973747 -1.052474136139878 -0.5259355593335069 
334 -1 -0.639753271873116 -0.9142216832600628 -0.9350210816592703 -1.13095648518304 -0.6208671795905832 -1.2346033128651146 -0.6209537076659106 
335 1 -0.9607682588272419 -0.9142216832600628 -1.1939839033327275 0.2287727797654785 -0.15564984295036927 -0.8703449594146413 -0.2883901885024977 
336 1 0.32329168898926147 0.32227958618520175 0.9295112343896216 0.6471510151342534 1.7052195036104865 1.315205161288199 1.279409258982163 
337 -1 0.32329168898926147 -0.031006490799159556 -0.26171774530828157 -0.5033891321298777 -0.6208671795905832 -0.1418282525136945 -0.43091741100110326 
338 1 0.002276702035135612 0.05731502844693077 -0.15813261663889866 0.6471510151342534 1.04616161003685 0.5866884543872523 0.4717549981567318 
339 1 0.537301680292012 0.7638871824156533 1.1884740560630789 0.43796189744986597 1.743987614997171 0.4045592776620156 0.9943548139849521 
340 1 0.10928169768651089 -0.031006490799159556 0.10083020503455854 -2.072307514762784 -1.1248526276174817 0.5866884543872523 -0.5734446334997088 
341 -1 0.43029668464063675 -0.031006490799159556 -0.15813261663889866 -0.8171728086564588 -1.2023888503908506 -0.32395742923893117 -0.7159718559983143 
342 1 0.537301680292012 0.7638871824156533 0.9295112343896216 -0.18960545560329645 1.04616161003685 1.6794635147386725 1.3744274073145668 
343 -1 -0.42574328057036553 -0.3842925677835209 -0.313510309642973 -0.5033891321298777 -0.6208671795905832 1.1330759845629623 -0.9060081526631216 
344 -1 -0.31873828491899026 -0.4726140870296112 -0.8314359529898874 -1.2355510440252337 -1.0473164048441126 1.315205161288199 -0.7159718559983143 
345 -1 2.035371619411266 1.9120669326148276 1.6546071350753018 0.019583662081091018 0.6197123847833206 0.4045592776620156 0.9468457398187502 
346 -1 1.5003466411543895 1.3821378171382857 1.6028145707406103 0.3333673386076722 1.511378946677064 0.9509468078377257 1.7069909264779797 
347 -1 -0.7467582675244914 -0.29597104853743056 -0.313510309642973 -0.2942000144454902 -0.27195417711042275 -1.5988616663155881 0.5667731464891355 
348 -1 0.537301680292012 -0.031006490799159556 -0.26171774530828157 -1.8631183970783962 -1.3574612959375887 0.0403009242115422 -0.9060081526631216 
349 -1 0.21628669333788617 -0.031006490799159556 0.10083020503455854 -0.3987945732876839 -0.34949039988379177 -0.8703449594146413 0.09168240482711702 
350 -1 1.0723266585488884 0.5872441439234727 0.4115855910427072 -0.8171728086564588 -0.9697801820707437 -0.32395742923893117 -0.6684627818321125 
351 1 -0.42574328057036553 -0.4726140870296112 -0.46888800264704733 0.3333673386076722 -0.42702662265716074 1.1330759845629623 -0.6684627818321125 
352 -1 -0.21173328926761495 0.23395806693911142 0.3597930267080158 0.12417822092328475 -0.42702662265716074 0.4045592776620156 -0.05084481767148851 
353 -1 -0.31873828491899026 -0.29597104853743056 -0.20992518097359011 0.5425564562920597 0.1544950481431067 0.0403009242115422 -0.2408811143362959 
354 -1 0.7513116715947625 0.675565663169563 0.5669632840467815 0.5425564562920597 0.8523210531034275 -0.6882157826894045 0.8518275914863465 
355 -1 0.002276702035135612 -0.031006490799159556 -0.41709543831235585 -1.13095648518304 -0.34949039988379177 0.4045592776620156 -0.05084481767148851 
356 -1 -0.639753271873116 -0.3842925677835209 -0.10634005230420722 -1.0263619263408463 0.7747848303300586 -0.6882157826894045 1.564463703979374 
357 -1 0.21628669333788617 0.32227958618520175 0.4633781553773986 0.5425564562920597 -0.6208671795905832 -0.8703449594146413 -0.5734446334997088 
358 -1 -0.10472829361623967 -0.3842925677835209 -0.46888800264704733 -1.5493347205518149 -0.9310120706840591 -0.5060866059641679 -0.7159718559983143 
359 1 -1.8168082240382442 -1.797436875720966 -1.4529467250061847 0.2287727797654785 -0.6596352909772677 -1.5988616663155881 -1.6186442651561492 
360 1 -0.8537632631758666 -0.4726140870296112 -0.6242656956511217 1.274718368187416 0.6584804961700051 -0.32395742923893117 -0.09835389183769035 
361 -1 -0.5327482762217408 -0.4726140870296112 -0.3653028739776644 0.3333673386076722 -0.27195417711042275 -1.2346033128651146 -0.5734446334997088 
362 -1 -0.10472829361623967 -0.3842925677835209 -0.054547487969515786 0.2287727797654785 -0.42702662265716074 0.0403009242115422 -0.43091741100110326 
363 -1 0.32329168898926147 0.675565663169563 0.6705484127161644 0.12417822092328475 -0.5433309568172142 0.768817631112489 -0.33589926266869957 
364 1 -1.709803228386869 -1.797436875720966 -2.0226649326877904 0.3333673386076722 -1.5125337414843265 -1.5988616663155881 -2.046225932651966 
365 -1 2.891411584622268 2.000388451860918 1.343851749067153 0.5425564562920597 0.5034080506232671 -0.8703449594146413 1.0893729623173558 
366 1 0.10928169768651089 0.4106011054312921 0.7223409770508559 0.12417822092328475 1.0073934986501656 0.4045592776620156 0.709300368987741 
367 1 0.10928169768651089 0.05731502844693077 0.4633781553773986 -2.072307514762784 -0.8534758479106902 1.315205161288199 -0.05084481767148851 
368 -1 1.6073516368057648 0.5872441439234727 0.25620789803863286 -1.5493347205518149 -0.9697801820707437 1.8615926914639092 -0.5259355593335069 
369 -1 -0.42574328057036553 -0.5609356062757015 -0.41709543831235585 0.12417822092328475 0.34833560507652916 -1.4167324895903515 0.5192640723229336 
370 -1 0.32329168898926147 -0.11932801004524989 -0.313510309642973 -0.08501089676110271 -0.34949039988379177 -1.052474136139878 0.1867005531595207 
371 -1 0.10928169768651089 -0.031006490799159556 -0.313510309642973 -0.08501089676110271 -0.42702662265716074 -0.8703449594146413 -0.2883901885024977 
372 -1 -0.10472829361623967 0.1456365476930211 0.0490376406998671 0.5425564562920597 0.1544950481431067 -0.1418282525136945 0.1867005531595207 
373 -1 0.32329168898926147 -0.11932801004524989 -0.313510309642973 -0.7125782498142651 -0.15564984295036927 -0.8703449594146413 0.09168240482711702 
374 1 -2.13782321099237 -1.8857583949670564 -2.0226649326877904 1.6930966035561907 -1.318693184550904 -0.5060866059641679 -1.951207784319562 
375 1 -1.4957932370841183 -1.3558292794905145 -1.5047392893408762 0.43796189744986597 -1.1248526276174817 -0.1418282525136945 -1.5711351909899474 
376 -1 2.1423766150626413 1.9120669326148276 1.5510220064059188 0.8563401328186409 0.34833560507652916 -0.32395742923893117 0.6617912948215391 
377 1 -0.10472829361623967 0.05731502844693077 0.3597930267080158 -1.96771295592059 -0.8922439592973747 1.6794635147386725 -0.3834083368349014 
378 -1 -0.42574328057036553 -0.2076495292913402 0.0490376406998671 0.12417822092328475 0.6197123847833206 1.1330759845629623 0.3292277756581262 
379 -1 1.286336649851639 0.940530220907834 0.7741335413855472 -0.2942000144454902 0.34833560507652916 -0.1418282525136945 0.7568094431539428 
380 1 -0.7467582675244914 -0.6492571255217918 -0.46888800264704733 -1.5493347205518149 -0.9697801820707437 1.315205161288199 -0.6684627818321125 
381 -1 -0.21173328926761495 -0.3842925677835209 -0.6242656956511217 -0.3987945732876839 -0.7759396251373212 -0.5060866059641679 -0.9535172268293235 
382 1 -1.388788241432743 -1.5324723179826951 -1.608324418010259 -0.5033891321298777 -0.11688173156368478 0.768817631112489 -0.47842648516730507 
383 1 -1.709803228386869 -1.797436875720966 -2.178042625691865 0.43796189744986597 -1.241156961777535 -1.7809908430408248 -1.951207784319562 
384 -1 0.10928169768651089 0.32227958618520175 0.15262276936924998 0.8563401328186409 0.8135529417167431 -0.5060866059641679 0.4717549981567318 
385 1 0.10928169768651089 0.1456365476930211 0.4115855910427072 -0.8171728086564588 0.1544950481431067 0.768817631112489 0.1867005531595207 
386 1 0.21628669333788617 -0.2076495292913402 0.20441533370394144 -0.2942000144454902 1.6276832808371176 0.5866884543872523 1.0893729623173558 
387 -1 -0.31873828491899026 -0.5609356062757015 -0.779643388655196 2.006880280082772 -0.6596352909772677 -0.6882157826894045 -0.9060081526631216 
388 -1 -0.10472829361623967 0.23395806693911142 -0.002754923634824342 1.0655292505030283 0.5421761620099517 -1.052474136139878 0.4717549981567318 
389 1 -0.639753271873116 -0.5609356062757015 -0.6242656956511217 0.7517455739764471 0.7360167189433741 0.4045592776620156 -0.0033357435052866675 
390 -1 0.32329168898926147 -0.031006490799159556 -0.15813261663889866 -0.5033891321298777 -0.7759396251373212 0.4045592776620156 -0.33589926266869957 
391 1 -1.388788241432743 -1.444150798736605 -1.608324418010259 0.8563401328186409 1.511378946677064 -0.32395742923893117 -1.428607968491342 
392 -1 0.10928169768651089 0.5872441439234727 0.8259261057202387 0.9609346916608346 1.3175383897436415 -0.5060866059641679 2.0395544456413925 
393 -1 -1.2817832457813678 -1.2675077602444242 -1.4011541606714932 -0.6079836909720714 -1.3962294073242731 -0.8703449594146413 -1.4761170426575438 
394 -1 2.6774015933195177 2.265353009599189 1.7063996994099933 -0.08501089676110271 -0.5820990682038987 -0.8703449594146413 -0.2883901885024977 
395 1 -0.9607682588272419 -1.1791862409983338 -1.245776467667419 0.2287727797654785 0.7747848303300586 -0.5060866059641679 -0.05084481767148851 
396 -1 0.6443066759433873 0.32227958618520175 0.3080004623733243 -0.8171728086564588 -0.5433309568172142 -0.8703449594146413 -0.09835389183769035 
397 1 0.002276702035135612 0.4106011054312921 0.4633781553773986 0.43796189744986597 0.34833560507652916 0.2224301009367789 0.5192640723229336 
398 -1 1.0723266585488884 0.675565663169563 0.8777186700549302 -0.6079836909720714 0.11572693675642219 -1.052474136139878 0.4717549981567318 
399 1 0.6443066759433873 0.8522087016617437 1.2402666203977704 0.7517455739764471 3.139639624917813 1.6794635147386725 2.419627038971007 
400 -1 0.8583166672461379 0.4989226246773824 0.25620789803863286 -1.4447401617096212 -0.6984034023639522 -1.052474136139878 0.044173330660915174 
401 -1 0.002276702035135612 0.05731502844693077 0.10083020503455854 -0.8171728086564588 -0.31072228849710726 -0.8703449594146413 0.23420962732572254 
402 -1 1.5003466411543895 1.6471023748765568 1.1884740560630789 -1.3401456028674275 -0.42702662265716074 0.0403009242115422 0.2817187014919244 
403 -1 -0.21173328926761495 0.1456365476930211 0.3080004623733243 -0.08501089676110271 0.27079938230316014 0.2224301009367789 0.6617912948215391 
404 1 0.7513116715947625 1.0288517401539243 1.1884740560630789 0.12417822092328475 1.9378281719305934 1.4973343380134359 1.611972778145576 
405 1 -1.0677732544786172 -1.2675077602444242 -1.3493615963368017 -1.4447401617096212 -0.8534758479106902 0.0403009242115422 -0.7634809301645161 
406 1 0.9653216628975132 1.1171732594000148 1.6546071350753018 0.7517455739764471 1.8602919491572245 1.315205161288199 1.041863888151154 
407 -1 -0.42574328057036553 -0.11932801004524989 0.15262276936924998 0.2287727797654785 1.1624659441969036 0.0403009242115422 0.709300368987741 
408 -1 0.21628669333788617 0.05731502844693077 0.15262276936924998 0.019583662081091018 -1.0473164048441126 -0.6882157826894045 -0.9535172268293235 
409 1 0.21628669333788617 0.940530220907834 1.2920591847324616 1.3793129270296096 2.209204951637385 0.5866884543872523 1.279409258982163 
410 1 0.7513116715947625 0.8522087016617437 1.2402666203977704 -0.5033891321298777 0.968625387263481 1.315205161288199 1.1368820364835575 
411 -1 -0.9607682588272419 -0.7375786447678822 -0.9868136459939617 -1.6539292793940088 -1.8226786325778026 -1.2346033128651146 -1.428607968491342 
412 -1 0.43029668464063675 0.32227958618520175 -0.054547487969515786 0.019583662081091018 -0.34949039988379177 0.5866884543872523 -0.33589926266869957 
413 -1 0.002276702035135612 0.05731502844693077 -0.20992518097359011 -0.3987945732876839 -1.0473164048441126 0.768817631112489 -1.1910625976603326 
414 1 0.9653216628975132 1.6471023748765568 1.8617773924140675 -0.3987945732876839 0.34833560507652916 1.1330759845629623 1.1368820364835575 
415 1 -0.21173328926761495 0.1456365476930211 -0.002754923634824342 2.006880280082772 0.8135529417167431 1.8615926914639092 0.09168240482711702 
416 1 0.43029668464063675 0.7638871824156533 0.9295112343896216 0.5425564562920597 1.511378946677064 1.1330759845629623 1.041863888151154 
417 -1 -0.7467582675244914 -0.6492571255217918 -0.779643388655196 0.43796189744986597 -0.07811362017700028 0.4045592776620156 -0.5734446334997088 
418 -1 1.8213616281085154 1.6471023748765568 1.343851749067153 -0.2942000144454902 0.27079938230316014 -0.6882157826894045 0.709300368987741 
419 -1 0.32329168898926147 -0.11932801004524989 -0.002754923634824342 -0.5033891321298777 -0.34949039988379177 -1.4167324895903515 -0.19337204017009404 
420 -1 -0.21173328926761495 -0.29597104853743056 -0.6242656956511217 0.9609346916608346 -0.0005773974036312977 -1.2346033128651146 -0.5734446334997088 
421 -1 -1.2817832457813678 -1.5324723179826951 -1.5047392893408762 -2.595280308973752 -1.861446743964487 -1.2346033128651146 -1.4761170426575438 
422 -1 -0.42574328057036553 -0.5609356062757015 -0.41709543831235585 -0.7125782498142651 -0.03934550879031579 -0.6882157826894045 0.8043185173201447 
423 -1 -0.5327482762217408 -0.8259001640139725 -1.4011541606714932 -0.9217673674986526 -1.62883807564438 -1.052474136139878 -1.3335898201589382 
424 -1 -0.21173328926761495 -0.11932801004524989 0.8259261057202387 0.12417822092328475 1.0849297214235345 -0.32395742923893117 1.849518148976585 
425 1 0.21628669333788617 0.4106011054312921 0.4115855910427072 -0.7125782498142651 -0.8147077365240056 0.0403009242115422 -0.8584990784969199 
426 1 -0.639753271873116 -0.7375786447678822 -0.676058259985813 -0.18960545560329645 0.7747848303300586 0.5866884543872523 0.1867005531595207 
427 -1 0.21628669333788617 -0.2076495292913402 -0.20992518097359011 -1.13095648518304 -0.19441795433705378 -0.6882157826894045 0.23420962732572254 
428 -1 1.6073516368057648 1.3821378171382857 0.8777186700549302 -1.4447401617096212 -0.5820990682038987 -0.32395742923893117 -0.05084481767148851 
429 1 0.6443066759433873 1.470459336384376 1.447436877736536 2.111474838924966 -0.6596352909772677 -0.8703449594146413 -1.5236261168237457 
430 -1 -0.10472829361623967 -0.29597104853743056 -0.3653028739776644 0.5425564562920597 -0.6596352909772677 -0.6882157826894045 -1.0010263009955254 
431 1 -1.709803228386869 -1.5324723179826951 -1.6601169823449504 2.4252585154515467 -1.2023888503908506 0.2224301009367789 -1.5711351909899474 
432 1 2.035371619411266 1.470459336384376 0.4633781553773986 0.8563401328186409 -0.5820990682038987 -1.2346033128651146 -0.1458629660038922 
433 -1 0.43029668464063675 0.5872441439234727 0.4115855910427072 -0.2942000144454902 -0.03934550879031579 1.315205161288199 0.2817187014919244 
434 -1 -0.42574328057036553 -0.4726140870296112 -0.5206805669817388 0.43796189744986597 0.27079938230316014 -1.052474136139878 0.3292277756581262 
435 1 0.43029668464063675 0.4106011054312921 0.8777186700549302 0.43796189744986597 1.666451392223802 1.6794635147386725 1.1843911106497593 
436 1 0.43029668464063675 0.4106011054312921 0.3080004623733243 -0.08501089676110271 0.0769588253697377 0.0403009242115422 0.2817187014919244 
437 1 0.43029668464063675 0.4106011054312921 0.7223409770508559 0.5425564562920597 2.1316687288640157 1.315205161288199 1.4694455556469703 
438 1 -0.42574328057036553 -0.031006490799159556 0.10083020503455854 0.9609346916608346 0.6584804961700051 -0.1418282525136945 0.044173330660915174 
439 -1 1.5003466411543895 2.0887099711070083 2.276117907091599 1.6930966035561907 1.123697832810219 0.4045592776620156 1.0893729623173558 
440 1 -0.42574328057036553 -0.7375786447678822 -0.676058259985813 -0.5033891321298777 -0.6984034023639522 0.768817631112489 -0.9535172268293235 
441 -1 -0.21173328926761495 -0.29597104853743056 -0.15813261663889866 0.6471510151342534 -0.11688173156368478 -0.6882157826894045 0.1867005531595207 
442 -1 0.10928169768651089 0.1456365476930211 0.20441533370394144 -0.5033891321298777 0.968625387263481 0.768817631112489 0.8518275914863465 
443 1 0.21628669333788617 0.1456365476930211 0.20441533370394144 0.2287727797654785 1.511378946677064 0.2224301009367789 1.041863888151154 
444 1 0.21628669333788617 0.1456365476930211 -0.8832285173245789 1.3793129270296096 -0.15564984295036927 -1.5988616663155881 -0.09835389183769035 
445 1 -0.21173328926761495 -0.031006490799159556 0.51517071971209 -1.6539292793940088 -0.8147077365240056 0.5866884543872523 -0.2883901885024977 
446 -1 0.7513116715947625 0.4106011054312921 0.20441533370394144 -0.5033891321298777 0.5421761620099517 -0.8703449594146413 1.2319001848159612 
447 1 -0.21173328926761495 0.05731502844693077 0.51517071971209 -0.8171728086564588 0.19326315952979117 0.9509468078377257 -0.1458629660038922 
448 1 0.43029668464063675 0.4106011054312921 0.51517071971209 0.3333673386076722 0.3871037164632136 1.1330759845629623 0.3292277756581262 
449 1 -1.8168082240382442 -2.062401433459237 -1.970872368353099 0.5425564562920597 -1.1248526276174817 -1.052474136139878 -1.5711351909899474 
450 1 -0.9607682588272419 -1.2675077602444242 -1.1939839033327275 -0.2942000144454902 -1.1636207390041662 -0.8703449594146413 -1.0485353751617272 
451 1 0.10928169768651089 0.675565663169563 1.0330963630590044 -1.2355510440252337 -0.6596352909772677 1.315205161288199 0.044173330660915174 
452 1 -0.8537632631758666 -0.7375786447678822 -0.9868136459939617 1.3793129270296096 0.19326315952979117 -0.1418282525136945 -1.0010263009955254 
453 -1 -1.388788241432743 -1.1791862409983338 -1.0903987746633446 0.3333673386076722 -0.42702662265716074 -1.7809908430408248 0.044173330660915174 
454 1 0.002276702035135612 0.1456365476930211 0.20441533370394144 -0.6079836909720714 -0.11688173156368478 0.4045592776620156 0.5667731464891355 
455 1 -1.9238132196896194 -1.9740799142131467 -2.2298351900265563 1.7976911623983844 -1.3574612959375887 -1.9631200197660614 -2.093735006818168 
456 -1 1.8213616281085154 1.9120669326148276 1.9653625210834504 0.6471510151342534 1.8602919491572245 -0.6882157826894045 1.9445362973089888 
457 -1 0.7513116715947625 0.940530220907834 0.5669632840467815 0.8563401328186409 -0.23318606572373826 -0.32395742923893117 -0.05084481767148851 
458 1 -0.31873828491899026 -0.7375786447678822 -0.41709543831235585 -1.0263619263408463 0.8135529417167431 0.4045592776620156 0.6142822206553373 
459 1 -1.8168082240382442 -1.8857583949670564 -1.8672872396837163 0.5425564562920597 -2.016519189511225 -1.2346033128651146 -2.236262229316773 
460 -1 -0.7467582675244914 -0.29597104853743056 0.10083020503455854 0.2287727797654785 -0.6208671795905832 -1.052474136139878 -0.2883901885024977 
461 -1 -0.639753271873116 -0.8259001640139725 -0.9868136459939617 -0.08501089676110271 -0.9697801820707437 -0.8703449594146413 -0.7159718559983143 
462 1 -0.5327482762217408 -0.5609356062757015 -0.3653028739776644 -0.7125782498142651 -0.7371715137506367 0.5866884543872523 -0.7159718559983143 
463 1 0.7513116715947625 1.2938162978921954 1.1366814917283874 0.12417822092328475 -0.0005773974036312977 -0.32395742923893117 -0.19337204017009404 
464 1 0.10928169768651089 0.32227958618520175 0.3597930267080158 0.43796189744986597 0.8523210531034275 1.315205161288199 0.5192640723229336 
465 -1 -0.9607682588272419 -0.9142216832600628 -0.8832285173245789 -0.18960545560329645 -1.086084516230797 -0.6882157826894045 -0.9535172268293235 
466 1 -0.639753271873116 -0.11932801004524989 0.51517071971209 -1.7585238382362025 -0.8922439592973747 2.2258510449143825 -0.05084481767148851 
467 1 -1.2817832457813678 -1.0908647217522436 -1.1939839033327275 -0.08501089676110271 -0.7759396251373212 -1.2346033128651146 -0.47842648516730507 
468 -1 -0.10472829361623967 -0.031006490799159556 -0.002754923634824342 0.019583662081091018 0.038190713983053196 -0.5060866059641679 0.3292277756581262 
469 -1 -0.5327482762217408 -1.0025432025061531 -0.9868136459939617 -0.6079836909720714 -1.1248526276174817 -0.32395742923893117 -1.096044449327929 
