B	 K	 xi	   gamma	 trainacc	 trainauroc	 trainauprc	 testacc	 testauroc	 testauprc
2	 2	 0	   -1.000	   0.6248	   0.6617	   0.7242	   0.6150	   0.6521	   0.6892
2	 2	 0	    0.125	   0.8443	   0.9206	   0.9291	   0.7220	   0.7930	   0.7803
2	 2	 0	    0.250	   0.8570	   0.9269	   0.9290	   0.6929	   0.7690	   0.7493
2	 2	 0	    0.500	   0.9385	   0.9796	   0.9791	   0.6607	   0.7195	   0.6884
2	 2	 0	    1.000	   0.9787	   0.9990	   0.9993	   0.6676	   0.7366	   0.7043
2	 2	 0	    2.000	   0.9903	   1.0000	   1.0000	   0.6527	   0.7417	   0.7007
2	 2	 0	    4.000	   0.9950	   1.0000	   1.0000	   0.6029	   0.7306	   0.6853
2	 2	 0	    8.000	   0.9923	   1.0000	   1.0000	   0.5595	   0.7237	   0.6754
2	 2	 1	   -1.000	   0.6618	   0.7140	   0.7575	   0.6372	   0.6862	   0.7158
2	 2	 1	    0.125	   0.8522	   0.9174	   0.9270	   0.7297	   0.8046	   0.8046
2	 2	 1	    0.250	   0.8627	   0.9446	   0.9514	   0.7253	   0.8101	   0.7886
2	 2	 1	    0.500	   0.8675	   0.9569	   0.9577	   0.6707	   0.7521	   0.7291
2	 2	 1	    1.000	   0.9157	   0.9817	   0.9836	   0.6755	   0.7596	   0.7312
2	 2	 1	    2.000	   0.8943	   0.9879	   0.9876	   0.6109	   0.7290	   0.6777
2	 2	 1	    4.000	   0.8863	   0.9790	   0.9786	   0.5367	   0.7183	   0.6632
2	 2	 1	    8.000	   0.8770	   0.9801	   0.9810	   0.5243	   0.7218	   0.6712
2	 2	 5	   -1.000	   0.6403	   0.6905	   0.7462	   0.6274	   0.6758	   0.7084
2	 2	 5	    0.125	   0.8337	   0.9188	   0.9201	   0.7338	   0.8133	   0.8005
2	 2	 5	    0.250	   0.8698	   0.9498	   0.9564	   0.7157	   0.7902	   0.7723
2	 2	 5	    0.500	   0.9138	   0.9727	   0.9686	   0.7079	   0.7847	   0.7600
2	 2	 5	    1.000	   0.9225	   0.9827	   0.9824	   0.6762	   0.7707	   0.7379
2	 2	 5	    2.000	   0.9122	   0.9820	   0.9821	   0.6293	   0.7364	   0.6925
2	 2	 5	    4.000	   0.9105	   0.9902	   0.9894	   0.5539	   0.7196	   0.6672
2	 2	 5	    8.000	   0.8812	   0.9801	   0.9821	   0.5201	   0.7162	   0.6713
2	 3	 0	   -1.000	   0.6822	   0.7318	   0.7631	   0.6395	   0.6918	   0.7193
2	 3	 0	    0.125	   0.7112	   0.8043	   0.8001	   0.6466	   0.7061	   0.7070
2	 3	 0	    0.250	   0.7310	   0.8159	   0.8375	   0.5974	   0.6469	   0.6459
2	 3	 0	    0.500	   0.7542	   0.8607	   0.8614	   0.5960	   0.6522	   0.6202
2	 3	 0	    1.000	   0.8198	   0.9399	   0.9440	   0.5955	   0.6766	   0.6413
2	 3	 0	    2.000	   0.8542	   0.9741	   0.9780	   0.5810	   0.7011	   0.6612
2	 3	 0	    4.000	   0.8575	   0.9813	   0.9818	   0.5498	   0.7231	   0.6774
2	 3	 0	    8.000	   0.9057	   0.9923	   0.9932	   0.5267	   0.7174	   0.6706
2	 3	 1	   -1.000	   0.6678	   0.7177	   0.7598	   0.6350	   0.6821	   0.7109
2	 3	 1	    0.125	   0.8152	   0.8936	   0.8977	   0.7106	   0.7942	   0.7877
2	 3	 1	    0.250	   0.8717	   0.9529	   0.9525	   0.7413	   0.8273	   0.8148
5	 2	 0	   -1.000	   0.5877	   0.6231	   0.6833	   0.5847	   0.6139	   0.6542
5	 2	 0	    0.125	   0.7950	   0.8680	   0.8645	   0.6796	   0.7421	   0.7371
5	 2	 0	    0.250	   0.7093	   0.7986	   0.7891	   0.6058	   0.6493	   0.6327
5	 2	 0	    0.500	   0.8040	   0.8986	   0.8884	   0.6109	   0.6696	   0.6353
5	 2	 0	    1.000	   0.8778	   0.9563	   0.9594	   0.6444	   0.7024	   0.6785
5	 2	 0	    2.000	   0.9237	   0.9872	   0.9890	   0.6384	   0.7109	   0.6756
5	 2	 0	    4.000	   0.9768	   0.9996	   0.9996	   0.6049	   0.7272	   0.6849
5	 2	 0	    8.000	   0.9895	   1.0000	   1.0000	   0.5739	   0.7237	   0.6754
5	 2	 1	   -1.000	   0.5855	   0.6169	   0.6854	   0.5942	   0.6269	   0.6663
5	 2	 1	    0.125	   0.8270	   0.8987	   0.9047	   0.6969	   0.7740	   0.7733
5	 2	 1	    0.250	   0.8217	   0.9091	   0.9113	   0.6896	   0.7625	   0.7443
5	 2	 1	    0.500	   0.8667	   0.9370	   0.9411	   0.6628	   0.7282	   0.6954
10	 2	 0	   -1.000	   0.5582	   0.5762	   0.6509	   0.5628	   0.5880	   0.6345
10	 2	 0	    0.125	   0.5738	   0.6295	   0.6888	   0.5214	   0.5363	   0.5678
10	 2	 0	    0.250	   0.6338	   0.6968	   0.7067	   0.5291	   0.5482	   0.5516
10	 2	 0	    0.500	   0.8077	   0.8798	   0.8715	   0.6287	   0.6783	   0.6599
10	 2	 0	    1.000	   0.8987	   0.9688	   0.9626	   0.6608	   0.7288	   0.6969
10	 2	 0	    2.000	   0.9082	   0.9795	   0.9805	   0.6503	   0.7233	   0.6868
10	 2	 0	    4.000	   0.9270	   0.9920	   0.9928	   0.6100	   0.7297	   0.6880
10	 2	 0	    8.000	   0.9505	   0.9963	   0.9965	   0.5738	   0.7252	   0.6770
10	 2	 1	   -1.000	   0.5533	   0.5769	   0.6563	   0.5530	   0.5734	   0.6206
10	 2	 1	    0.125	   0.7345	   0.7981	   0.8199	   0.6310	   0.6760	   0.6880
10	 2	 1	    0.250	   0.7542	   0.8205	   0.8331	   0.6244	   0.6664	   0.6681
10	 2	 1	    0.500	   0.7870	   0.8686	   0.8689	   0.6321	   0.7010	   0.6784
10	 2	 1	    0.500	   0.7998	   0.8839	   0.8744	   0.6271	   0.6886	   0.6710
10	 2	 1	    1.000	   0.7980	   0.9129	   0.9084	   0.6081	   0.7215	   0.6832
10	 2	 1	    2.000	   0.8125	   0.9585	   0.9605	   0.5346	   0.6906	   0.6546
10	 2	 1	    4.000	   0.8190	   0.9692	   0.9681	   0.5264	   0.7133	   0.6731
10	 2	 1	    8.000	   0.7707	   0.9550	   0.9549	   0.5091	   0.7159	   0.6664
10	 2	 5	   -1.000	   0.5515	   0.5815	   0.6671	   0.5654	   0.5945	   0.6392
10	 2	 5	    0.125	   0.7787	   0.8639	   0.8751	   0.6897	   0.7614	   0.7569
10	 2	 5	    0.250	   0.8168	   0.9038	   0.9105	   0.6911	   0.7591	   0.7500
10	 2	 5	    0.500	   0.8428	   0.9167	   0.9229	   0.6644	   0.7375	   0.7199
10	 2	 5	    1.000	   0.8688	   0.9540	   0.9542	   0.6183	   0.7298	   0.6953
10	 2	 5	    2.000	   0.8550	   0.9621	   0.9644	   0.5587	   0.7258	   0.6930
10	 2	 5	    4.000	   0.8485	   0.9822	   0.9825	   0.5114	   0.7153	   0.6678
10	 2	 5	    8.000	   0.8495	   0.9837	   0.9836	   0.5053	   0.7127	   0.6687
10	 3	 0	   -1.000	   0.5100	   0.5179	   0.6126	   0.5337	   0.5513	   0.6083
10	 3	 0	    0.125	   0.5253	   0.5467	   0.6341	   0.4745	   0.4726	   0.5107
10	 3	 0	    0.250	   0.5653	   0.6294	   0.6553	   0.4917	   0.5142	   0.5267
10	 3	 0	    0.500	   0.7042	   0.8282	   0.8230	   0.5837	   0.6612	   0.6450
10	 3	 0	    1.000	   0.7068	   0.9063	   0.9100	   0.5688	   0.7122	   0.6788
10	 3	 0	    2.000	   0.6697	   0.9398	   0.9390	   0.5367	   0.7216	   0.6857
10	 3	 0	    4.000	   0.6565	   0.9610	   0.9618	   0.5132	   0.7202	   0.6784
10	 3	 0	    8.000	   0.7082	   0.9789	   0.9802	   0.5074	   0.7189	   0.6768
10	 3	 1	   -1.000	   0.5097	   0.5170	   0.6012	   0.5269	   0.5424	   0.5951
10	 3	 1	    0.125	   0.6787	   0.7449	   0.7874	   0.6216	   0.6584	   0.6647
10	 3	 1	    0.250	   0.7117	   0.7916	   0.8169	   0.6182	   0.6602	   0.6610
10	 3	 1	    0.500	   0.7612	   0.8455	   0.8519	   0.6059	   0.6602	   0.6544
