id label data 
0 -1 1.534179264723631 1.5532081196523273 1.5593197209451342 1.1332036416726814 1.1361538248622787 0.48635052696258696 1.0290608547021989 
1 -1 0.3342625213643664 0.4104097367256515 0.3442075882581077 0.6668443857638371 0.34654885005451735 -0.14023604151681976 0.3751946535298486 
2 1 -0.6256708733230452 -0.3038392526035209 -0.5281806095684753 1.1332036416726814 0.5571101766699204 -0.14023604151681976 -0.1805916174666492 
3 1 -0.9256500591628612 -1.1609380397985278 -1.1513150365874631 -1.328136875623997 -1.3379417628687067 -1.2680918647797519 -1.1613909192251746 
4 -1 1.2342000788838148 1.1722753253434355 1.2789092287865895 0.6927532333143284 0.6887110058045472 0.6116678406584682 0.8002076842918763 
5 1 -0.3256916874832291 -0.06575625616046343 -0.12314323200613321 1.0813859465716986 0.5044698450160696 0.23571589957082426 0.11364817306090845 
6 1 -0.9856458963308246 -1.2561712383757508 -1.1824717579384127 -1.302228028073506 -1.3116215970417813 -1.2680918647797519 -1.2921641594596447 
7 1 -0.865654221994898 -1.1133214405099163 -1.0890015938855644 -1.302228028073506 -1.2853014312148558 -1.2680918647797519 -1.1613909192251746 
8 -1 0.6342417072041825 0.36279313743704 0.4688344736619053 0.22639397740548403 0.24126818674681588 0.6116678406584682 0.4078879635884661 
9 -1 1.294195916051778 1.4579749210751043 1.5593197209451342 0.4336647578094149 0.7150311716314726 1.7395236639214002 0.9963675446435813 
10 1 -0.9256500591628612 -1.1609380397985278 -1.0890015938855644 -1.328136875623997 -1.3379417628687067 -1.2680918647797519 -1.1613909192251746 
11 1 -0.8056583848269349 -1.1133214405099163 -1.1201583152365138 -1.328136875623997 -1.3116215970417813 -1.2680918647797519 -1.194084229283792 
12 -1 0.5742458700362193 0.6008761338800975 0.9673420152770956 0.4077559102589235 0.47814967918914425 0.6116678406584682 0.6367411339987887 
13 1 -0.9856458963308246 -1.1133214405099163 -1.0890015938855644 -1.302228028073506 -1.3379417628687067 -1.2680918647797519 -1.2594708494010272 
14 -1 1.0542125673799252 0.9818089281889895 0.998498736628045 0.22639397740548403 0.2939085184006666 1.614206350225519 0.5059678937643186 
15 -1 1.0542125673799252 0.8865757296117664 0.9050285725751969 0.20048512985499267 0.5044698450160696 0.48635052696258696 0.7348210641746412 
16 1 -0.8056583848269349 -0.6847720469124129 -0.6839642163232224 -0.9654130099171182 -0.8115384463301991 0.23571589957082426 -0.8344578186389995 
17 -1 1.1742042417158516 1.410358321786493 1.3412226714884883 0.7445709284153111 1.0308731615545772 0.6116678406584682 1.225220715053904 
18 -1 0.8142292187080722 0.7913425310345434 0.9673420152770956 0.4336647578094149 1.0571933273815024 0.7369851543543496 1.4540738854642266 
19 -1 1.1742042417158516 1.124658726054824 1.154282343382792 0.22639397740548403 0.5571101766699204 1.7395236639214002 0.7675143742332587 
20 -1 0.3342625213643664 0.21994333957120554 0.12611053880146195 0.4336647578094149 0.47814967918914425 0.7369851543543496 0.3751946535298486 
21 1 -0.565675036155082 -0.018139656871851935 -0.185456674708032 1.3663832696271037 0.6097505083237711 0.11039858587494292 0.048261552943673416 
22 1 -0.9256500591628612 -1.0657048412213048 -1.057844872534615 -1.302228028073506 -1.3116215970417813 -1.2680918647797519 -1.0960042991079397 
23 1 -1.2256292450026773 -1.1609380397985278 -0.9643747084817669 -0.9395041623666268 -0.8641787779840499 -1.2680918647797519 -0.997924368932087 
24 -1 0.15427500986047674 0.6008761338800975 0.3442075882581077 1.6772894402329999 1.1098336590353532 0.6116678406584682 0.5713545138815537 
25 1 -0.9856458963308246 -1.1609380397985278 -1.0890015938855644 -1.302228028073506 -1.3379417628687067 -1.2680918647797519 -1.194084229283792 
26 1 -1.0456417334987878 -0.6371554476238014 -0.652807494972273 1.10729479412219 0.24126818674681588 0.48635052696258696 -0.34405816775973674 
27 -1 1.834158450563447 1.6484413182295503 0.7180882444695005 0.4336647578094149 1.3467151514776816 1.2382544091378749 1.6502337458159317 
28 -1 1.4141875903877044 1.029425527477601 0.9673420152770956 0.33002936760744944 0.7939916691122487 0.7369851543543496 0.8982876144677289 
29 -1 0.45425419570029285 0.648492733168709 0.6246180804166522 0.20048512985499267 0.34654885005451735 0.8623024680502309 0.5386612038229361 
30 1 -0.9256500591628612 -1.1609380397985278 -1.057844872534615 -1.302228028073506 -1.3116215970417813 -1.2680918647797519 -1.194084229283792 
31 1 -0.9256500591628612 -0.3514558518921324 -0.34124028146277896 1.0554770990212072 0.6887110058045472 0.11039858587494292 0.11364817306090845 
32 1 -0.9856458963308246 -1.2085546390871393 -1.0890015938855644 -1.328136875623997 -1.364261928695632 -1.393409178475633 -1.2921641594596447 
33 -1 0.8142292187080722 0.934192328900378 1.2165957860846908 0.9000240137182592 1.5309563122661591 0.7369851543543496 1.8790869162262542 
34 -1 0.6942375443721458 0.838959130323155 0.7804016871713992 0.4336647578094149 0.6623908399776218 0.7369851543543496 0.8329009943504938 
35 -1 1.9541501248993736 1.5532081196523273 2.057827262560324 0.8741151661677679 1.5309563122661591 1.614206350225519 1.421380575405609 
36 -1 1.0542125673799252 0.9818089281889895 0.8738718512242474 0.4595736053599062 1.2151143223430547 0.6116678406584682 1.421380575405609 
37 1 -0.9256500591628612 -1.1609380397985278 -1.0890015938855644 -1.328136875623997 -1.3379417628687067 -1.2680918647797519 -1.128697609166557 
38 1 -0.8056583848269349 -0.3514558518921324 -0.49702388821752597 1.3145655745261209 0.3991891817083681 -0.2655533552127011 -0.2459782375838842 
39 1 -0.9256500591628612 -0.9228550433554703 -1.1201583152365138 -1.2504103329725231 -1.2589812653879304 -1.1427745510838705 -1.1613909192251746 
40 1 -1.0456417334987878 -0.7800052454896358 -0.8397478230779692 0.7704797759658024 -0.17985446648399012 -0.014918727820938425 -0.6056046482286769 
41 1 -1.0456417334987878 -1.2561712383757508 -1.2136284792893621 -1.3540457231744885 -1.364261928695632 -1.2680918647797519 -1.2921641594596447 
