id label data 
0 1 -0.6567748642515475 -0.5869557655345508 -0.7663003173920155 -0.9189891815744218 -0.8441304377667023 0.5978685545424164 -0.8537112389371388 
1 1 -1.012245795934086 -1.0101685063491626 -0.869456129348633 -0.9456265491562891 -0.9803851586975304 -1.0462699704492286 -0.8895312909205153 
2 -1 1.4049565395071757 1.1587967903257226 1.3312011923925398 0.8923518139925545 1.2269413203818864 1.1957371090848328 1.3313119320488247 
3 1 -0.6567748642515475 -0.7985621359418567 -0.663144505435398 -0.8657144464106872 -0.9531342145113648 -0.8968028318136246 -0.8537112389371388 
4 1 -0.8700574232610706 -0.8514637285436831 -0.9382266706530447 -0.9456265491562891 -0.9531342145113648 -0.7473356931780205 -0.8895312909205153 
5 -1 0.9783914214881295 0.9471904199184168 1.0217337565226874 1.3185496953024312 1.335945097126549 0.0 1.438772087998954 
6 1 -0.7989632369245628 -1.063070098950989 -0.869456129348633 -1.0521760194837582 -1.0348870470698617 -1.0462699704492286 -0.9611713948872682 
7 1 -0.5856806779150397 -0.26954620992359196 -0.3536770695655456 0.9989012843200237 0.8181771575894017 0.2989342772712082 0.25671037254753115 
8 1 -0.8700574232610706 -0.5869557655345508 -0.5256034228265747 -0.25305499202773934 -0.10835494474023 0.8968028318136246 -0.1373101992696098 
9 -1 0.9783914214881295 0.8942888273165903 0.91857794456607 0.7058902409194834 0.8454281017755674 1.1957371090848328 0.9014713082483072 
10 1 -0.7278690505880552 -1.0101685063491626 -0.9382266706530447 -0.9989012843200237 -0.9803851586975304 -1.0462699704492286 -0.9611713948872682 
11 -1 3.1112170115833604 2.587139790575037 2.5690709358719497 1.1853628573930948 1.4449488738712115 2.0925399408984573 1.7611525558493422 
12 -1 0.7651088624786064 0.8413872347147638 1.2280453804359224 0.759164976083218 1.1179375436372239 1.1957371090848328 1.438772087998954 
13 1 -0.5145864915785321 -0.5340541729327243 -0.663144505435398 -0.8923518139925545 -0.9258832703251991 -0.7473356931780205 -0.9611713948872682 
14 1 -0.7278690505880552 -0.9043653211455096 -0.869456129348633 -0.9989012843200237 -0.9803851586975304 -1.0462699704492286 -0.9611713948872682 
15 1 -0.7989632369245628 -0.8514637285436831 -0.869456129348633 -0.9722639167381564 -0.9531342145113648 -1.1957371090848328 -0.8537112389371388 
16 -1 0.6940146761420988 0.9471904199184168 0.7810368619572466 1.478373900793635 1.4176979296850458 1.1957371090848328 1.3671319840322012 
17 1 -0.7278690505880552 -0.9572669137473361 -0.8350708586964272 -0.9456265491562891 -0.9803851586975304 -1.1957371090848328 -0.9253513429038918 
18 1 -0.8700574232610706 -0.9572669137473361 -0.9726119413052504 -0.9456265491562891 -0.9803851586975304 -1.0462699704492286 -0.8537112389371388 
19 1 -0.8700574232610706 -0.4282509877290714 -0.5256034228265747 0.8923518139925545 0.3821620506107515 0.1494671386356041 -0.35223051116986853 
20 1 -0.8700574232610706 -0.9572669137473361 -0.869456129348633 -0.9456265491562891 -0.9531342145113648 -1.0462699704492286 -0.9969914468706447 
21 1 -0.1591155598959936 -0.26954620992359196 -0.42244761086995725 -0.759164976083218 -0.8986323261390335 -0.7473356931780205 -0.8178911869537624 
22 1 -0.6567748642515475 -1.0101685063491626 -0.8350708586964272 -0.9722639167381564 -0.9803851586975304 -1.1957371090848328 -0.9611713948872682 
23 -1 0.8362030488151141 0.8942888273165903 0.6778810500006291 0.9989012843200237 0.8181771575894017 1.7936056636272493 0.8298312042815543 
24 1 -0.8700574232610706 -0.9043653211455096 -0.9382266706530447 -1.025538651901891 -1.007636102883696 -1.0462699704492286 -0.8895312909205153 
25 1 1.6893332848532066 1.5820095311403344 1.5375128163057747 0.6792528733376161 1.82646209247753 1.1957371090848328 1.904432763782848 
26 1 -0.8700574232610706 -1.0101685063491626 -1.041382482609662 -1.0521760194837582 -1.007636102883696 -1.0462699704492286 -0.9969914468706447 
27 1 -0.6567748642515475 -0.5340541729327243 -0.7663003173920155 -0.9189891815744218 -0.8986323261390335 -0.7473356931780205 -0.9253513429038918 
28 -1 1.9737100301992372 1.7936159015476403 1.5375128163057747 1.212000224974962 1.1451884878233893 1.1957371090848328 1.3671319840322012 
29 1 -0.7278690505880552 -0.32244780252541844 -0.5599886934787806 1.744747576612308 0.6001696041000766 0.0 -0.06567009530285692 
30 -1 0.33854374445956026 0.6297808643074579 0.7466515913050408 0.7858023436650853 0.4366639389830828 1.1957371090848328 0.399990580481037 
31 1 -0.3723981189055167 -0.6927589507382037 -0.6975297760876038 -0.7325276085013507 -0.408115330788052 -0.5978685545424164 -0.35223051116986853 
32 -1 0.12526118545003717 0.31237130869649915 0.3340283434785709 1.1320881222293602 0.8181771575894017 0.1494671386356041 0.8656512562649308 
33 -1 1.333862353170668 1.2116983829275492 1.1936601097837165 0.8124397112469526 0.9544318785202299 0.7473356931780205 0.9014713082483072 
34 -1 1.1205797941611448 1.3175015681312021 1.3655864630447456 1.6115607387029716 1.3904469854988801 1.345204247720437 1.2596718280820718 
35 -1 1.760427471189714 1.6878127163439873 1.7782097108712156 0.9456265491562891 1.172439432009555 0.8968028318136246 1.2238517760986953 
36 -1 0.19635537178654489 1.2116983829275492 1.296815921740334 0.759164976083218 0.8181771575894017 -0.1494671386356041 0.9014713082483072 
37 -1 0.409637930796068 0.7884856421129374 0.712266320652835 1.3451870628842986 1.3631960413127144 0.7473356931780205 1.1880317241153189 
38 1 -0.5145864915785321 -0.32244780252541844 -0.5599886934787806 -0.7058902409194834 -0.8713813819528679 0.8968028318136246 -0.8895312909205153 
39 1 -0.6567748642515475 -0.7456605433400302 -0.6975297760876038 -0.8923518139925545 -0.9531342145113648 -0.8968028318136246 -0.8537112389371388 
40 1 -0.7278690505880552 -0.9572669137473361 -0.869456129348633 -0.9989012843200237 -0.9531342145113648 -1.0462699704492286 -0.9611713948872682 
41 1 0.05416699911352948 -0.26954620992359196 -0.11298017500010482 -0.5194286678464123 -0.3263624982295551 -0.4484014159068123 -0.17313025125298626 
