id label data 
0 1 -0.9968191656664122 -1.2526910431105738 -1.304956611603804 -1.4057633215369827 -1.3492278432768086 -1.3772357491156437 -1.2627254410127826 
1 -1 1.4630732915426368 1.2708987617604368 1.1740760074901482 1.1590524692776687 1.463058480178574 0.8083020895313451 1.484877893128361 
2 -1 0.6913423245750919 0.735591833454465 0.5812638594459422 1.0821079955532291 1.088086970384523 0.954004612107811 1.1986692124886587 
3 -1 0.5466427682686773 0.5061745784661913 0.5543178527166601 0.23571878458439413 0.4084511088828056 0.8083020895313451 0.5403892470173429 
4 1 -0.6591868676181114 -0.4114944414869035 -0.5774144299131877 1.620719311624306 -0.013391839635501774 0.22549199922548138 -0.46134113522161563 
5 1 -1.0932855365373553 -1.1762186247811492 -1.304956611603804 -1.4057633215369827 -1.3492278432768086 -1.3772357491156437 -1.2627254410127826 
6 1 0.5466427682686773 0.6973556242897527 0.7429398998216347 1.1077561534613756 1.1818298478330358 -0.06591304592745044 1.141427476360718 
7 -1 0.4501763973977342 0.5061745784661913 0.5812638594459422 0.3896077320332732 0.713115460590472 0.8083020895313451 0.8838396637849859 
8 1 0.5466427682686773 1.8062056900664087 1.766888155534354 0.5947929952984453 1.5333656382649585 -0.35731809108038226 1.828328309896004 
9 -1 0.5948759537041488 -0.06736855900449297 0.9585079536558915 0.6204411532065919 0.4318868282449338 0.07978947664901546 0.42590577476146196 
10 -1 -0.12862182782792436 0.04734006848964388 -0.0384942953275459 0.9538672060124965 -0.013391839635501774 -0.21161556850391636 -0.4327202671576454 
11 -1 0.11254409934943338 0.31499353264262986 0.1770737585067108 0.5178485215740057 0.5021939863313184 0.8083020895313451 0.36866403863352143 
12 -1 0.06431091391396183 -0.029132349839780684 -0.0384942953275459 0.13312615295180807 0.31470823143429283 0.3711945218019473 0.39728490669749167 
13 -1 3.2959343380905555 2.7238747100195035 2.22497026993215 1.1590524692776687 0.9006012154874975 1.5368147024136747 0.8552187957210156 
14 1 -0.7556532384890544 -0.3350220231574789 -0.44268439626677725 1.030811679736936 0.31470823143429283 -0.21161556850391636 -0.2896159268377942 
15 -1 -0.0803886423924528 0.16204869598378072 0.15012775177742874 0.876922732288057 0.4318868282449338 0.3711945218019473 0.1969388302497 
16 -1 0.016077728478490285 0.12381248681906845 -0.0384942953275459 0.10747799504366157 0.31470823143429283 0.3711945218019473 0.36866403863352143 
17 1 -1.0932855365373553 -0.8703289514634509 -1.0085505375817012 0.03053352131922202 -0.669591981775091 0.954004612107811 -0.9478958923091099 
18 -1 0.30547684109131956 0.467938369301479 0.5543178527166601 0.10747799504366157 -0.17744187517039908 1.2454096572607427 -0.11789071845397271 
19 1 -0.8521196093599975 -1.0232737881223 -1.0893885577695475 -1.3031706899043967 -1.3257921239146802 -1.3772357491156437 -1.2341045729488123 
20 1 -1.1897519074082983 -1.1762186247811492 -1.1971725846866759 -1.4057633215369827 -1.302356404552552 -1.3772357491156437 -1.2627254410127826 
21 1 -0.9968191656664122 -1.2526910431105738 -1.2241185914159578 -1.3801151636288362 -1.3726635626389367 -1.3772357491156437 -1.2627254410127826 
22 -1 1.4630732915426368 1.1561901342663001 1.147130000760866 0.6460893111147383 0.9240369348496257 1.0997071346842768 0.9697022679768966 
23 1 -1.0450523511018837 -1.0997462064517245 -1.0893885577695475 -1.2775225319962502 -1.2086135271040392 -1.0858307039627118 -1.2341045729488123 
24 1 -1.1897519074082983 -1.2144548339458614 -1.1971725846866759 -1.4314114794451291 -1.396099282001065 -1.3772357491156437 -1.2341045729488123 
25 1 -1.1897519074082983 -1.2144548339458614 -1.304956611603804 -1.4314114794451291 -1.3726635626389367 -1.3772357491156437 -1.2913463090767527 
26 -1 1.752472404155466 1.6532608534075597 1.5243740949708153 1.235996943002108 1.580237076989215 0.8083020895313451 1.599361365384242 
27 -1 0.3537100265267911 0.31499353264262986 0.4195878190702496 -0.020762794497071003 0.08035103781301098 0.8083020895313451 0.16831796218572972 
28 -1 0.4019432119622626 0.4297021601367667 0.2040197652359929 0.4152558899414197 0.29127251207216465 0.22549199922548138 0.082455357993819 
29 -1 0.11254409934943338 0.31499353264262986 0.5543178527166601 0.1844224687681011 0.5959368637798311 0.5168970443784132 0.7407353234651346 
30 1 -0.9968191656664122 -1.290927252275286 -1.25106459814524 -1.3801151636288362 -1.3726635626389367 -1.2315332265391778 -1.2627254410127826 
31 -1 0.30547684109131956 0.31499353264262986 0.5812638594459422 0.7486819427473244 0.9943440929360102 0.3711945218019473 1.1986692124886587 
32 -1 0.9807414371879212 0.6973556242897527 0.6351558729045064 0.23571878458439413 0.7599868993147284 1.0997071346842768 0.9124605318489561 
33 1 -1.0450523511018837 -1.2526910431105738 -1.25106459814524 -1.4314114794451291 -1.3726635626389367 -1.5229382716921096 -1.2627254410127826 
34 1 -1.1415187219728269 -1.2144548339458614 -1.1971725846866759 -1.4057633215369827 -1.3492278432768086 -1.3772357491156437 -1.319967177140723 
35 -1 0.11254409934943338 0.5826469967956158 0.8776699334680451 0.7999782585636174 0.7365511799526002 1.3911121798372086 0.7693561915291048 
36 1 -1.1897519074082983 -1.2526910431105738 -1.304956611603804 -1.4057633215369827 -1.3492278432768086 -1.3772357491156437 -1.2341045729488123 
37 -1 1.2701405498007505 1.0414815067721632 0.9854539603851735 0.9025708901962035 0.6428083025040875 1.2454096572607427 0.5690101150813132 
38 -1 1.0772078080588643 1.1179539251015878 1.3357520478658407 0.6717374690228849 1.1349584091087794 0.8083020895313451 1.2845318166805693 
39 -1 0.3537100265267911 0.2385211143132053 0.2040197652359929 -0.14900358403780356 0.10378675717513916 -0.06591304592745044 0.13969709412175949 
40 1 -1.0932855365373553 -1.2526910431105738 -1.25106459814524 -1.4057633215369827 -1.3726635626389367 -1.3772357491156437 -1.2627254410127826 
41 -1 -0.0803886423924528 0.16204869598378072 0.1770737585067108 0.6717374690228849 0.9240369348496257 0.8083020895313451 0.5117683789533727 
