id label data 
0 -1 0.7179324073495578 0.8540776869295714 0.7518269534794318 1.019406381688515 1.0297973511788319 0.09875115716662189 0.7384819506250055 
1 1 -1.0690292001511958 -0.7784251179241551 -0.7406265519378388 0.1839572870898208 -0.6096493041306308 -0.42367431945680095 -0.751086562232059 
2 1 -0.8704779104288899 -0.9416753984095279 -0.9702347835404959 -1.0692163548082205 -1.061091136752077 -0.9460997960802239 -1.0246807788792751 
3 1 -0.771202265567737 -0.9416753984095279 -0.9702347835404959 -1.115630193397037 -1.061091136752077 -1.0767061652360796 -1.0550801362845212 
4 -1 0.42010547276609883 0.4867645558374829 0.780527982429764 0.20716420638422894 0.5783555185573855 0.7517830029459005 0.7384819506250055 
5 1 -0.7215644431371604 -0.3294868465893804 -0.568420378235846 0.9265787045108823 -0.08692718214790358 0.35996389547833335 -0.5382910603953356 
6 1 -0.771202265567737 -0.982487968530871 -1.02763684144116 -1.115630193397037 -1.1086113296595976 -1.0767061652360796 -1.0246807788792751 
7 -1 0.17191636061321638 0.4051394155947966 0.2926104902741178 1.274682493927005 0.8634766760025094 0.7517830029459005 0.6472838784092669 
8 -1 0.42010547276609883 0.4051394155947966 0.43611563502577844 0.1839572870898208 0.4120348433810633 1.404814848725179 0.4648877339777896 
9 -1 1.1150349867941696 0.8948902570509145 1.1249403298337495 0.6016818343891679 0.8159564830949888 0.8823893721017562 1.1944723117036988 
10 -1 1.661051033530511 1.5887039491137482 1.5841567930390634 0.880164865922066 1.5049992802540384 0.8823893721017562 1.6200633153771458 
11 -1 -0.22518621883139553 0.20107656498808077 0.0917032876217929 1.7620277991095765 0.5783555185573855 0.35996389547833335 0.19129351733057365 
12 1 -0.9201157328594664 -1.023300538652214 -1.02763684144116 -1.0924232741026287 -1.1086113296595976 -1.0767061652360796 -1.0246807788792751 
13 -1 0.12227853818263988 0.07863885462405128 0.14910534552245716 0.36961264144508615 0.19819397529722033 1.0129957412576118 0.0696960877095888 
14 -1 3.696201753184147 3.098769043603445 2.6173938352510198 1.181854816749372 1.0773175440863525 1.927240325348602 1.224871669108945 
15 -1 0.8668458746412873 0.8540776869295714 0.8666310692807604 0.7409233501556169 0.8634766760025094 1.5354212178810347 1.0120761672722216 
16 1 -0.8208400879983134 -1.0641131087735574 -0.998935812490828 -1.1388371126914452 -1.132371426113358 -1.0767061652360796 -1.0854794936897674 
17 1 -0.8208400879983134 -0.982487968530871 -1.0563378703914923 -1.1388371126914452 -1.061091136752077 -1.0767061652360796 -1.1158788510950137 
18 1 -0.771202265567737 -0.9008628282881846 -0.998935812490828 -1.0924232741026287 -1.061091136752077 -1.2073125343919353 -1.0550801362845212 
19 1 -0.9201157328594664 -0.9416753984095279 -0.9415337545901636 -1.0924232741026287 -1.0848512332058373 -1.0767061652360796 -1.0550801362845212 
20 -1 0.9661215195024402 0.9357028271722577 1.038837242982753 0.5088541572115352 0.9109968689100302 1.1436021104134677 1.1336735968932063 
21 -1 0.17191636061321638 0.6500148363228556 0.6370228376781033 1.181854816749372 1.196118026355154 0.6211766337900447 1.1944723117036988 
22 1 -0.8704779104288899 -1.023300538652214 -0.9702347835404959 -1.1388371126914452 -1.1086113296595976 -1.0767061652360796 -1.0854794936897674 
23 -1 0.6186567624884047 0.6500148363228556 0.780527982429764 0.4392333993283107 0.19819397529722033 0.35996389547833335 0.10009544511483501 
24 1 -0.8208400879983134 -1.0641131087735574 -0.998935812490828 -1.115630193397037 -1.1086113296595976 -1.2073125343919353 -1.0550801362845212 
25 -1 0.42010547276609883 0.5275771259588261 0.8379300403304282 0.6480956729779842 1.0060372547250716 0.7517830029459005 0.9208780950564829 
26 -1 1.462499743808205 1.5478913789924051 1.469352677237735 0.8105441080388415 1.2198781228089144 0.8823893721017562 1.34646909872993 
27 -1 0.8668458746412873 0.9357028271722577 0.9240331271814246 0.4392333993283107 1.2436382192626747 0.7517830029459005 1.3160697413246838 
28 -1 0.7675702297801342 0.7316399765655419 0.780527982429764 0.20716420638422894 0.5070752291961046 1.5354212178810347 0.7688813080302518 
29 1 -0.8704779104288899 -0.9008628282881846 -0.9702347835404959 -1.115630193397037 -1.1086113296595976 -1.2073125343919353 -1.0550801362845212 
30 1 -0.9201157328594664 -0.9416753984095279 -1.02763684144116 -1.0924232741026287 -1.0848512332058373 -1.0767061652360796 -1.0246807788792751 
31 1 -0.17554839640081904 0.03782628450270811 -0.08050288608019987 1.553165525459903 0.9109968689100302 0.7517830029459005 0.2824915895463123 
32 1 -0.8208400879983134 -1.023300538652214 -1.02763684144116 -1.1388371126914452 -1.1086113296595976 -1.0767061652360796 -1.0550801362845212 
33 -1 0.4697432951966753 0.8132651168082282 1.0675382719330853 0.7177164308612087 0.8397165795487491 0.6211766337900447 0.8904787376512366 
34 1 -0.8704779104288899 -0.982487968530871 -1.1137399282921565 -1.115630193397037 -1.1086113296595976 -1.0767061652360796 -0.9638820640687826 
35 1 -0.8208400879983134 -1.023300538652214 -0.998935812490828 -1.1388371126914452 -1.1086113296595976 -1.0767061652360796 -0.9942814214740288 
36 1 -0.9697535552900429 -1.0641131087735574 -1.0563378703914923 -1.1388371126914452 -1.1086113296595976 -1.0767061652360796 -1.0246807788792751 
37 -1 0.5193811176272518 0.5683896960801692 0.8953320982310925 0.46244031862271884 0.8872367724562699 -0.03185521198923383 1.1032742394879602 
38 1 -1.0193913777206194 -0.9416753984095279 -0.9702347835404959 -1.115630193397037 -1.1086113296595976 -1.0767061652360796 -1.0246807788792751 
39 -1 0.07264071575206339 0.20107656498808077 0.12040431657212503 1.2282686553381885 0.6733959043724269 0.6211766337900447 0.19129351733057365 
40 -1 1.3135862765164756 1.3846410985070325 1.2684454745854101 1.437130928987862 1.8138805341529225 1.0129957412576118 1.8632581746191157 
