id label data 
0 -1 0.5605082933801655 0.6164631813726544 0.8975309328106087 0.7209352492663404 1.1517753412566294 1.3791782265167665 1.1447560964412526 
1 -1 1.3084748234849775 1.3445855008762178 1.4251815788985114 1.0639117159747375 1.031261518197245 0.6973306145298496 0.9605547992741041 
2 1 -0.9354247668294587 -0.8826121823111523 -0.919932403714389 -1.0674420414274444 -1.137987296871669 -0.9391036542387512 -1.1270599019535792 
3 1 -0.7751462246641418 -0.9254429069878326 -1.0665020276276953 -1.2144319557310432 -1.1620900614835459 -0.8027341318413679 -1.0656594695645296 
4 1 -0.8285724053859141 -1.1395965303712337 -1.154443801975679 -1.2634285938322427 -1.2102955907072996 -1.211842699033518 -1.1270599019535792 
5 -1 1.8961628114244728 1.6872312982896593 1.5424372780291564 1.1864033112277366 1.6820361627179194 0.8337001369272329 1.8201608527207973 
6 -1 0.5605082933801655 0.4023095579892535 0.4285081362880287 0.4514537397097428 0.8384394013022306 0.8337001369272329 0.8991543668850547 
7 -1 1.4687533656502945 1.2589240515228575 1.16135625585456 0.8189285254687396 0.8866449305259843 1.1064391817219996 0.9605547992741041 
8 1 -0.9354247668294587 -1.0967658056945533 -1.1251298771930178 -1.2634285938322427 -1.1861928260954226 -1.3482122214309014 -1.0963596857590545 
9 -1 -0.4545891403335081 -0.02599768877754848 -0.06982858501721265 1.0394133969241377 0.7661311074666001 0.5609610921324661 0.5921522049398071 
10 -1 0.2399512090495317 0.3166481086358931 0.2819385123747224 0.6229419730639413 0.30817857984094044 0.015483002542932549 0.34655047538360906 
11 -1 0.293377389771304 0.530801732019294 0.6337056097666575 0.2554671873049444 0.5974117551834623 1.2428087041193832 0.8070537183014804 
12 1 -0.614867682498825 -0.3258127615143099 -0.5388513815397927 1.0639117159747375 0.501000696735955 0.015483002542932549 -0.1753531999233118 
13 1 -0.5614415017770527 -0.19732058748426926 -0.3922817576264864 0.6964369302157407 0.04304816911029537 -0.6663646094439845 -0.4823553618685594 
14 -1 1.041343919876116 1.0876011528161367 0.8975309328106087 1.1129083540759372 1.2963919289278902 0.9700696593246163 1.5131586907755499 
15 1 -0.9354247668294587 -1.1395965303712337 -1.1837577267583403 -1.238930274781643 -1.2102955907072996 -1.211842699033518 -1.0963596857590545 
16 -1 0.13309884760598711 0.3166481086358931 0.6337056097666575 0.8434268445193395 1.1276725766447524 0.28822204733769935 1.5438589069700746 
17 1 -0.4011629596117358 0.059663760575811915 0.19399673802673864 1.1864033112277366 1.0794670474209989 0.015483002542932549 0.6535526373288566 
18 1 -0.7217200439423695 -0.4971356602210306 -0.5974792311051152 0.7944302064181399 -0.2702877708441034 -0.6663646094439845 -0.02185211895068802 
19 1 -1.0422771282730032 -1.225257979724594 -1.0665020276276953 -1.2634285938322427 -1.2343983553191764 -1.211842699033518 -1.157760118148104 
20 -1 0.8810653777107992 0.8306168047560555 0.8682170080279474 0.304463825406144 0.5974117551834623 0.8337001369272329 0.8070537183014804 
21 1 -0.8285724053859141 -1.0967658056945533 -1.154443801975679 -1.2634285938322427 -1.2102955907072996 -1.211842699033518 -1.1884603343426288 
22 1 -0.4545891403335081 -0.19732058748426926 -0.36296783284382517 1.6273730541385327 0.16356199216967948 0.28822204733769935 -0.2674538485068861 
23 1 -0.8819985861076864 -0.8826121823111523 -0.919932403714389 -1.0674420414274444 -1.017473473812285 0.8337001369272329 -0.9735588209809555 
24 1 -0.9354247668294587 -1.1824272550479138 -1.0665020276276953 -1.2634285938322427 -1.2102955907072996 -1.3482122214309014 -1.157760118148104 
25 1 -0.9354247668294587 -1.0539350810178731 -1.154443801975679 -1.2634285938322427 -1.2102955907072996 -1.211842699033518 -1.1270599019535792 
26 1 -0.8285724053859141 -1.0967658056945533 -1.1251298771930178 -1.1899336366804434 -1.2102955907072996 -1.211842699033518 -1.1270599019535792 
27 1 -0.988850947551231 -1.1395965303712337 -1.0958159524103566 -1.2634285938322427 -1.2102955907072996 -1.211842699033518 -1.157760118148104 
28 -1 0.5605082933801655 0.8734475294327356 0.8682170080279474 1.0639117159747375 0.5974117551834623 0.5609610921324661 0.7763535021069556 
29 -1 0.4002297512148486 0.4451402826659337 0.7802752336799638 0.8434268445193395 0.6215145197953391 0.6973306145298496 0.6842528535233814 
30 -1 0.4002297512148486 0.530801732019294 0.5164499106360124 0.3779587825579434 0.6938228136309696 0.9700696593246163 0.8991543668850547 
31 1 -1.0957033089947756 -1.0967658056945533 -1.154443801975679 -1.3124252319334424 -1.2585011199310532 -1.3482122214309014 -1.1884603343426288 
32 -1 0.07967266688421483 0.4023095579892535 0.25262458759206113 0.6229419730639413 0.21176752139343313 1.1064391817219996 0.16234917821646053 
33 1 -0.8285724053859141 -0.6256278342510713 -0.685421005453099 1.0639117159747375 0.04304816911029537 -0.25725604225183424 -0.6051562266466584 
34 -1 1.5221795463720666 1.5587391242596187 1.6303790523771402 0.7209352492663404 1.5856251042704121 1.6519172713115333 1.6973599879426984 
35 1 -0.6682938632205973 -0.8826121823111523 -0.8906184789317277 -1.0429437223768445 -1.0656790030360386 0.015483002542932549 -1.034959253370005 
36 -1 0.8810653777107992 0.7021246307260148 0.7802752336799638 0.20647054920374483 0.5733089905715855 1.2428087041193832 1.2675569612193518 
37 -1 1.7893104499809283 1.8157234723197 1.7769486762904463 1.4068881826831348 1.3687002227635208 0.6973306145298496 1.1447560964412526 
38 -1 0.7742130162672546 1.0019397034627762 0.9854727071585925 1.259898268379536 1.1758781058685062 0.6973306145298496 1.2061565288303022 
39 1 -0.988850947551231 -0.6684585589277514 -0.7147349302357603 0.3779587825579434 -0.17387671239659605 -0.9391036542387512 -0.4823553618685594 
40 -1 0.293377389771304 0.4879710073426139 0.4578220610706899 0.7209352492663404 1.1517753412566294 0.8337001369272329 1.0526554478576784 
41 -1 0.8810653777107992 0.7877860800793752 0.8682170080279474 0.892423482620539 0.8384394013022306 0.8337001369272329 0.8070537183014804 
42 -1 0.7207868355454823 0.8306168047560555 0.69233345933198 0.9904167588229382 0.9348504597497379 0.015483002542932549 0.6535526373288566 
43 1 -0.7751462246641418 -0.6684585589277514 -0.8906184789317277 -1.116438679528644 -1.1138845322597923 -0.9391036542387512 -0.9735588209809555 
44 -1 0.7742130162672546 1.0019397034627762 1.044100556723915 0.35346046350734356 0.5251034613478318 -0.12088651985445086 0.6535526373288566 
45 -1 -0.2943105981681912 -0.19732058748426926 -0.21639820893051892 1.1374066731265369 0.5251034613478318 0.5609610921324661 0.16234917821646053 
46 1 0.8810653777107992 1.0447704281394565 1.0734144815065763 1.1374066731265369 1.3928029873753975 0.015483002542932549 1.4517582583865003 
47 -1 0.4536559319366209 0.7021246307260148 0.69233345933198 0.8679251635699392 1.2722891643160135 0.8337001369272329 0.9605547992741041 
48 1 -0.8819985861076864 -1.011104356341193 -1.0958159524103566 -1.238930274781643 -1.2343983553191764 -1.211842699033518 -1.0963596857590545 
49 -1 0.7742130162672546 0.8306168047560555 0.8975309328106087 0.4514537397097428 0.910747695137861 0.8337001369272329 1.1754563126357775 
50 -1 0.7742130162672546 0.7877860800793752 0.7802752336799638 0.18197223015314504 0.4768979321240782 0.9700696593246163 0.7763535021069556 
51 1 -0.9354247668294587 -1.1824272550479138 -1.1837577267583403 -1.238930274781643 -1.2102955907072996 -1.3482122214309014 -1.1884603343426288 
52 -1 0.5605082933801655 0.6164631813726544 0.5164499106360124 0.6474402921145411 0.8866449305259843 0.9700696593246163 0.5307517725507576 
53 1 0.8810653777107992 2.2868614437631822 2.187343623247704 0.6474402921145411 1.75434445655355 -0.25725604225183424 2.1885634470550945 
54 -1 1.0947701005978885 1.0876011528161367 0.8389030832452863 1.1619049921771367 1.1276725766447524 1.51554774891415 0.8377539344960051 
55 -1 0.5070821126583932 0.7877860800793752 0.8682170080279474 0.5739453349627417 0.8143366366903537 0.15185252494031595 1.0526554478576784 
56 1 -0.6682938632205973 -0.8397814576344722 -0.9492463284970503 -1.1409369985792437 -1.2102955907072996 -1.0754731766361347 -1.0656594695645296 
57 -1 0.9344915584325715 0.1881559346058525 1.3079258797678663 0.6719386111651409 0.6215145197953391 0.15185252494031595 0.6842528535233814 
58 1 -0.8819985861076864 -1.0967658056945533 -1.1251298771930178 -1.2634285938322427 -1.2343983553191764 -1.211842699033518 -1.0963596857590545 
59 -1 -0.614867682498825 -0.36864348619099 -0.3043399832785027 0.6474402921145411 0.5733089905715855 -0.12088651985445086 0.5307517725507576 
60 -1 0.13309884760598711 0.3166481086358931 0.2233106628093999 0.9904167588229382 0.16356199216967948 -0.12088651985445086 -0.23675363231236132 
61 1 -1.2025556704383202 -0.8826121823111523 -0.8319906293664052 0.10847727300134566 -0.728240298469763 -0.529995087046601 -0.8507579562028564 
62 -1 0.9879177391543438 0.959108978786096 0.92684485759327 0.549447015912142 0.6938228136309696 1.1064391817219996 0.8377539344960051 
63 1 -0.4011629596117358 -0.15448986280758906 -0.27502605849584144 0.5249486968615421 -0.19797947700847288 -0.6663646094439845 -0.5130555780630841 
64 1 -0.8819985861076864 -0.4543049355443504 -0.6267931558877765 1.357891544581935 0.501000696735955 0.4245915697350827 0.008848097243836735 
65 -1 0.4002297512148486 0.6164631813726544 0.4578220610706899 0.5739453349627417 0.6938228136309696 0.8337001369272329 0.6228524211343318 
66 -1 1.041343919876116 1.0019397034627762 1.16135625585456 0.6474402921145411 0.6215145197953391 0.8337001369272329 0.7456532859124309 
67 1 -0.3477367788899635 -0.11165913813090887 -0.1577703593651964 1.014915077873538 0.4527951675122014 0.4245915697350827 0.10094874582741101 
68 -1 -0.02717969455932975 0.2309866592825327 1.6596929771598012 1.1374066731265369 0.8625421659141074 0.6973306145298496 0.9298545830795794 
69 1 -0.9354247668294587 -1.1824272550479138 -1.154443801975679 -1.238930274781643 -1.2102955907072996 -1.211842699033518 -1.2191605505371534 
70 -1 2.483850799363968 2.0727078203797813 1.6596929771598012 1.4313865017337344 1.1517753412566294 0.6973306145298496 0.8991543668850547 
71 1 -1.0422771282730032 -1.1824272550479138 -1.0665020276276953 -1.2634285938322427 -1.2585011199310532 -1.211842699033518 -1.1884603343426288 
72 -1 0.3468035704930763 0.2309866592825327 0.2233106628093999 0.20647054920374483 0.501000696735955 0.4245915697350827 0.6535526373288566 
73 1 -0.988850947551231 -1.0539350810178731 -1.0665020276276953 -1.2144319557310432 -1.1861928260954226 -1.0754731766361347 -1.1270599019535792 
74 1 -0.8819985861076864 -0.9682736316645127 -1.1251298771930178 -1.2144319557310432 -1.1620900614835459 -1.211842699033518 -1.1270599019535792 
75 1 -0.8819985861076864 -1.0539350810178731 -1.0665020276276953 -1.2634285938322427 -1.1861928260954226 -1.211842699033518 -1.157760118148104 
76 -1 1.1481962813196607 1.0019397034627762 1.1320423310718988 0.6229419730639413 1.5374195750466586 1.51554774891415 1.4517582583865003 
77 1 -0.8819985861076864 -1.011104356341193 -1.0958159524103566 -1.2634285938322427 -1.1861928260954226 -1.3482122214309014 -1.1884603343426288 
78 1 -0.9354247668294587 -0.9682736316645127 -1.0665020276276953 -1.2634285938322427 -1.2102955907072996 -1.211842699033518 -1.0656594695645296 
79 1 -1.0422771282730032 -1.0539350810178731 -1.1251298771930178 -1.2634285938322427 -1.2102955907072996 -1.211842699033518 -1.1270599019535792 
80 -1 1.575605727093839 1.6444005736129792 1.4251815788985114 0.9414201207217386 1.0794670474209989 1.51554774891415 1.4210580421919754 
81 -1 0.4002297512148486 0.4451402826659337 0.7216473841146412 0.13297559205194545 0.4768979321240782 0.6973306145298496 0.6535526373288566 
82 1 -0.8285724053859141 -1.0539350810178731 -1.0958159524103566 -1.2634285938322427 -1.2102955907072996 -1.211842699033518 -1.0656594695645296 
83 1 -0.8819985861076864 -1.1395965303712337 -1.1251298771930178 -1.2634285938322427 -1.2343983553191764 -1.211842699033518 -1.1270599019535792 
84 1 -0.8285724053859141 -0.4114742108676702 -0.6561070806704378 0.892423482620539 -0.19797947700847288 0.28822204733769935 -0.6358564428411831 
85 1 -0.8819985861076864 -1.0967658056945533 -1.1251298771930178 -1.2634285938322427 -1.2343983553191764 -1.211842699033518 -1.1270599019535792 
86 -1 -0.24088441744641892 0.016833035899131717 0.6043916849839962 0.5004503778109424 0.42869240290032457 0.5609610921324661 0.5921522049398071 
87 -1 0.13309884760598711 0.3594788333125733 0.2233106628093999 1.259898268379536 0.7661311074666001 0.6973306145298496 0.5614519887452823 
88 -1 0.4002297512148486 0.4451402826659337 0.4285081362880287 1.3333932255313352 1.2963919289278902 0.8337001369272329 0.9298545830795794 
89 1 -0.8285724053859141 -1.0539350810178731 -1.0665020276276953 -1.238930274781643 -1.1861928260954226 -1.211842699033518 -1.0963596857590545 
90 -1 0.8810653777107992 0.7021246307260148 0.7509613088973025 0.08397895395074587 0.40458963828844774 0.6973306145298496 0.5921522049398071 
91 -1 0.5070821126583932 0.2738173839592129 0.39919421150536744 0.20647054920374483 0.21176752139343313 0.8337001369272329 0.3772506915781338 
92 1 -0.9354247668294587 -1.0967658056945533 -1.0665020276276953 -1.2634285938322427 -1.2102955907072996 -1.211842699033518 -1.157760118148104 
93 -1 2.3235722571986512 1.8157234723197 1.7769486762904463 0.6719386111651409 0.8866449305259843 0.015483002542932549 1.1754563126357775 
94 1 -0.5614415017770527 -0.36864348619099 -0.33365390806116396 0.5984436540133415 0.1876647567815563 -0.12088651985445086 -0.02185211895068802 
95 1 -0.9354247668294587 -1.0967658056945533 -1.0078741780623728 -1.2634285938322427 -1.2102955907072996 -1.3482122214309014 -1.0963596857590545 
96 1 -0.614867682498825 -0.6684585589277514 -0.6561070806704378 -1.0919403604780442 -1.1620900614835459 -0.9391036542387512 -1.0656594695645296 
97 -1 1.3619010042067499 1.3445855008762178 1.2199841054198826 0.6474402921145411 0.5733089905715855 1.2428087041193832 1.236856745024827 
98 1 -0.9354247668294587 -1.0539350810178731 -1.0078741780623728 -1.1899336366804434 -1.1861928260954226 -0.9391036542387512 -1.157760118148104 
99 1 -0.9354247668294587 -1.1395965303712337 -1.0665020276276953 -1.238930274781643 -1.1620900614835459 -1.3482122214309014 -1.0963596857590545 
100 1 -0.988850947551231 -1.0967658056945533 -1.0958159524103566 -1.2144319557310432 -1.2343983553191764 -1.3482122214309014 -1.0963596857590545 
101 1 -0.9354247668294587 -0.9682736316645127 -1.037188102845034 -1.2634285938322427 -1.2343983553191764 -1.211842699033518 -1.0963596857590545 
102 1 -0.7217200439423695 -0.4971356602210306 -0.6561070806704378 1.382389863632535 0.30817857984094044 0.5609610921324661 -0.35955449709046033 
103 1 -0.8285724053859141 -1.0539350810178731 -1.1251298771930178 -1.2634285938322427 -1.2102955907072996 -1.211842699033518 -1.1884603343426288 
104 1 -0.8819985861076864 -1.1395965303712337 -1.0958159524103566 -1.3124252319334424 -1.2343983553191764 -1.211842699033518 -1.1884603343426288 
105 1 -0.8819985861076864 -0.6684585589277514 -0.7440488550184216 0.426955420659143 -0.31849330006785703 -0.25725604225183424 -0.7279570914247574 
106 1 -0.9354247668294587 -1.0539350810178731 -1.0958159524103566 -1.238930274781643 -1.1861928260954226 -1.0754731766361347 -1.1270599019535792 
107 1 -0.8819985861076864 -1.011104356341193 -1.1251298771930178 -1.238930274781643 -1.1861928260954226 -1.211842699033518 -1.1884603343426288 
108 -1 0.4002297512148486 0.3594788333125733 0.3698802867227062 0.10847727300134566 0.30817857984094044 1.3791782265167665 0.3772506915781338 
109 -1 3.92635767885182 3.314798836003507 2.6856803445529454 1.1864033112277366 1.1035698120328756 1.51554774891415 1.1447560964412526 
110 -1 0.9344915584325715 0.7449553554026951 0.8389030832452863 0.13297559205194545 0.2599730506171868 0.8337001369272329 0.4693513401617081 
111 -1 0.5605082933801655 0.5736324566959743 0.4578220610706899 0.7209352492663404 0.501000696735955 0.8337001369272329 0.31585025918908427 
112 1 -0.7217200439423695 -0.8826121823111523 -0.9492463284970503 -1.1654353176298435 -1.2102955907072996 -1.0754731766361347 -1.0963596857590545 
113 -1 -0.02717969455932975 0.059663760575811915 -0.011200735451890141 0.892423482620539 0.5733089905715855 0.5609610921324661 0.19304939441098526 
114 1 -0.7751462246641418 -0.9254429069878326 -1.0958159524103566 -1.238930274781643 -1.2102955907072996 -1.0754731766361347 -1.0656594695645296 
115 -1 0.13309884760598711 0.3594788333125733 0.2819385123747224 0.2554671873049444 0.645617284407216 1.3791782265167665 0.5921522049398071 
116 1 -0.8819985861076864 -1.0967658056945533 -1.037188102845034 -1.2144319557310432 -1.1861928260954226 -1.211842699033518 -1.157760118148104 
117 -1 1.1481962813196607 0.8734475294327356 1.0734144815065763 0.549447015912142 0.7179255782428464 0.8337001369272329 1.114055880246728 
118 -1 1.0947701005978885 1.2589240515228575 1.4251815788985114 0.4024571016085432 0.645617284407216 2.0610258385036837 0.9298545830795794 
119 -1 -0.614867682498825 -0.11165913813090887 -0.18708428414785766 1.1864033112277366 0.6215145197953391 0.4245915697350827 0.16234917821646053 
120 -1 1.0947701005978885 1.0447704281394565 1.1906701806372213 0.7209352492663404 1.2240836350922597 0.8337001369272329 1.236856745024827 
121 1 -0.5614415017770527 -0.11165913813090887 -0.21639820893051892 1.0639117159747375 0.501000696735955 -0.12088651985445086 -0.08325255133973754 
122 -1 -0.08060587528110204 0.1453252099291723 0.07674103889609363 1.1129083540759372 0.6697200490190928 0.5609610921324661 0.5307517725507576 
123 1 -0.8819985861076864 -1.0539350810178731 -1.0958159524103566 -1.2144319557310432 -1.2102955907072996 -1.0754731766361347 -1.157760118148104 
124 -1 0.4002297512148486 0.4023095579892535 0.3405663619400449 0.4024571016085432 0.5733089905715855 1.2428087041193832 0.6842528535233814 
125 1 -0.9354247668294587 -0.7112892836044317 -0.7733627798010827 0.9659184397723384 -0.005157360113458283 -0.39362556464921766 -0.6358564428411831 
126 -1 0.1865250283277594 0.4451402826659337 0.4285081362880287 0.9169218016711388 0.6215145197953391 0.4245915697350827 0.4386511239671833 
127 1 -0.8819985861076864 -1.0967658056945533 -1.0665020276276953 -1.2634285938322427 -1.2343983553191764 -1.211842699033518 -1.0963596857590545 
128 -1 1.7358842692591558 1.601569848936299 1.5424372780291564 0.8434268445193395 1.4169057519872743 0.8337001369272329 1.5438589069700746 
129 1 -0.7751462246641418 -1.0539350810178731 -1.0958159524103566 -1.2634285938322427 -1.2102955907072996 -1.211842699033518 -1.1270599019535792 
130 1 -0.8819985861076864 -0.4971356602210306 -0.6267931558877765 0.9904167588229382 -0.02926012472533511 -0.39362556464921766 -0.2981540647014108 
131 1 -0.988850947551231 -1.0539350810178731 -1.0958159524103566 -1.2634285938322427 -1.2102955907072996 -1.3482122214309014 -1.034959253370005 
132 -1 0.5070821126583932 0.1881559346058525 0.3698802867227062 0.20647054920374483 -0.005157360113458283 0.28822204733769935 0.008848097243836735 
133 -1 -0.2943105981681912 0.1453252099291723 0.018113189330771114 1.7743629684421316 0.4768979321240782 0.28822204733769935 0.10094874582741101 
134 1 -0.988850947551231 -1.1395965303712337 -1.1251298771930178 -1.2634285938322427 -1.2343983553191764 -1.211842699033518 -1.1270599019535792 
135 -1 0.5070821126583932 0.530801732019294 0.4578220610706899 0.18197223015314504 0.42869240290032457 1.1064391817219996 0.5307517725507576 
136 -1 0.13309884760598711 0.3166481086358931 0.2819385123747224 0.8434268445193395 0.3804868736765709 0.8337001369272329 0.28515004299455954 
137 -1 0.1865250283277594 0.6164631813726544 0.31125243715738365 0.9414201207217386 1.5133168104347816 1.2428087041193832 0.8991543668850547 
138 1 -0.8285724053859141 -1.1395965303712337 -1.0665020276276953 -1.3124252319334424 -1.2102955907072996 -1.484581743828285 -1.157760118148104 
139 1 -0.9354247668294587 -1.1824272550479138 -1.0958159524103566 -1.238930274781643 -1.2585011199310532 -1.211842699033518 -1.1884603343426288 
140 -1 0.7207868355454823 0.959108978786096 1.1906701806372213 0.4514537397097428 0.7179255782428464 0.6973306145298496 0.8377539344960051 
141 -1 1.041343919876116 0.9162782541094159 0.92684485759327 0.4759520587603426 0.5974117551834623 0.5609610921324661 0.8377539344960051 
142 -1 -0.3477367788899635 -0.06882841345422867 0.04742711411343237 0.5984436540133415 0.4768979321240782 0.8337001369272329 0.34655047538360906 
143 1 0.02624648616244254 0.016833035899131717 -0.21639820893051892 -0.6999672556684475 -1.0656790030360386 -1.211842699033518 -0.9735588209809555 
144 -1 -0.02717969455932975 0.1453252099291723 0.10605496367875487 0.8434268445193395 0.790233872078477 0.6973306145298496 0.5307517725507576 
145 1 -0.9354247668294587 -1.0539350810178731 -1.037188102845034 -1.2634285938322427 -1.2585011199310532 -1.211842699033518 -1.1884603343426288 
146 -1 0.7207868355454823 1.0447704281394565 1.1320423310718988 1.382389863632535 1.199980870480383 0.15185252494031595 1.2982571774138765 
147 -1 0.6139344741019378 0.6164631813726544 0.69233345933198 0.18197223015314504 0.4768979321240782 1.7882867937089166 0.6228524211343318 
148 -1 0.5070821126583932 0.4879710073426139 0.5457638354186737 0.4024571016085432 1.0071587535853683 0.6973306145298496 1.236856745024827 
149 1 -0.7751462246641418 -0.4971356602210306 -0.4802235319744702 0.2799655063555442 -0.2702877708441034 -0.9391036542387512 -0.5744560104521337 
150 1 -0.7751462246641418 -1.1395965303712337 -1.1251298771930178 -1.2634285938322427 -1.2343983553191764 -1.3482122214309014 -1.1884603343426288 
151 1 -0.988850947551231 -1.225257979724594 -1.1837577267583403 -1.2879269128828426 -1.2102955907072996 -1.211842699033518 -1.1270599019535792 
152 1 -1.0422771282730032 -1.1395965303712337 -1.1251298771930178 -1.238930274781643 -1.2343983553191764 -1.211842699033518 -1.1270599019535792 
153 -1 0.4536559319366209 0.4879710073426139 0.8682170080279474 0.3779587825579434 0.42869240290032457 0.8337001369272329 0.5921522049398071 
154 -1 -0.08060587528110204 0.1024944852524921 0.10605496367875487 0.7209352492663404 0.8866449305259843 0.4245915697350827 0.6228524211343318 
155 1 -0.8819985861076864 -0.9682736316645127 -1.0078741780623728 -1.2144319557310432 -1.2102955907072996 -1.0754731766361347 -1.1270599019535792 
156 1 -0.9354247668294587 -1.0539350810178731 -1.0665020276276953 -1.238930274781643 -1.2343983553191764 -1.211842699033518 -1.1884603343426288 
157 -1 0.07967266688421483 0.1881559346058525 0.25262458759206113 0.034982315849546274 0.16356199216967948 0.5609610921324661 -0.14465298372878704 
158 -1 0.8810653777107992 0.8306168047560555 0.8975309328106087 0.20647054920374483 0.2599730506171868 1.9246563161063002 0.4693513401617081 
159 -1 -0.13403205600287432 0.059663760575811915 -0.011200735451890141 0.9659184397723384 0.5492062259597087 0.8337001369272329 0.22374961060551002 
160 -1 0.9344915584325715 1.0019397034627762 1.1906701806372213 0.35346046350734356 0.6938228136309696 1.51554774891415 0.6842528535233814 
161 -1 0.07967266688421483 0.016833035899131717 0.07674103889609363 0.304463825406144 0.09125369833404902 0.9700696593246163 -0.02185211895068802 
162 1 -0.7751462246641418 -1.1395965303712337 -1.0958159524103566 -1.238930274781643 -1.2343983553191764 -1.211842699033518 -1.157760118148104 
163 -1 3.92635767885182 3.1863066619734663 2.5977385702049616 1.1619049921771367 0.9830559889734916 1.9246563161063002 1.1447560964412526 
164 -1 0.8276391969890269 0.959108978786096 0.8682170080279474 0.3779587825579434 1.031261518197245 1.1064391817219996 1.3903578259974507 
165 1 -0.3477367788899635 0.1453252099291723 0.018113189330771114 0.6964369302157407 0.1876647567815563 0.6973306145298496 -0.02185211895068802 
166 -1 2.2701460764768786 2.201199994409822 2.1287157736823814 1.0884100350253374 1.5374195750466586 0.9700696593246163 1.850861068915322 
167 1 0.4002297512148486 0.3594788333125733 0.3405663619400449 0.034982315849546274 0.09125369833404902 0.8337001369272329 -0.08325255133973754 
168 -1 0.9344915584325715 1.0447704281394565 1.5424372780291564 0.8189285254687396 2.4533246302979776 -0.39362556464921766 2.8946684195291636 
169 -1 0.293377389771304 0.4023095579892535 0.2233106628093999 0.18197223015314504 0.501000696735955 0.4245915697350827 0.6228524211343318 
170 1 -0.9354247668294587 -1.0967658056945533 -1.0958159524103566 -1.2634285938322427 -1.2102955907072996 -1.0754731766361347 -1.0656594695645296 
171 -1 1.575605727093839 1.3017547761995376 1.2492980302025438 0.5004503778109424 1.1276725766447524 0.9700696593246163 1.3903578259974507 
172 1 -0.9354247668294587 -1.0539350810178731 -1.037188102845034 -1.2144319557310432 -1.1620900614835459 -1.211842699033518 -1.1270599019535792 
173 -1 0.6139344741019378 0.5736324566959743 0.6630195345493187 0.7944302064181399 0.6215145197953391 0.4245915697350827 0.31585025918908427 
174 1 1.3619010042067499 1.4730776749062584 1.6596929771598012 0.5739453349627417 1.9230638088366878 -0.8027341318413679 2.0657625822769954 
175 1 -0.8285724053859141 -0.9682736316645127 -1.0958159524103566 -1.1654353176298435 -1.2102955907072996 -1.0754731766361347 -1.0963596857590545 
176 1 -0.9354247668294587 -0.7112892836044317 -0.8319906293664052 0.10847727300134566 -0.5113154169628716 0.9700696593246163 -0.789357523813807 
177 1 -0.9354247668294587 -1.0539350810178731 -1.0665020276276953 -1.238930274781643 -1.2343983553191764 -1.211842699033518 -1.0963596857590545 
178 -1 0.8810653777107992 0.7449553554026951 0.809589158462625 0.18197223015314504 0.4527951675122014 0.6973306145298496 0.6842528535233814 
179 1 -1.0422771282730032 -1.225257979724594 -1.0958159524103566 -1.2634285938322427 -1.2102955907072996 -1.211842699033518 -1.1884603343426288 
180 -1 2.2701460764768786 2.0727078203797813 1.9528322249864138 1.6518713731891326 2.188194219567333 1.1064391817219996 1.9429617174988965 
181 1 -0.8285724053859141 -1.0539350810178731 -1.0665020276276953 -1.2879269128828426 -1.2102955907072996 -1.211842699033518 -1.0963596857590545 
182 -1 0.8810653777107992 0.7877860800793752 0.8975309328106087 0.549447015912142 1.2963919289278902 1.1064391817219996 1.2061565288303022 
183 -1 0.02624648616244254 0.2738173839592129 0.39919421150536744 -0.23449919370705144 -0.2220822416203497 1.7882867937089166 -0.02185211895068802 
184 -1 0.8810653777107992 0.8306168047560555 0.809589158462625 0.6964369302157407 0.7661311074666001 1.51554774891415 0.9298545830795794 
185 -1 1.2550486427632053 1.216093326846177 1.278611954985205 0.9659184397723384 1.609727868882289 1.1064391817219996 1.6973599879426984 
186 -1 0.293377389771304 0.4023095579892535 0.4285081362880287 1.235399949328936 0.9830559889734916 -0.25725604225183424 0.9605547992741041 
187 1 -0.9354247668294587 -1.1824272550479138 -1.0958159524103566 -1.2879269128828426 -1.2585011199310532 -1.211842699033518 -1.1884603343426288 
188 -1 0.4002297512148486 0.4023095579892535 0.5750777602013349 0.20647054920374483 0.33228134445281726 1.1064391817219996 0.31585025918908427 
189 1 -1.1491294897165478 -1.1824272550479138 -1.2130716515410016 -1.2634285938322427 -1.2343983553191764 -1.3482122214309014 -1.1270599019535792 
190 1 -0.9354247668294587 -1.0539350810178731 -1.037188102845034 -1.2634285938322427 -1.2102955907072996 -1.211842699033518 -1.1270599019535792 
191 -1 -0.4545891403335081 -0.2829820368376297 -0.36296783284382517 1.1129083540759372 0.645617284407216 0.8337001369272329 0.16234917821646053 
192 1 -0.7751462246641418 -0.6684585589277514 -0.685421005453099 -0.9204521271238456 -0.7523430630816399 0.4245915697350827 -0.789357523813807 
193 -1 0.9879177391543438 1.216093326846177 1.2199841054198826 0.6964369302157407 0.9348504597497379 0.8337001369272329 1.1447560964412526 
194 -1 0.7207868355454823 0.530801732019294 0.48713598585335116 0.4514537397097428 0.5733089905715855 1.1064391817219996 0.5000515563562328 
195 -1 0.6673606548237101 0.6592939060493347 0.8682170080279474 0.4024571016085432 0.9589532243616147 0.9700696593246163 1.359657609802926 
196 -1 0.5070821126583932 0.530801732019294 0.7216473841146412 0.23096886825434462 0.42869240290032457 1.3791782265167665 0.8377539344960051 
197 -1 0.9879177391543438 0.959108978786096 1.044100556723915 0.20647054920374483 0.501000696735955 2.0610258385036837 0.7149530697179061 
198 -1 0.6139344741019378 0.7877860800793752 0.8682170080279474 0.18197223015314504 -0.005157360113458283 1.2428087041193832 0.10094874582741101 
199 1 -0.7217200439423695 -1.0539350810178731 -1.0665020276276953 -1.2144319557310432 -1.1861928260954226 -1.0754731766361347 -1.0963596857590545 
200 1 -0.9354247668294587 -1.0967658056945533 -1.154443801975679 -1.2879269128828426 -1.1861928260954226 -1.211842699033518 -1.2191605505371534 
201 -1 1.2016224620414329 1.4730776749062584 1.3665537293331889 1.1864033112277366 1.609727868882289 0.28822204733769935 1.8201608527207973 
202 1 -0.6682938632205973 -0.8826121823111523 -0.919932403714389 -1.1654353176298435 -1.1861928260954226 -1.211842699033518 -1.0963596857590545 
203 -1 1.041343919876116 1.173262602169497 1.0734144815065763 0.76993188736754 0.8866449305259843 0.6973306145298496 1.236856745024827 
204 1 -1.0422771282730032 -1.0539350810178731 -1.037188102845034 -1.2634285938322427 -1.1620900614835459 -1.211842699033518 -1.1270599019535792 
205 1 -0.8819985861076864 -0.4543049355443504 -0.5974792311051152 1.3333932255313352 0.13945922755780266 0.28822204733769935 -0.35955449709046033 
206 -1 -0.2943105981681912 0.1024944852524921 0.018113189330771114 0.9414201207217386 0.3563841090646941 0.28822204733769935 0.16234917821646053 
207 -1 0.2399512090495317 0.1453252099291723 0.07674103889609363 0.4024571016085432 0.42869240290032457 0.9700696593246163 0.34655047538360906 
208 -1 3.766079136686503 2.8864915892367047 2.3925410967263327 1.6273730541385327 1.0794670474209989 0.28822204733769935 0.9298545830795794 
209 1 -0.988850947551231 -1.1395965303712337 -1.154443801975679 -1.2879269128828426 -1.2343983553191764 -1.3482122214309014 -1.1270599019535792 
210 -1 1.6824580885373837 1.6444005736129792 1.8355765258557688 0.6964369302157407 1.0794670474209989 1.7882867937089166 1.5438589069700746 
211 -1 0.5605082933801655 0.6592939060493347 1.1320423310718988 0.9169218016711388 0.8143366366903537 0.6973306145298496 0.34655047538360906 
212 1 -0.988850947551231 -1.225257979724594 -1.1837577267583403 -1.2634285938322427 -1.2102955907072996 -1.211842699033518 -1.0963596857590545 
213 1 0.6139344741019378 0.5736324566959743 0.7216473841146412 0.23096886825434462 0.4768979321240782 0.6973306145298496 0.7456532859124309 
214 -1 0.3468035704930763 0.6592939060493347 0.6043916849839962 0.8189285254687396 0.6938228136309696 0.8337001369272329 0.7456532859124309 
215 1 -1.0422771282730032 -1.0539350810178731 -1.1251298771930178 -1.2144319557310432 -1.2102955907072996 -1.211842699033518 -1.1270599019535792 
216 1 -0.988850947551231 -0.9682736316645127 -1.037188102845034 -1.238930274781643 -1.2102955907072996 -1.0754731766361347 -1.0963596857590545 
217 1 -0.8285724053859141 -1.1395965303712337 -1.0665020276276953 -1.238930274781643 -1.2343983553191764 -1.211842699033518 -1.1270599019535792 
218 -1 1.3619010042067499 1.3017547761995376 2.070087924117059 0.9414201207217386 1.4892140458229048 0.9700696593246163 1.728060204137223 
219 -1 -0.13403205600287432 0.1024944852524921 0.3405663619400449 0.549447015912142 0.645617284407216 0.4245915697350827 0.6535526373288566 
220 1 -0.5080153210552804 -0.11165913813090887 -0.1577703593651964 1.0394133969241377 0.33228134445281726 0.5609610921324661 -0.05255233514521278 
221 -1 0.7742130162672546 0.7877860800793752 0.6630195345493187 0.35346046350734356 0.7420283428547233 1.7882867937089166 0.9912550154686289 
222 1 -0.8819985861076864 -1.0967658056945533 -1.0958159524103566 -1.2634285938322427 -1.2102955907072996 -1.211842699033518 -1.1270599019535792 
223 1 -0.9354247668294587 -1.0539350810178731 -1.154443801975679 -1.238930274781643 -1.2343983553191764 -1.211842699033518 -1.1270599019535792 
224 -1 5.10173365473081 4.2570747788904715 3.5650980880327827 1.382389863632535 0.9830559889734916 0.9700696593246163 1.2675569612193518 
225 -1 0.9344915584325715 1.0876011528161367 1.2199841054198826 0.7944302064181399 1.2963919289278902 0.8337001369272329 1.0526554478576784 
226 -1 1.6824580885373837 1.5159083995829385 1.5424372780291564 0.6719386111651409 0.645617284407216 1.3791782265167665 0.8070537183014804 
227 1 -0.9354247668294587 -0.8826121823111523 -0.919932403714389 -1.0674420414274444 -1.137987296871669 -0.9391036542387512 -1.1270599019535792 
228 1 -0.8819985861076864 -1.011104356341193 -1.0958159524103566 -1.238930274781643 -1.1861928260954226 -1.3482122214309014 -1.157760118148104 
229 1 -1.0957033089947756 -1.1395965303712337 -1.1251298771930178 -1.2634285938322427 -1.1861928260954226 -1.211842699033518 -1.1884603343426288 
230 -1 0.2399512090495317 0.2309866592825327 0.3405663619400449 1.5783764160373333 1.1758781058685062 0.9700696593246163 1.0219552316631537 
231 1 -0.8285724053859141 -1.0539350810178731 -1.0958159524103566 -1.2634285938322427 -1.1861928260954226 -1.211842699033518 -1.0656594695645296 
232 -1 0.4002297512148486 0.4451402826659337 0.48713598585335116 0.2799655063555442 0.6697200490190928 0.015483002542932549 0.8070537183014804 
233 1 -1.0422771282730032 -1.0539350810178731 -1.037188102845034 -1.238930274781643 -1.2102955907072996 -1.211842699033518 -1.157760118148104 
234 1 -0.8819985861076864 -0.8397814576344722 -1.037188102845034 -1.1654353176298435 -1.1861928260954226 -0.529995087046601 -1.0656594695645296 
235 1 -0.5614415017770527 -0.06882841345422867 -0.21639820893051892 1.2843965874301357 0.5492062259597087 0.28822204733769935 0.03954831343836149 
236 1 -0.8285724053859141 -0.8397814576344722 -0.9492463284970503 -1.0674420414274444 -1.1138845322597923 0.5609610921324661 -1.034959253370005 
237 1 -0.8819985861076864 -0.9254429069878326 -1.0665020276276953 -1.1899336366804434 -1.1861928260954226 -0.39362556464921766 -1.1270599019535792 
238 -1 0.9879177391543438 0.9162782541094159 0.9854727071585925 0.4514537397097428 0.8143366366903537 1.1064391817219996 1.0526554478576784 
239 1 -0.8285724053859141 -1.011104356341193 -1.0958159524103566 -1.238930274781643 -1.1861928260954226 -1.211842699033518 -1.1270599019535792 
240 1 -1.0422771282730032 -1.0539350810178731 -1.037188102845034 -1.2634285938322427 -1.2343983553191764 -1.3482122214309014 -1.157760118148104 
241 1 -0.8819985861076864 -1.011104356341193 -1.037188102845034 -1.238930274781643 -1.2102955907072996 -1.211842699033518 -1.034959253370005 
242 -1 0.6673606548237101 0.7021246307260148 0.5750777602013349 0.4024571016085432 0.6938228136309696 0.6973306145298496 0.9298545830795794 
243 1 -0.8819985861076864 -1.011104356341193 -1.0958159524103566 -1.1899336366804434 -1.2102955907072996 -0.9391036542387512 -1.1270599019535792 
244 1 -0.9354247668294587 -1.0967658056945533 -1.0958159524103566 -1.2634285938322427 -1.2102955907072996 -1.211842699033518 -1.157760118148104 
245 1 -0.9354247668294587 -0.9682736316645127 -1.0958159524103566 -1.2144319557310432 -1.1861928260954226 -1.211842699033518 -1.157760118148104 
246 1 -1.1491294897165478 -1.0967658056945533 -0.9492463284970503 -0.8959538080732459 -0.8005485923053935 -1.211842699033518 -0.9428586047864307 
247 1 -1.0422771282730032 -0.9254429069878326 -0.9785602532797115 -1.2144319557310432 -1.2102955907072996 -0.8027341318413679 -1.0963596857590545 
248 -1 1.8961628114244728 1.5587391242596187 1.5131233532464952 0.6964369302157407 1.1276725766447524 1.1064391817219996 1.2675569612193518 
249 -1 0.13309884760598711 0.6164631813726544 0.5750777602013349 1.1619049921771367 1.1035698120328756 0.5609610921324661 1.114055880246728 
250 -1 0.5605082933801655 0.5736324566959743 0.6337056097666575 0.01048399679894648 0.1876647567815563 1.3791782265167665 0.3772506915781338 
251 1 -0.9354247668294587 -1.1395965303712337 -1.0665020276276953 -1.2634285938322427 -1.2343983553191764 -1.211842699033518 -1.0656594695645296 
252 -1 0.8810653777107992 1.0447704281394565 1.1320423310718988 0.32896214445674377 0.5974117551834623 1.9246563161063002 0.8684541506905299 
253 -1 0.6673606548237101 0.7021246307260148 0.92684485759327 0.15747391110254524 0.910747695137861 1.2428087041193832 1.1447560964412526 
254 -1 0.13309884760598711 0.7449553554026951 0.8682170080279474 0.892423482620539 0.3563841090646941 -0.12088651985445086 0.2544498268000348 
255 1 -0.7751462246641418 -1.0967658056945533 -1.037188102845034 -1.2634285938322427 -1.1861928260954226 -1.3482122214309014 -1.157760118148104 
256 -1 0.3468035704930763 0.2738173839592129 0.07674103889609363 0.8679251635699392 0.3804868736765709 0.6973306145298496 0.2544498268000348 
257 -1 -0.5614415017770527 -0.06882841345422867 -0.12845643458253517 1.4313865017337344 0.7661311074666001 -0.12088651985445086 0.28515004299455954 
258 -1 0.3468035704930763 0.4879710073426139 0.39919421150536744 0.4514537397097428 0.2599730506171868 0.6973306145298496 0.31585025918908427 
259 1 -0.8819985861076864 -1.0539350810178731 -1.0958159524103566 -1.2634285938322427 -1.2343983553191764 -1.3482122214309014 -1.157760118148104 
260 1 0.4536559319366209 0.3166481086358931 0.2233106628093999 -0.21000087465645165 1.4169057519872743 0.28822204733769935 1.482458474581025 
261 1 0.5070821126583932 0.1453252099291723 0.04742711411343237 -0.5284790223142489 -0.6077264754103789 0.28822204733769935 -0.6972568752302326 
262 -1 1.2016224620414329 1.173262602169497 1.1320423310718988 0.5984436540133415 0.790233872078477 0.6973306145298496 0.8684541506905299 
263 1 -0.8819985861076864 -0.9682736316645127 -0.919932403714389 -1.1409369985792437 -1.0656790030360386 -0.9391036542387512 -1.0963596857590545 
264 1 -0.988850947551231 -1.0967658056945533 -1.1251298771930178 -1.2879269128828426 -1.2343983553191764 -1.211842699033518 -1.157760118148104 
265 -1 0.07967266688421483 0.4879710073426139 0.2819385123747224 1.5783764160373333 1.0071587535853683 0.8337001369272329 0.5307517725507576 
266 -1 0.02624648616244254 0.1024944852524921 0.10605496367875487 0.304463825406144 0.4527951675122014 0.5609610921324661 0.3772506915781338 
267 1 -1.0422771282730032 -1.0967658056945533 -1.037188102845034 -1.2879269128828426 -1.2585011199310532 -1.211842699033518 -1.0963596857590545 
268 1 -0.08060587528110204 0.2309866592825327 0.25262458759206113 1.2109016302783364 0.6697200490190928 0.5609610921324661 0.4386511239671833 
269 -1 0.7207868355454823 0.7021246307260148 1.3372398045505276 0.76993188736754 1.465111281211028 0.9700696593246163 1.6666597717481735 
270 1 -0.9354247668294587 -1.0967658056945533 -1.0665020276276953 -1.238930274781643 -1.2343983553191764 -1.211842699033518 -1.1270599019535792 
271 1 -0.988850947551231 -0.6256278342510713 -0.6561070806704378 1.0394133969241377 0.21176752139343313 0.6973306145298496 -0.3288542808959356 
272 1 -1.0422771282730032 -1.0967658056945533 -1.154443801975679 -1.2879269128828426 -1.2343983553191764 -1.211842699033518 -1.157760118148104 
273 1 -0.988850947551231 -1.1395965303712337 -1.0665020276276953 -1.2879269128828426 -1.2343983553191764 -1.211842699033518 -1.1884603343426288 
274 -1 0.6139344741019378 0.6164631813726544 0.7216473841146412 0.3779587825579434 0.09125369833404902 0.28822204733769935 0.008848097243836735 
275 -1 0.5070821126583932 0.7449553554026951 0.6337056097666575 0.7944302064181399 0.6938228136309696 1.7882867937089166 0.28515004299455954 
276 1 -0.3477367788899635 -0.15448986280758906 -0.1577703593651964 1.235399949328936 0.1876647567815563 0.15185252494031595 -0.20605341611783656 
277 1 -0.5080153210552804 -0.4971356602210306 -0.568165306322454 -0.8959538080732459 -1.0415762384241618 0.8337001369272329 -0.9735588209809555 
278 -1 0.2399512090495317 0.4023095579892535 0.7216473841146412 0.304463825406144 0.7661311074666001 0.28822204733769935 0.9912550154686289 
279 -1 0.293377389771304 0.4023095579892535 0.5457638354186737 0.5004503778109424 0.5251034613478318 0.8337001369272329 0.5307517725507576 
280 1 -0.9354247668294587 -1.1395965303712337 -1.0958159524103566 -1.2634285938322427 -1.2102955907072996 -1.211842699033518 -1.1270599019535792 
281 -1 0.7207868355454823 0.959108978786096 1.044100556723915 1.1129083540759372 0.3563841090646941 0.5609610921324661 0.19304939441098526 
282 1 -0.8819985861076864 -1.0967658056945533 -1.154443801975679 -1.238930274781643 -1.2102955907072996 -1.211842699033518 -1.157760118148104 
283 1 -0.18745823672464662 -0.06882841345422867 -0.06982858501721265 -0.5529773413648488 -0.1256711831728424 -1.211842699033518 0.19304939441098526 
284 -1 0.1865250283277594 0.7021246307260148 0.48713598585335116 0.892423482620539 0.9348504597497379 0.8337001369272329 0.3772506915781338 
285 -1 1.041343919876116 1.0019397034627762 0.8975309328106087 0.7454335683169403 1.1517753412566294 0.6973306145298496 1.2061565288303022 
286 1 -0.988850947551231 -1.0539350810178731 -1.154443801975679 -1.2634285938322427 -1.2343983553191764 -1.211842699033518 -1.1270599019535792 
287 -1 2.2167198957551064 2.115538545056461 1.9235183002037526 1.259898268379536 1.8025499857773035 0.8337001369272329 1.9429617174988965 
288 -1 0.6139344741019378 0.7877860800793752 0.8389030832452863 0.892423482620539 1.2722891643160135 0.6973306145298496 0.8684541506905299 
289 1 -0.8285724053859141 -1.0539350810178731 -1.154443801975679 -1.2634285938322427 -1.2343983553191764 -1.211842699033518 -1.1884603343426288 
290 -1 0.2399512090495317 0.2738173839592129 0.19399673802673864 1.5293797779361336 0.6938228136309696 0.9700696593246163 0.16234917821646053 
291 1 -0.6682938632205973 -0.8826121823111523 -0.9492463284970503 -1.1409369985792437 -1.1620900614835459 -1.0754731766361347 -1.1270599019535792 
292 1 -0.988850947551231 -1.0967658056945533 -1.0958159524103566 -1.2634285938322427 -1.2102955907072996 -1.3482122214309014 -1.1270599019535792 
293 1 -0.9354247668294587 -1.1824272550479138 -1.0958159524103566 -1.2634285938322427 -1.2343983553191764 -1.3482122214309014 -1.157760118148104 
294 -1 1.575605727093839 1.4302469502295783 0.6337056097666575 0.4024571016085432 1.2240836350922597 1.51554774891415 1.5438589069700746 
295 -1 0.02624648616244254 0.1881559346058525 0.2819385123747224 0.20647054920374483 0.5251034613478318 1.1064391817219996 0.6535526373288566 
296 -1 1.2016224620414329 0.8734475294327356 0.8682170080279474 0.304463825406144 0.7179255782428464 0.9700696593246163 0.8377539344960051 
297 -1 -0.02717969455932975 0.3594788333125733 0.2233106628093999 0.4514537397097428 0.8866449305259843 0.8337001369272329 0.7149530697179061 
298 -1 -0.3477367788899635 0.059663760575811915 -0.06982858501721265 0.9659184397723384 0.8866449305259843 0.6973306145298496 0.2544498268000348 
299 1 -0.8285724053859141 -1.225257979724594 -1.1251298771930178 -1.2634285938322427 -1.2343983553191764 -1.211842699033518 -1.157760118148104 
300 -1 0.6673606548237101 0.6164631813726544 0.7216473841146412 0.059480634900146066 0.2599730506171868 0.8337001369272329 0.4079509077726586 
301 -1 1.1481962813196607 1.216093326846177 1.3372398045505276 0.426955420659143 0.6697200490190928 0.8337001369272329 0.8377539344960051 
302 -1 0.8810653777107992 0.7877860800793752 0.8682170080279474 0.2554671873049444 0.4768979321240782 0.28822204733769935 0.6535526373288566 
303 -1 0.4002297512148486 0.4879710073426139 0.7802752336799638 0.5984436540133415 0.910747695137861 0.6973306145298496 0.8377539344960051 
304 -1 0.3468035704930763 0.530801732019294 0.3698802867227062 1.2109016302783364 1.2240836350922597 -0.12088651985445086 0.8991543668850547 
305 -1 0.3468035704930763 0.6164631813726544 0.5750777602013349 1.0394133969241377 0.9830559889734916 0.8337001369272329 0.5614519887452823 
306 1 -0.8819985861076864 -1.0967658056945533 -1.0958159524103566 -1.2634285938322427 -1.2343983553191764 -1.211842699033518 -1.0963596857590545 
307 1 -0.988850947551231 -1.1824272550479138 -1.0958159524103566 -1.2634285938322427 -1.2102955907072996 -1.211842699033518 -1.1270599019535792 
308 1 -0.8285724053859141 -1.0539350810178731 -1.0078741780623728 -1.238930274781643 -1.2102955907072996 -1.211842699033518 -1.0963596857590545 
309 -1 0.3468035704930763 0.530801732019294 0.5457638354186737 0.18197223015314504 0.30817857984094044 1.1064391817219996 0.5000515563562328 
310 -1 1.5221795463720666 1.5587391242596187 1.4251815788985114 0.76993188736754 1.1276725766447524 0.8337001369272329 1.2675569612193518 
311 1 -0.8819985861076864 -1.0967658056945533 -1.037188102845034 -1.238930274781643 -1.2102955907072996 -1.211842699033518 -1.1270599019535792 
312 1 -0.8819985861076864 -0.36864348619099 -0.36296783284382517 0.9904167588229382 0.6215145197953391 0.28822204733769935 0.10094874582741101 
313 1 -0.988850947551231 -1.1395965303712337 -1.0665020276276953 -1.238930274781643 -1.2343983553191764 -1.211842699033518 -1.1270599019535792 
314 1 -0.8285724053859141 -0.582797109574391 -0.7733627798010827 0.8189285254687396 -0.053362889337211936 -0.12088651985445086 -0.6051562266466584 
315 -1 0.2399512090495317 0.3166481086358931 0.31125243715738365 0.8189285254687396 0.6938228136309696 1.1064391817219996 0.5921522049398071 
316 -1 0.8810653777107992 0.9162782541094159 0.8682170080279474 0.3779587825579434 1.1517753412566294 0.6973306145298496 1.236856745024827 
317 1 -0.6682938632205973 -0.6684585589277514 -0.8613045541490665 -1.116438679528644 -1.1861928260954226 -1.0754731766361347 -1.0963596857590545 
318 -1 1.3084748234849775 1.3017547761995376 1.3958676541158501 0.9169218016711388 0.9830559889734916 0.8337001369272329 1.1754563126357775 
319 1 0.13309884760598711 0.3166481086358931 0.25262458759206113 0.6229419730639413 0.3804868736765709 0.6973306145298496 0.10094874582741101 
320 -1 -0.08060587528110204 0.016833035899131717 0.04742711411343237 0.9659184397723384 0.6697200490190928 0.5609610921324661 0.22374961060551002 
321 -1 0.7742130162672546 0.7021246307260148 0.7216473841146412 0.13297559205194545 0.40458963828844774 1.51554774891415 0.6842528535233814 
322 -1 1.5221795463720666 1.387416225552898 1.3958676541158501 0.549447015912142 0.9348504597497379 1.2428087041193832 0.8684541506905299 
323 -1 1.415327184928522 1.0876011528161367 1.1027284062892375 0.13297559205194545 0.6938228136309696 1.1064391817219996 1.0219552316631537 
324 1 -1.0422771282730032 -1.011104356341193 -0.9785602532797115 -1.2144319557310432 -1.2102955907072996 -1.211842699033518 -1.157760118148104 
325 1 -0.7751462246641418 -0.4971356602210306 -0.6267931558877765 1.2843965874301357 0.23587028600530996 -0.25725604225183424 -0.35955449709046033 
326 1 -0.9354247668294587 -1.1395965303712337 -1.0665020276276953 -1.2634285938322427 -1.2585011199310532 -1.3482122214309014 -1.2191605505371534 
327 -1 0.6673606548237101 0.7877860800793752 1.1027284062892375 0.8434268445193395 1.3928029873753975 0.9700696593246163 1.7587604203317477 
328 1 -0.7217200439423695 -0.582797109574391 -0.685421005453099 -1.0674420414274444 -1.0897817676479153 -0.8027341318413679 -1.034959253370005 
329 -1 1.0947701005978885 1.0876011528161367 0.9854727071585925 0.76993188736754 0.8866449305259843 0.8337001369272329 0.8070537183014804 
330 -1 0.7742130162672546 0.8306168047560555 0.7509613088973025 0.8189285254687396 0.5492062259597087 0.8337001369272329 0.4693513401617081 
331 -1 -0.5080153210552804 -0.19732058748426926 -0.27502605849584144 1.4558848207843342 0.5733089905715855 0.4245915697350827 0.008848097243836735 
332 -1 1.6290319078156112 1.387416225552898 1.5131233532464952 0.5739453349627417 1.2240836350922597 1.1064391817219996 1.482458474581025 
333 1 -0.988850947551231 -1.011104356341193 -1.0665020276276953 -1.2634285938322427 -1.2343983553191764 -1.3482122214309014 -1.157760118148104 
334 -1 0.5605082933801655 0.530801732019294 0.4285081362880287 0.4759520587603426 0.6697200490190928 0.9700696593246163 0.5614519887452823 
335 1 -0.9354247668294587 -1.0539350810178731 -1.0665020276276953 -1.238930274781643 -1.2102955907072996 -1.211842699033518 -1.157760118148104 
336 1 -0.988850947551231 -0.7969507329577921 -0.8613045541490665 0.13297559205194545 -0.46310988773911793 -0.12088651985445086 -0.6972568752302326 
337 1 -1.0422771282730032 -1.0539350810178731 -1.1251298771930178 -1.238930274781643 -1.2102955907072996 -1.211842699033518 -1.1270599019535792 
338 1 -1.0422771282730032 -1.0967658056945533 -1.037188102845034 -1.2144319557310432 -1.1861928260954226 -1.484581743828285 -1.157760118148104 
339 -1 0.4002297512148486 0.4023095579892535 0.48713598585335116 0.6719386111651409 0.790233872078477 0.8337001369272329 0.3772506915781338 
340 -1 0.2399512090495317 0.1881559346058525 0.7509613088973025 0.18197223015314504 0.01894540449841854 1.51554774891415 0.008848097243836735 
341 1 -0.5080153210552804 -0.36864348619099 -0.36296783284382517 0.5004503778109424 0.09125369833404902 0.15185252494031595 -0.1753531999233118 
342 1 -0.8285724053859141 -0.4114742108676702 -0.6561070806704378 1.235399949328936 0.3563841090646941 0.8337001369272329 -0.4516551456740346 
343 -1 1.2016224620414329 1.4730776749062584 1.3079258797678663 1.357891544581935 1.2963919289278902 0.5609610921324661 1.2675569612193518 
344 -1 0.7207868355454823 0.7449553554026951 0.48713598585335116 0.4759520587603426 0.4768979321240782 0.28822204733769935 0.31585025918908427 
345 -1 0.4002297512148486 0.6164631813726544 0.8682170080279474 0.2554671873049444 0.790233872078477 0.5609610921324661 1.0219552316631537 
346 1 -0.8285724053859141 -1.1824272550479138 -1.0958159524103566 -1.238930274781643 -1.2343983553191764 -1.0754731766361347 -1.1270599019535792 
347 1 -0.24088441744641892 -0.02599768877754848 -0.1577703593651964 1.5538780969867334 0.8143366366903537 0.6973306145298496 0.19304939441098526 
348 -1 0.07967266688421483 0.2309866592825327 0.3405663619400449 -0.16100423655525206 -0.02926012472533511 0.8337001369272329 -0.20605341611783656 
349 -1 0.5605082933801655 0.7021246307260148 0.69233345933198 0.4024571016085432 0.5974117551834623 0.9700696593246163 0.7763535021069556 
350 -1 0.07967266688421483 0.1453252099291723 0.07674103889609363 1.3333932255313352 0.2840758152290636 0.4245915697350827 -0.2674538485068861 
351 -1 0.9344915584325715 0.8734475294327356 0.8975309328106087 1.480383139834934 2.2122969841792095 0.28822204733769935 2.5876662575839164 
352 1 -1.0422771282730032 -1.1824272550479138 -1.037188102845034 -1.2634285938322427 -1.2343983553191764 -1.211842699033518 -1.1270599019535792 
353 -1 0.6139344741019378 0.6164631813726544 0.8975309328106087 0.7944302064181399 1.199980870480383 0.4245915697350827 1.5131586907755499 
354 -1 1.3619010042067499 1.0447704281394565 0.9854727071585925 0.18197223015314504 0.501000696735955 0.8337001369272329 0.5921522049398071 
355 1 -0.988850947551231 -1.0967658056945533 -1.0958159524103566 -1.2634285938322427 -1.2343983553191764 -1.211842699033518 -1.1270599019535792 
356 -1 0.5070821126583932 0.4451402826659337 0.48713598585335116 0.15747391110254524 0.1876647567815563 0.9700696593246163 0.16234917821646053 
357 1 -0.18745823672464662 -0.02599768877754848 0.04742711411343237 0.4759520587603426 0.8143366366903537 0.015483002542932549 0.8070537183014804 
358 1 -0.988850947551231 -1.0539350810178731 -1.154443801975679 -1.2634285938322427 -1.2343983553191764 -1.211842699033518 -1.1884603343426288 
359 1 -0.8819985861076864 -1.0539350810178731 -1.154443801975679 -1.238930274781643 -1.1861928260954226 -1.211842699033518 -1.157760118148104 
360 1 -0.8285724053859141 -0.6256278342510713 -0.7147349302357603 0.6474402921145411 0.11535646294592584 -0.39362556464921766 -0.4823553618685594 
361 -1 1.3619010042067499 1.0447704281394565 0.9561587823759312 0.304463825406144 0.9589532243616147 1.1064391817219996 1.2061565288303022 
362 -1 0.9344915584325715 1.216093326846177 1.86489045063843 1.2843965874301357 0.645617284407216 0.28822204733769935 1.4210580421919754 
363 -1 1.6824580885373837 1.3445855008762178 1.8942043754210913 0.8189285254687396 1.3928029873753975 1.9246563161063002 1.3289573936084011 
364 1 0.4536559319366209 0.5736324566959743 0.3405663619400449 0.8679251635699392 0.01894540449841854 0.015483002542932549 0.008848097243836735 
365 -1 1.6290319078156112 1.5587391242596187 1.4544955036811726 0.7454335683169403 0.9348504597497379 0.6973306145298496 1.1754563126357775 
366 1 -0.8819985861076864 -1.1395965303712337 -1.0958159524103566 -1.2879269128828426 -1.2343983553191764 -1.3482122214309014 -1.1270599019535792 
367 1 -0.8819985861076864 -1.0967658056945533 -1.037188102845034 -1.2634285938322427 -1.2343983553191764 -1.211842699033518 -1.1270599019535792 
368 -1 0.7742130162672546 0.8306168047560555 0.7802752336799638 0.10847727300134566 0.5251034613478318 -1.211842699033518 0.6228524211343318 
369 1 -0.8819985861076864 -1.1395965303712337 -1.1251298771930178 -1.3124252319334424 -1.2585011199310532 -1.211842699033518 -1.157760118148104 
370 -1 0.293377389771304 0.530801732019294 0.4578220610706899 0.304463825406144 0.16356199216967948 0.6973306145298496 0.3772506915781338 
371 1 -0.988850947551231 -1.0967658056945533 -1.037188102845034 -1.2634285938322427 -1.2102955907072996 -1.211842699033518 -1.1884603343426288 
372 -1 0.6139344741019378 0.5736324566959743 0.6043916849839962 0.8679251635699392 0.5492062259597087 0.8337001369272329 0.8070537183014804 
373 1 -0.9354247668294587 -1.1395965303712337 -1.0665020276276953 -1.2634285938322427 -1.2343983553191764 -1.211842699033518 -1.157760118148104 
374 -1 -0.3477367788899635 -0.15448986280758906 0.04742711411343237 1.1374066731265369 0.645617284407216 -0.12088651985445086 0.28515004299455954 
375 1 -0.9354247668294587 -0.6256278342510713 -0.7440488550184216 1.357891544581935 0.3804868736765709 -0.39362556464921766 -0.39025471328498507 
376 1 -0.9354247668294587 -1.225257979724594 -1.1251298771930178 -1.2634285938322427 -1.2343983553191764 -1.211842699033518 -1.0963596857590545 
377 1 -0.8819985861076864 -1.0967658056945533 -1.037188102845034 -1.238930274781643 -1.2102955907072996 -1.211842699033518 -1.1884603343426288 
378 -1 0.8810653777107992 0.8306168047560555 0.7802752336799638 0.426955420659143 1.1035698120328756 0.8337001369272329 1.3289573936084011 
379 1 -0.9354247668294587 -1.0539350810178731 -1.0958159524103566 -1.238930274781643 -1.1861928260954226 -1.3482122214309014 -1.0963596857590545 
380 1 -0.4545891403335081 -0.24015131216094945 -0.24571213371318018 1.4068881826831348 0.790233872078477 -0.12088651985445086 0.16234917821646053 
381 -1 0.02624648616244254 0.3166481086358931 0.13536888846141612 1.2843965874301357 0.7179255782428464 0.6973306145298496 0.34655047538360906 
382 1 -0.8819985861076864 -1.1824272550479138 -1.0958159524103566 -1.2634285938322427 -1.2585011199310532 -1.211842699033518 -1.1270599019535792 
383 1 -0.8819985861076864 -1.225257979724594 -1.0958159524103566 -1.2879269128828426 -1.2343983553191764 -1.211842699033518 -1.1270599019535792 
384 -1 0.5605082933801655 0.6164631813726544 0.4285081362880287 0.549447015912142 0.16356199216967948 0.6973306145298496 0.03954831343836149 
385 1 -0.8819985861076864 -1.0967658056945533 -1.0665020276276953 -1.2634285938322427 -1.2343983553191764 -1.211842699033518 -1.0656594695645296 
386 -1 0.7742130162672546 0.7021246307260148 0.8682170080279474 0.6964369302157407 1.0071587535853683 0.5609610921324661 1.1754563126357775 
387 -1 0.6673606548237101 0.8306168047560555 0.92684485759327 0.2554671873049444 0.6938228136309696 -0.8027341318413679 0.9298545830795794 
388 -1 0.13309884760598711 0.2738173839592129 0.4285081362880287 0.059480634900146066 0.7179255782428464 0.6973306145298496 1.0526554478576784 
389 -1 0.1865250283277594 0.1453252099291723 0.10605496367875487 0.2799655063555442 0.11535646294592584 0.5609610921324661 0.03954831343836149 
390 -1 1.949588992146245 2.1583692697331416 2.509796795856978 1.3333932255313352 2.6461467471929923 0.15185252494031595 2.9560688519182134 
391 1 -1.0422771282730032 -1.225257979724594 -1.154443801975679 -1.238930274781643 -1.2343983553191764 -1.211842699033518 -1.1884603343426288 
392 -1 1.5221795463720666 1.3017547761995376 1.16135625585456 0.549447015912142 0.7661311074666001 0.6973306145298496 0.9298545830795794 
393 1 -0.9354247668294587 -1.1395965303712337 -1.1251298771930178 -1.2879269128828426 -1.2343983553191764 -1.211842699033518 -1.157760118148104 
394 1 -0.988850947551231 -1.1395965303712337 -1.0665020276276953 -1.2144319557310432 -1.2343983553191764 -1.211842699033518 -1.157760118148104 
395 1 -0.988850947551231 -0.9254429069878326 -1.0665020276276953 -1.1654353176298435 -1.2102955907072996 -0.9391036542387512 -1.0963596857590545 
396 -1 1.4687533656502945 1.5587391242596187 1.2199841054198826 1.2843965874301357 1.5374195750466586 0.6973306145298496 1.5745591231645992 
397 -1 0.13309884760598711 0.1881559346058525 0.31125243715738365 1.1129083540759372 1.1758781058685062 0.8337001369272329 0.7456532859124309 
398 -1 0.6139344741019378 0.7021246307260148 0.5750777602013349 0.8189285254687396 0.30817857984094044 1.2428087041193832 0.31585025918908427 
399 -1 0.8810653777107992 0.2738173839592129 0.6043916849839962 0.5984436540133415 0.5251034613478318 0.6973306145298496 0.7149530697179061 
400 1 -0.5080153210552804 -0.2829820368376297 -0.4215956824091477 1.4558848207843342 0.5733089905715855 -0.529995087046601 -0.14465298372878704 
401 -1 0.4536559319366209 0.7877860800793752 1.0147866319412537 0.6719386111651409 0.7420283428547233 0.5609610921324661 0.8070537183014804 
402 1 -0.8819985861076864 -0.9682736316645127 -0.919932403714389 -1.2144319557310432 -1.1861928260954226 -1.211842699033518 -1.0963596857590545 
403 1 -0.9354247668294587 -1.1395965303712337 -1.0665020276276953 -1.2634285938322427 -1.2343983553191764 -1.3482122214309014 -1.1270599019535792 
404 -1 1.0947701005978885 1.173262602169497 1.1027284062892375 1.014915077873538 0.910747695137861 0.28822204733769935 0.8684541506905299 
405 -1 -0.4011629596117358 -0.11165913813090887 -0.3043399832785027 0.9659184397723384 0.4527951675122014 0.28822204733769935 -0.08325255133973754 
406 -1 0.293377389771304 0.4451402826659337 0.5457638354186737 0.2799655063555442 0.5733089905715855 0.9700696593246163 0.6535526373288566 
407 -1 -0.02717969455932975 0.4451402826659337 0.4578220610706899 0.9414201207217386 1.4169057519872743 1.2428087041193832 1.0526554478576784 
408 -1 2.5372769800857404 2.415353617793223 2.304599322378349 1.1619049921771367 1.5615223396585354 1.3791782265167665 1.7587604203317477 
409 1 -0.8285724053859141 -1.011104356341193 -1.037188102845034 -1.2144319557310432 -1.2102955907072996 -1.3482122214309014 -1.1270599019535792 
410 -1 0.4536559319366209 0.4879710073426139 0.5164499106360124 0.4759520587603426 0.6215145197953391 0.8337001369272329 0.6842528535233814 
411 -1 0.4002297512148486 0.9162782541094159 1.2199841054198826 0.8434268445193395 0.9348504597497379 1.3791782265167665 1.0526554478576784 
412 1 -0.988850947551231 -1.0967658056945533 -1.2130716515410016 -1.2634285938322427 -1.2343983553191764 -1.211842699033518 -1.0656594695645296 
413 1 0.1865250283277594 0.5736324566959743 0.2819385123747224 0.8189285254687396 0.09125369833404902 0.5609610921324661 0.28515004299455954 
414 1 -0.9354247668294587 -1.0967658056945533 -1.1251298771930178 -1.2144319557310432 -1.2343983553191764 -1.211842699033518 -1.0963596857590545 
415 1 -1.0422771282730032 -1.1395965303712337 -1.154443801975679 -1.2634285938322427 -1.2102955907072996 -1.211842699033518 -1.0963596857590545 
416 -1 1.6824580885373837 1.4302469502295783 1.3372398045505276 0.9414201207217386 0.8384394013022306 1.2428087041193832 0.8377539344960051 
417 -1 0.7742130162672546 0.8306168047560555 0.8975309328106087 1.235399949328936 0.5492062259597087 0.9700696593246163 1.2675569612193518 
418 1 -0.9354247668294587 -1.1395965303712337 -1.0958159524103566 -1.2879269128828426 -1.2343983553191764 -1.211842699033518 -1.0963596857590545 
419 -1 0.7207868355454823 0.8306168047560555 0.9854727071585925 0.76993188736754 0.8625421659141074 0.6973306145298496 0.9605547992741041 
420 1 -1.0957033089947756 -1.1824272550479138 -1.154443801975679 -1.2879269128828426 -1.2343983553191764 -1.211842699033518 -1.1270599019535792 
421 -1 0.8276391969890269 0.7877860800793752 1.0734144815065763 0.4024571016085432 0.8866449305259843 1.3791782265167665 0.9912550154686289 
422 -1 0.6139344741019378 0.7449553554026951 0.9561587823759312 0.6474402921145411 0.7661311074666001 0.4245915697350827 0.5921522049398071 
423 -1 0.5070821126583932 0.530801732019294 0.8389030832452863 0.4024571016085432 0.790233872078477 -0.12088651985445086 1.0219552316631537 
424 -1 4.834602751121949 4.08575188018375 3.213330990640848 1.382389863632535 1.2722891643160135 1.3791782265167665 1.6052593393591241 
425 1 -0.3477367788899635 -0.3258127615143099 -0.24571213371318018 -0.5284790223142489 -0.5354181815747484 0.4245915697350827 -0.39025471328498507 
426 -1 1.1481962813196607 0.8734475294327356 0.9561587823759312 0.2799655063555442 1.2240836350922597 1.1064391817219996 1.0219552316631537 
427 1 -0.7751462246641418 -0.36864348619099 -0.5095374567571315 1.235399949328936 0.3563841090646941 -0.12088651985445086 -0.23675363231236132 
428 -1 -0.02717969455932975 0.1024944852524921 0.04742711411343237 0.549447015912142 0.5733089905715855 0.9700696593246163 0.4693513401617081 
429 1 -0.9354247668294587 -1.1395965303712337 -1.1251298771930178 -1.2634285938322427 -1.2585011199310532 -1.0754731766361347 -1.1270599019535792 
430 1 -0.8819985861076864 -0.8397814576344722 -0.7147349302357603 -0.35699078896005043 0.23587028600530996 -0.12088651985445086 -1.034959253370005 
431 1 -0.988850947551231 -1.0967658056945533 -1.1251298771930178 -1.2634285938322427 -1.2343983553191764 -1.0754731766361347 -1.1270599019535792 
432 1 -0.988850947551231 -1.0539350810178731 -1.0958159524103566 -1.238930274781643 -1.2102955907072996 -1.211842699033518 -1.0656594695645296 
433 1 -0.8819985861076864 -0.8826121823111523 -1.0958159524103566 -1.1899336366804434 -1.1620900614835459 -1.0754731766361347 -1.0963596857590545 
434 -1 0.2399512090495317 0.3594788333125733 0.5164499106360124 0.08397895395074587 0.3804868736765709 0.8337001369272329 0.5614519887452823 
435 1 -0.8285724053859141 -0.9254429069878326 -1.0958159524103566 -1.238930274781643 -1.1861928260954226 -1.0754731766361347 -1.1884603343426288 
436 1 -1.0422771282730032 -1.1395965303712337 -1.0958159524103566 -1.2634285938322427 -1.2343983553191764 -1.3482122214309014 -1.1270599019535792 
437 -1 0.02624648616244254 0.1024944852524921 0.04742711411343237 0.7944302064181399 0.4768979321240782 0.6973306145298496 0.28515004299455954 
438 1 -0.2943105981681912 0.2309866592825327 0.13536888846141612 1.1374066731265369 0.9589532243616147 0.4245915697350827 0.7456532859124309 
439 -1 0.1865250283277594 0.3166481086358931 0.5457638354186737 0.6719386111651409 -0.14977394778471922 0.4245915697350827 -0.35955449709046033 
440 1 -1.1491294897165478 -1.0539350810178731 -1.0665020276276953 -1.2634285938322427 -1.2343983553191764 -1.211842699033518 -1.1270599019535792 
441 1 -0.988850947551231 -1.0539350810178731 -1.154443801975679 -1.2879269128828426 -1.2343983553191764 -1.3482122214309014 -1.157760118148104 
442 1 -0.988850947551231 -0.7541200082811118 -0.8319906293664052 0.7209352492663404 -0.17387671239659605 0.15185252494031595 -0.5744560104521337 
443 -1 1.4687533656502945 1.5159083995829385 1.7183208267251238 0.7209352492663404 1.344597458151644 0.8337001369272329 1.6052593393591241 
444 -1 3.071538787303463 2.629507241176624 2.09940184889972 1.6763696922397324 1.3928029873753975 0.5609610921324661 1.236856745024827 
445 -1 0.02624648616244254 0.1453252099291723 0.04742711411343237 1.2109016302783364 0.5733089905715855 0.5609610921324661 0.10094874582741101 
446 -1 0.6673606548237101 0.530801732019294 0.48713598585335116 -0.0630109603528529 0.2840758152290636 0.015483002542932549 0.3772506915781338 
447 -1 1.6824580885373837 1.4302469502295783 1.3372398045505276 0.8189285254687396 0.6938228136309696 0.6973306145298496 0.6842528535233814 
448 1 -0.9354247668294587 -1.1395965303712337 -1.0958159524103566 -1.2634285938322427 -1.2343983553191764 -1.211842699033518 -1.1270599019535792 
449 1 -0.988850947551231 -1.1824272550479138 -1.1837577267583403 -1.2879269128828426 -1.2585011199310532 -1.211842699033518 -1.2191605505371534 
450 -1 0.9879177391543438 0.959108978786096 1.044100556723915 1.014915077873538 1.320494693539767 0.5609610921324661 1.236856745024827 
451 -1 0.1865250283277594 0.4451402826659337 0.4578220610706899 0.7209352492663404 1.1276725766447524 0.8337001369272329 0.7763535021069556 
452 -1 0.293377389771304 0.4879710073426139 0.39919421150536744 0.8679251635699392 0.2599730506171868 0.5609610921324661 0.07024852963288625 
453 1 -0.9354247668294587 -1.1395965303712337 -1.0958159524103566 -1.2879269128828426 -1.1861928260954226 -1.3482122214309014 -1.1270599019535792 
454 1 -0.988850947551231 -1.1395965303712337 -1.0958159524103566 -1.2879269128828426 -1.2343983553191764 -1.211842699033518 -1.1270599019535792 
455 -1 0.13309884760598711 0.3594788333125733 0.2233106628093999 0.4024571016085432 0.5492062259597087 0.9700696593246163 0.6535526373288566 
456 -1 1.3619010042067499 1.387416225552898 1.2199841054198826 1.4313865017337344 1.7302416919416732 0.9700696593246163 1.7894606365262726 
457 -1 0.7742130162672546 0.8306168047560555 0.809589158462625 0.8434268445193395 0.5492062259597087 0.9700696593246163 1.0219552316631537 
