id label data 
0 -1 0.5893640317339983 0.6429072678235913 0.9261421500714176 0.7497880145548182 1.1796407057278797 1.4401694278333388 1.1773171254378694 
1 1 -0.9153153118767517 -0.8602729397627807 -0.896488142632718 -1.033679008682646 -1.1047712181736713 -0.9140525257905058 -1.099263693603625 
2 1 -0.7540996679184572 -0.9032209456938199 -1.043474456560471 -1.180265339359698 -1.1288176594778982 -0.7755688814596914 -1.0377344822781793 
3 1 -0.8078382159045554 -1.117960975349016 -1.1316662449171226 -1.229127449585382 -1.176910542086352 -1.1910198144521345 -1.099263693603625 
4 -1 1.9328277313864537 1.7166074160995715 1.5728819313535303 1.2139780616988158 1.7086624144208709 0.8862348505100813 1.854138450017773 
5 -1 0.5893640317339983 0.4281672381683953 0.4557859455026084 0.48104640831355655 0.8670369687729307 0.8862348505100813 0.9312002801360862 
6 -1 1.5029193474976679 1.2871273567891794 1.190717515141373 0.8475122350061862 0.9151298513813845 1.16320213917171 0.992729491461532 
7 1 -0.9153153118767517 -1.0750129694179769 -1.102268982131572 -1.229127449585382 -1.152864100782125 -1.3295034587829488 -1.0684990879409022 
8 -1 -0.43166838000186786 -0.001312821141996725 -0.04396752185175136 1.067391731021764 0.7948976448602502 0.6092675618484525 0.6235542235088573 
9 -1 0.3206712918035072 0.5570112559615129 0.6615667850014625 0.2855979674108207 0.6265725557306622 1.3016857835025244 0.8389064631479175 
10 1 -0.5391454759740643 -0.17310484486615355 -0.3673374124928077 0.7253569594419763 0.07350440573344454 -0.637085237128877 -0.4532069746864442 
11 -1 1.0730109636088823 1.1153353330650226 0.9261421500714176 1.1406848963602898 1.323919353553241 1.0247184948408956 1.5464923933905441 
12 1 -0.9153153118767517 -1.117960975349016 -1.1610635077026732 -1.20469639447254 -1.176910542086352 -1.1910198144521345 -1.0684990879409022 
13 -1 0.15945564784521254 0.3422712263063169 0.6615667850014625 0.8719432901190282 1.155594264423653 0.33230027318682376 1.577256999053267 
14 1 -0.37792983201576963 0.08458319072008168 0.22060784321820381 1.2139780616988158 1.1075013818151993 0.055332984525194966 0.685083434834303 
15 1 -0.7003611199323589 -0.473740886383428 -0.5731182519916617 0.8230811798933442 -0.23909933122150456 -0.637085237128877 0.008262110254399272 
16 1 -1.0227924078489483 -1.2038569872110945 -1.043474456560471 -1.229127449585382 -1.2009569833905787 -1.1910198144521345 -1.130028299266348 
17 -1 0.9117953196505876 0.8576472974787873 0.8967448872858671 0.33446007763650465 0.6265725557306622 0.8862348505100813 0.8389064631479175 
18 1 -0.8078382159045554 -1.0750129694179769 -1.1316662449171226 -1.229127449585382 -1.176910542086352 -1.1910198144521345 -1.1607929049290708 
19 1 -0.43166838000186786 -0.17310484486615355 -0.3379401497072571 1.6537370537299714 0.1937366122545788 0.33230027318682376 -0.23785473504738391 
20 1 -0.8615767638906536 -0.8602729397627807 -0.896488142632718 -1.033679008682646 -0.984539011652537 0.8862348505100813 -0.9454406652900106 
21 1 -0.8078382159045554 -0.7743769279007023 -0.9552826682038192 -1.1558342842468559 -1.0566783355652176 0.33230027318682376 -1.0377344822781793 
22 1 -0.9153153118767517 -1.1609089812800553 -1.043474456560471 -1.229127449585382 -1.176910542086352 -1.3295034587829488 -1.130028299266348 
23 1 -0.9153153118767517 -1.0320649634869377 -1.1316662449171226 -1.229127449585382 -1.176910542086352 -1.1910198144521345 -1.099263693603625 
24 1 -1.0765309558350464 -1.117960975349016 -1.043474456560471 -1.180265339359698 -1.176910542086352 -1.1910198144521345 -1.0684990879409022 
25 1 -0.8078382159045554 -1.0750129694179769 -1.102268982131572 -1.1558342842468559 -1.176910542086352 -1.1910198144521345 -1.099263693603625 
26 -1 0.7505796756922929 0.6429072678235913 0.8379503617147659 0.5054774634263985 0.7708512035560233 0.8862348505100813 0.8389064631479175 
27 1 -0.96905385986285 -1.117960975349016 -1.0728717193460215 -1.229127449585382 -1.176910542086352 -1.1910198144521345 -1.130028299266348 
28 -1 0.5893640317339983 0.9005953034098265 0.8967448872858671 1.091822786134606 0.6265725557306622 0.6092675618484525 0.8081418574851946 
29 -1 0.42814838777570363 0.4711152440994345 0.8085530989292153 0.8719432901190282 0.650618997034889 0.7477512061792669 0.7158480404970259 
30 -1 0.42814838777570363 0.5570112559615129 0.5439777338592602 0.40775324297503057 0.7227583209475696 1.0247184948408956 0.9312002801360862 
31 1 -0.8078382159045554 -0.9461689516248591 -0.8670908798471675 -1.106972174021172 -1.152864100782125 -1.05253617012132 -1.0377344822781793 
32 1 -0.96905385986285 -0.9891169575558983 -1.102268982131572 -1.180265339359698 -1.152864100782125 -0.9140525257905058 -1.0684990879409022 
33 1 -1.0765309558350464 -1.0750129694179769 -1.1316662449171226 -1.2779895598110658 -1.2250034246948056 -1.3295034587829488 -1.1607929049290708 
34 -1 0.10571709985911432 0.4281672381683953 0.27940236878930497 0.6520637941034504 0.2418294948630325 1.16320213917171 0.19284974423073667 
35 1 -0.8078382159045554 -0.6025849041765455 -0.6613100403483134 1.091822786134606 0.07350440573344454 -0.2216343041364338 -0.5762653973373358 
36 -1 1.5566578954837662 1.5877633983064539 1.661073719710182 0.7497880145548182 1.6124766492039633 1.7171367164949676 1.7310800273668816 
37 1 -0.6466225719462607 -0.8602729397627807 -0.8670908798471675 -1.009247953569804 -1.0326318942609907 0.055332984525194966 -1.0069698766154564 
38 -1 0.9117953196505876 0.7288032796856697 0.8085530989292153 0.23673585718513676 0.6025261144264353 1.3016857835025244 1.300375548088761 
39 -1 1.8253506354142572 1.845451433892689 1.8080600336379349 1.4338575577143937 1.3960586774659216 0.7477512061792669 1.1773171254378694 
40 -1 0.8043182236783911 1.0294393212029442 1.0143339384280694 1.2872712270373419 1.2036871470321067 0.7477512061792669 1.2388463367633151 
41 -1 0.42814838777570363 0.4711152440994345 0.5733749966448107 0.8963743452318701 0.8670369687729307 -0.2216343041364338 0.9312002801360862 
42 1 -0.96905385986285 -0.6455329101075847 -0.690707303133864 0.40775324297503057 -0.14291356600459715 -0.9140525257905058 -0.4532069746864442 
43 -1 0.3206712918035072 0.5140632500304737 0.485183208288159 0.7497880145548182 1.1796407057278797 0.8862348505100813 1.0850233084497007 
44 -1 0.9117953196505876 0.8146992915477481 0.8967448872858671 0.9208054003447121 0.8670369687729307 0.8862348505100813 0.8389064631479175 
45 -1 0.7505796756922929 0.8576472974787873 0.7203613105725636 1.0185296207960801 0.9632227339898382 0.055332984525194966 0.685083434834303 
46 1 -0.7540996679184572 -0.6455329101075847 -0.8670908798471675 -1.08254111890833 -1.0807247768694443 -0.9140525257905058 -0.9454406652900106 
47 -1 0.8043182236783911 1.0294393212029442 1.0731284639991705 0.38332218786218863 0.5544332318179817 -0.08315065980561943 0.685083434834303 
48 -1 -0.27045273604357317 -0.17310484486615355 -0.19095383577950423 1.165115951473132 0.5544332318179817 0.6092675618484525 0.19284974423073667 
49 1 0.9117953196505876 1.0723873271339834 1.102525726784721 1.165115951473132 1.4201051187701483 0.055332984525194966 1.4849631820650984 
50 -1 0.48188693576180186 0.7288032796856697 0.7203613105725636 0.8963743452318701 1.299872912249014 0.8862348505100813 0.992729491461532 
51 1 -0.8615767638906536 -0.9891169575558983 -1.0728717193460215 -1.20469639447254 -1.2009569833905787 -1.1910198144521345 -1.0684990879409022 
52 -1 0.8043182236783911 0.8576472974787873 0.9261421500714176 0.48104640831355655 0.9391762926856113 0.8862348505100813 1.2080817311005922 
53 -1 0.8043182236783911 0.8146992915477481 0.8085530989292153 0.21230480207229477 0.5063403492095279 1.0247184948408956 0.8081418574851946 
54 1 -0.9153153118767517 -1.1609089812800553 -1.1610635077026732 -1.20469639447254 -1.176910542086352 -1.3295034587829488 -1.1607929049290708 
55 -1 0.5893640317339983 0.6429072678235913 0.5439777338592602 0.6764948492162923 0.9151298513813845 1.0247184948408956 0.5620250121834114 
56 1 0.9117953196505876 2.3178794991341203 2.219621712635643 0.6764948492162923 1.7808017383335513 -0.2216343041364338 2.223313717970448 
57 -1 1.1267495115949804 1.1153353330650226 0.8673476245003164 1.189547006585974 1.155594264423653 1.5786530721641532 0.8696710688106404 
58 1 -0.9153153118767517 -1.1609089812800553 -1.043474456560471 -1.2779895598110658 -1.2250034246948056 -1.1910198144521345 -1.130028299266348 
59 -1 0.5356254837479001 0.8146992915477481 0.8967448872858671 0.6032016838777664 0.8429905274687038 0.19381662885600937 1.0850233084497007 
60 1 -0.6466225719462607 -0.8173249338317415 -0.9258854054182686 -1.106972174021172 -1.176910542086352 -1.05253617012132 -1.0377344822781793 
61 -1 0.9655338676366858 0.2134272085131993 1.3377038290691257 0.7009259043291344 0.650618997034889 0.19381662885600937 0.7158480404970259 
62 -1 -0.5928840239601625 -0.3448968685903103 -0.27914562413615596 0.6764948492162923 0.6025261144264353 -0.08315065980561943 0.5620250121834114 
63 1 -0.7540996679184572 -0.5166888923144671 -0.6025155147772123 0.6032016838777664 0.4101545839926205 0.055332984525194966 -0.08403170673376942 
64 -1 0.15945564784521254 0.3422712263063169 0.2500051060037544 1.0185296207960801 0.1937366122545788 -0.08315065980561943 -0.207090129384661 
65 1 -1.184008051807243 -0.8602729397627807 -0.8082963542760663 0.13901163673376885 -0.6959817160018148 -0.4986015927980626 -0.822382242639119 
66 -1 1.019272415622784 0.9864913152719049 0.9555394128569682 0.5787706287649245 0.7227583209475696 1.16320213917171 0.8696710688106404 
67 1 -0.37792983201576963 -0.13015683893511434 -0.24974836135060538 0.5543395736520824 -0.166960007308824 -0.637085237128877 -0.4839715803491671 
68 1 -0.8615767638906536 -0.4307928804523888 -0.6025155147772123 1.3849954474887096 0.5303867905137548 0.47078391751763815 0.03902671591712217 
69 1 -0.96905385986285 -0.7743769279007023 -0.7495018287049652 -0.5450579064258065 -0.40742442035109255 0.6092675618484525 -0.4224423690237213 
70 -1 0.42814838777570363 0.6429072678235913 0.485183208288159 0.6032016838777664 0.7227583209475696 0.8862348505100813 0.6543188291715801 
71 -1 -0.001759996113082113 0.2563752144442385 1.6904709824957327 1.165115951473132 0.8910834100771575 0.7477512061792669 0.9619648857988091 
72 -1 2.523951759233534 2.1031394694789243 1.6904709824957327 1.4582886128272357 1.1796407057278797 0.7477512061792669 0.9312002801360862 
73 1 -1.0227924078489483 -1.1609089812800553 -1.043474456560471 -1.229127449585382 -1.2250034246948056 -1.1910198144521345 -1.1607929049290708 
74 -1 0.3744098397896054 0.2563752144442385 0.2500051060037544 0.23673585718513676 0.5303867905137548 0.47078391751763815 0.685083434834303 
75 1 -0.96905385986285 -1.0320649634869377 -1.043474456560471 -1.180265339359698 -1.152864100782125 -1.05253617012132 -1.099263693603625 
76 1 -0.8615767638906536 -0.9461689516248591 -1.102268982131572 -1.180265339359698 -1.1288176594778982 -1.1910198144521345 -1.099263693603625 
77 1 -0.8615767638906536 -1.0320649634869377 -1.043474456560471 -1.229127449585382 -1.152864100782125 -1.1910198144521345 -1.130028299266348 
78 -1 0.42814838777570363 0.4281672381683953 0.485183208288159 0.33446007763650465 0.43420102529684734 0.8862348505100813 0.46973119519524276 
79 -1 1.1804880595810787 1.0294393212029442 1.1613202523558221 0.6520637941034504 1.5643837665955096 1.5786530721641532 1.4849631820650984 
80 1 -0.8615767638906536 -0.9891169575558983 -1.0728717193460215 -1.229127449585382 -1.152864100782125 -1.3295034587829488 -1.1607929049290708 
81 1 -0.9153153118767517 -0.9461689516248591 -1.043474456560471 -1.229127449585382 -1.176910542086352 -1.1910198144521345 -1.0377344822781793 
82 1 -1.0227924078489483 -1.0320649634869377 -1.102268982131572 -1.229127449585382 -1.176910542086352 -1.1910198144521345 -1.099263693603625 
83 -1 1.6103964434698643 1.6736594101685323 1.455292880211328 0.969667510570396 1.1075013818151993 1.5786530721641532 1.4541985764023755 
84 -1 0.42814838777570363 0.4711152440994345 0.7497585733581141 0.16344269184661084 0.5063403492095279 0.7477512061792669 0.685083434834303 
85 1 -0.8078382159045554 -1.0320649634869377 -1.0728717193460215 -1.229127449585382 -1.176910542086352 -1.1910198144521345 -1.0377344822781793 
86 1 -0.8615767638906536 -1.117960975349016 -1.102268982131572 -1.229127449585382 -1.2009569833905787 -1.1910198144521345 -1.099263693603625 
87 1 -0.8078382159045554 -0.3878448745213495 -0.6319127775627629 0.9208054003447121 -0.166960007308824 0.33230027318682376 -0.6070300030000587 
88 1 -0.8615767638906536 -1.0750129694179769 -1.102268982131572 -1.229127449585382 -1.2009569833905787 -1.1910198144521345 -1.099263693603625 
89 -1 -0.21671418805747497 0.041635184789042476 0.6321695222159118 0.5299085185392405 0.4582474666010742 0.6092675618484525 0.6235542235088573 
90 1 -0.8615767638906536 -1.117960975349016 -1.102268982131572 -1.229127449585382 -1.176910542086352 -1.1910198144521345 -1.130028299266348 
91 -1 0.15945564784521254 0.3852192322373561 0.2500051060037544 1.2872712270373419 0.7948976448602502 0.7477512061792669 0.5927896178461344 
92 -1 0.42814838777570363 0.4711152440994345 0.4557859455026084 1.3605643923758677 1.323919353553241 0.8862348505100813 0.9619648857988091 
93 -1 0.9117953196505876 0.7288032796856697 0.7791558361436648 0.11458058162092687 0.43420102529684734 0.7477512061792669 0.6235542235088573 
94 1 -0.9153153118767517 -1.0750129694179769 -1.043474456560471 -1.229127449585382 -1.176910542086352 -1.1910198144521345 -1.130028299266348 
95 -1 2.04030482735865 1.8025034279616499 1.8962518219945865 0.7742190696676603 0.9632227339898382 1.7171367164949676 1.2080817311005922 
96 -1 2.3627361152752395 1.845451433892689 1.8080600336379349 0.7009259043291344 0.9151298513813845 0.055332984525194966 1.2080817311005922 
97 1 -0.5391454759740643 -0.3448968685903103 -0.30854288692170656 0.6276327389906083 0.21778305355880567 -0.08315065980561943 0.008262110254399272 
98 1 -0.9153153118767517 -1.0750129694179769 -0.9846799309893698 -1.229127449585382 -1.176910542086352 -1.3295034587829488 -1.0684990879409022 
99 1 -0.5928840239601625 -0.6455329101075847 -0.6319127775627629 -1.058110063795488 -1.1288176594778982 -0.9140525257905058 -1.0377344822781793 
100 -1 1.3954422515254716 1.3730233686512578 1.249512040712474 0.6764948492162923 0.6025261144264353 1.3016857835025244 1.269610942426038 
101 1 -0.9153153118767517 -1.0320649634869377 -0.9846799309893698 -1.1558342842468559 -1.152864100782125 -0.9140525257905058 -1.130028299266348 
102 -1 0.26693274381740895 0.3852192322373561 0.7497585733581141 0.38332218786218863 0.6746654383391159 0.8862348505100813 0.9312002801360862 
103 1 -0.9153153118767517 -1.117960975349016 -1.043474456560471 -1.20469639447254 -1.1288176594778982 -1.3295034587829488 -1.0684990879409022 
104 1 -0.96905385986285 -1.0750129694179769 -1.0728717193460215 -1.180265339359698 -1.2009569833905787 -1.3295034587829488 -1.0684990879409022 
105 1 -0.9153153118767517 -0.9461689516248591 -1.0140771937749204 -1.229127449585382 -1.2009569833905787 -1.1910198144521345 -1.0684990879409022 
106 1 -0.7003611199323589 -0.473740886383428 -0.6319127775627629 1.4094265026015516 0.3380152600799399 0.6092675618484525 -0.3301485520355526 
107 1 -0.8078382159045554 -1.0320649634869377 -1.102268982131572 -1.229127449585382 -1.176910542086352 -1.1910198144521345 -1.1607929049290708 
108 1 -0.8615767638906536 -1.117960975349016 -1.0728717193460215 -1.2779895598110658 -1.2009569833905787 -1.1910198144521345 -1.1607929049290708 
109 1 -0.8615767638906536 -0.6455329101075847 -0.7201045659194146 0.45661535320071456 -0.28719221382995824 -0.2216343041364338 -0.6993238199882273 
110 1 -0.9153153118767517 -1.0320649634869377 -1.0728717193460215 -1.20469639447254 -1.152864100782125 -1.05253617012132 -1.099263693603625 
111 1 -0.8615767638906536 -0.9891169575558983 -1.102268982131572 -1.20469639447254 -1.152864100782125 -1.1910198144521345 -1.1607929049290708 
112 -1 0.42814838777570363 0.3852192322373561 0.3969914199315073 0.13901163673376885 0.3380152600799399 1.4401694278333388 0.40820198386979695 
113 -1 3.974892554858186 3.348631641479061 2.7193751799900028 1.2139780616988158 1.131547823119426 1.5786530721641532 1.1773171254378694 
114 -1 0.9655338676366858 0.7717512856167089 0.8673476245003164 0.16344269184661084 0.28992237747148625 0.8862348505100813 0.5004958008579656 
115 -1 0.5893640317339983 0.5999592618925521 0.485183208288159 0.7497880145548182 0.5303867905137548 0.8862348505100813 0.34667277254435114 
116 1 -0.7003611199323589 -0.8602729397627807 -0.9258854054182686 -1.131403229134014 -1.176910542086352 -1.05253617012132 -1.0684990879409022 
117 -1 -0.001759996113082113 0.08458319072008168 0.014827003719349793 0.9208054003447121 0.6025261144264353 0.6092675618484525 0.22361434989345957 
118 1 -0.7540996679184572 -0.9032209456938199 -1.0728717193460215 -1.20469639447254 -1.176910542086352 -1.05253617012132 -1.0377344822781793 
119 -1 0.15945564784521254 0.3852192322373561 0.30879963157485557 0.2855979674108207 0.6746654383391159 1.4401694278333388 0.6235542235088573 
120 1 -0.7003611199323589 -0.7314289219696631 -0.8670908798471675 -1.131403229134014 -1.1288176594778982 -0.9140525257905058 -1.130028299266348 
121 1 -0.8615767638906536 -1.0750129694179769 -1.0140771937749204 -1.180265339359698 -1.152864100782125 -1.1910198144521345 -1.130028299266348 
122 -1 1.1804880595810787 0.9005953034098265 1.102525726784721 0.5787706287649245 0.7468047622517965 0.8862348505100813 1.1465525197751465 
123 -1 -0.5928840239601625 -0.08720883300407513 -0.16155657299395365 1.2139780616988158 0.650618997034889 0.47078391751763815 0.19284974423073667 
124 -1 1.1267495115949804 1.0723873271339834 1.2201147779269235 0.7497880145548182 1.2517800296405603 0.8862348505100813 1.269610942426038 
125 1 -0.5391454759740643 -0.08720883300407513 -0.19095383577950423 1.091822786134606 0.5303867905137548 -0.08315065980561943 -0.05326710107104653 
126 -1 -0.05549854409918033 0.1704792025821601 0.10301879207600152 1.1406848963602898 0.6987118796433427 0.6092675618484525 0.5620250121834114 
127 1 -0.8615767638906536 -1.0320649634869377 -1.0728717193460215 -1.180265339359698 -1.176910542086352 -1.05253617012132 -1.130028299266348 
128 1 -0.8615767638906536 -1.0320649634869377 -1.043474456560471 -1.229127449585382 -1.176910542086352 -1.1910198144521345 -1.130028299266348 
129 -1 0.42814838777570363 0.4281672381683953 0.3675941571459567 0.43218429808787256 0.6025261144264353 1.3016857835025244 0.7158480404970259 
130 1 -0.9153153118767517 -0.6884809160386239 -0.7495018287049652 0.9940985656832381 0.025411523124990835 -0.3601179484672482 -0.6070300030000587 
131 -1 0.21319419583131075 0.4711152440994345 0.4557859455026084 0.9452364554575541 0.650618997034889 0.47078391751763815 0.46973119519524276 
132 -1 1.7716120874281591 1.630711404237493 1.5728819313535303 0.8719432901190282 1.4441515600743753 0.8862348505100813 1.577256999053267 
133 1 -0.8615767638906536 -0.473740886383428 -0.6025155147772123 1.0185296207960801 0.001365081820763981 -0.3601179484672482 -0.2686193407101068 
134 1 -0.96905385986285 -1.0320649634869377 -1.0728717193460215 -1.229127449585382 -1.176910542086352 -1.3295034587829488 -1.0069698766154564 
135 -1 0.5356254837479001 0.2134272085131993 0.3969914199315073 0.23673585718513676 0.025411523124990835 0.33230027318682376 0.03902671591712217 
136 -1 -0.27045273604357317 0.1704792025821601 0.04422426650490037 1.8003233844070232 0.5063403492095279 0.33230027318682376 0.13132053290529086 
137 1 -0.96905385986285 -1.117960975349016 -1.102268982131572 -1.229127449585382 -1.2009569833905787 -1.1910198144521345 -1.099263693603625 
138 -1 0.5356254837479001 0.5570112559615129 0.485183208288159 0.21230480207229477 0.4582474666010742 1.16320213917171 0.5620250121834114 
139 -1 0.15945564784521254 0.3422712263063169 0.30879963157485557 0.8719432901190282 0.4101545839926205 0.8862348505100813 0.31590816688162826 
140 -1 0.21319419583131075 0.6429072678235913 0.3381968943604061 0.969667510570396 1.5403373252912829 1.3016857835025244 0.9312002801360862 
141 1 -0.8078382159045554 -1.117960975349016 -1.043474456560471 -1.2779895598110658 -1.176910542086352 -1.4679871031137632 -1.130028299266348 
142 1 -0.9153153118767517 -1.1609089812800553 -1.0728717193460215 -1.20469639447254 -1.2250034246948056 -1.1910198144521345 -1.1607929049290708 
143 -1 0.7505796756922929 0.9864913152719049 1.2201147779269235 0.48104640831355655 0.7468047622517965 0.7477512061792669 0.8696710688106404 
144 1 -0.9153153118767517 -0.9891169575558983 -1.043474456560471 -1.20469639447254 -1.152864100782125 -1.3295034587829488 -1.0377344822781793 
145 -1 1.0730109636088823 0.9435433093408657 0.9555394128569682 0.5054774634263985 0.6265725557306622 0.6092675618484525 0.8696710688106404 
146 -1 -0.3241912840296714 -0.04426082707303593 0.07362152929045095 0.6276327389906083 0.5063403492095279 0.8862348505100813 0.37743737820707407 
147 1 0.0519785518730161 0.041635184789042476 -0.19095383577950423 -0.6672131819900164 -1.0326318942609907 -1.1910198144521345 -0.9454406652900106 
148 -1 -0.001759996113082113 0.1704792025821601 0.13241605486155208 0.8719432901190282 0.818944086164477 0.7477512061792669 0.5620250121834114 
149 1 -0.9153153118767517 -1.0320649634869377 -1.0140771937749204 -1.229127449585382 -1.2250034246948056 -1.1910198144521345 -1.1607929049290708 
150 -1 0.7505796756922929 1.0723873271339834 1.1613202523558221 1.4094265026015516 1.2277335883363336 0.19381662885600937 1.331140153751484 
151 -1 0.6431025797200965 0.6429072678235913 0.7203613105725636 0.21230480207229477 0.5063403492095279 1.855620360825782 0.6543188291715801 
152 -1 0.5356254837479001 0.5140632500304737 0.5733749966448107 0.43218429808787256 1.0353620579025187 0.7477512061792669 1.269610942426038 
153 1 -0.7540996679184572 -0.473740886383428 -0.4555292008494594 0.3100290225236627 -0.23909933122150456 -0.9140525257905058 -0.5455007916746129 
154 -1 0.21319419583131075 0.4711152440994345 0.3675941571459567 1.042960675908922 0.9391762926856113 0.8862348505100813 0.8696710688106404 
155 1 -0.7540996679184572 -1.117960975349016 -1.102268982131572 -1.229127449585382 -1.2009569833905787 -1.3295034587829488 -1.1607929049290708 
156 1 -0.96905385986285 -1.2038569872110945 -1.1610635077026732 -1.2535585046982238 -1.176910542086352 -1.1910198144521345 -1.099263693603625 
157 1 -1.0227924078489483 -1.117960975349016 -1.102268982131572 -1.20469639447254 -1.2009569833905787 -1.1910198144521345 -1.099263693603625 
158 -1 -0.05549854409918033 0.1275311966511209 0.13241605486155208 0.7497880145548182 0.9151298513813845 0.47078391751763815 0.6543188291715801 
159 1 -0.8615767638906536 -0.9461689516248591 -0.9846799309893698 -1.180265339359698 -1.176910542086352 -1.05253617012132 -1.099263693603625 
160 -1 0.10571709985911432 0.2134272085131993 0.27940236878930497 0.06571847139524292 0.1937366122545788 0.6092675618484525 -0.11479631239649232 
161 -1 -0.10923709208527854 0.08458319072008168 0.014827003719349793 0.9940985656832381 0.5784796731222085 0.8862348505100813 0.25437895555618245 
162 -1 0.9655338676366858 1.0294393212029442 1.2201147779269235 0.38332218786218863 0.7227583209475696 1.5786530721641532 0.7158480404970259 
163 -1 0.10571709985911432 0.041635184789042476 0.10301879207600152 0.33446007763650465 0.12159728834189824 1.0247184948408956 0.008262110254399272 
164 1 -0.7540996679184572 -1.117960975349016 -1.0728717193460215 -1.20469639447254 -1.2009569833905787 -1.1910198144521345 -1.130028299266348 
165 -1 3.974892554858186 3.2197876236859435 2.631183391633351 1.189547006585974 1.011315616598292 1.9941040051565964 1.1773171254378694 
166 -1 0.8580567716644893 0.9864913152719049 0.8967448872858671 0.40775324297503057 1.0594084992067456 1.16320213917171 1.4234339707396526 
167 1 -0.3241912840296714 0.1704792025821601 0.04422426650490037 0.7253569594419763 0.21778305355880567 0.7477512061792669 0.008262110254399272 
168 -1 2.308997567289141 2.231983487272042 2.160827187064542 1.1162538412474479 1.5643837665955096 1.0247184948408956 1.884903055680496 
169 1 0.42814838777570363 0.3852192322373561 0.3675941571459567 0.06571847139524292 0.12159728834189824 0.8862348505100813 -0.05326710107104653 
170 -1 0.9655338676366858 1.0723873271339834 1.5728819313535303 0.8475122350061862 2.47814853615613 -0.3601179484672482 2.9308996482130745 
171 -1 0.3206712918035072 0.4281672381683953 0.2500051060037544 0.21230480207229477 0.5303867905137548 0.47078391751763815 0.6543188291715801 
172 1 -0.9153153118767517 -1.0750129694179769 -1.0728717193460215 -1.229127449585382 -1.176910542086352 -1.05253617012132 -1.0377344822781793 
173 -1 1.6103964434698643 1.3300753627202186 1.2789093034980246 0.5299085185392405 1.155594264423653 1.0247184948408956 1.4234339707396526 
174 1 -0.8615767638906536 -1.0750129694179769 -1.0140771937749204 -1.180265339359698 -1.176910542086352 -1.3295034587829488 -1.099263693603625 
175 1 -0.9153153118767517 -1.0320649634869377 -1.0140771937749204 -1.180265339359698 -1.1288176594778982 -1.1910198144521345 -1.099263693603625 
176 -1 0.6431025797200965 0.5999592618925521 0.690964047787013 0.8230811798933442 0.650618997034889 0.47078391751763815 0.34667277254435114 
177 1 1.3954422515254716 1.5018673864443755 1.6904709824957327 0.6032016838777664 1.9491268274631393 -0.7755688814596914 2.1002552953195566 
178 1 -0.8078382159045554 -0.9461689516248591 -1.0728717193460215 -1.131403229134014 -1.176910542086352 -1.05253617012132 -1.0684990879409022 
179 1 -0.9153153118767517 -0.6884809160386239 -0.8082963542760663 0.13901163673376885 -0.4795637442637731 1.0247184948408956 -0.7608530313136732 
180 1 -0.9153153118767517 -1.0320649634869377 -1.043474456560471 -1.20469639447254 -1.2009569833905787 -1.1910198144521345 -1.0684990879409022 
181 1 -1.0227924078489483 -1.2038569872110945 -1.0728717193460215 -1.229127449585382 -1.176910542086352 -1.1910198144521345 -1.1607929049290708 
182 -1 2.308997567289141 2.1031394694789243 1.9844436103512384 1.6781681088428133 2.213637681809635 1.16320213917171 1.9771968726686648 
183 1 -0.96905385986285 -1.0750129694179769 -1.1316662449171226 -1.180265339359698 -1.176910542086352 -1.1910198144521345 -1.0377344822781793 
184 1 -0.8078382159045554 -1.0320649634869377 -1.043474456560471 -1.2535585046982238 -1.176910542086352 -1.1910198144521345 -1.0684990879409022 
185 -1 0.9117953196505876 0.8146992915477481 0.9261421500714176 0.5787706287649245 1.323919353553241 1.16320213917171 1.2388463367633151 
186 -1 0.0519785518730161 0.2993232203752777 0.4263886827170578 -0.20302313484601883 -0.19100644861305086 1.855620360825782 0.008262110254399272 
187 -1 0.9117953196505876 0.8576472974787873 0.8379503617147659 0.7253569594419763 0.7948976448602502 1.5786530721641532 0.9619648857988091 
188 1 -0.96905385986285 -0.6455329101075847 -0.7495018287049652 0.5054774634263985 0.025411523124990835 -0.08315065980561943 -0.6070300030000587 
189 -1 1.2879651555532752 1.2441793508581402 1.3083065662835751 0.9940985656832381 1.6365230905081902 1.16320213917171 1.7310800273668816 
190 -1 0.3206712918035072 0.4281672381683953 0.4557859455026084 1.2628401719244997 1.011315616598292 -0.2216343041364338 0.992729491461532 
191 1 -0.9153153118767517 -1.1609089812800553 -1.0728717193460215 -1.2535585046982238 -1.2250034246948056 -1.1910198144521345 -1.1607929049290708 
192 -1 0.42814838777570363 0.4281672381683953 0.6027722594303613 0.23673585718513676 0.36206170138416677 1.16320213917171 0.34667277254435114 
193 1 -1.1302695038211448 -1.1609089812800553 -1.1904607704882237 -1.229127449585382 -1.2009569833905787 -1.3295034587829488 -1.099263693603625 
194 1 -0.9153153118767517 -1.0320649634869377 -1.0140771937749204 -1.229127449585382 -1.176910542086352 -1.1910198144521345 -1.099263693603625 
195 -1 -0.43166838000186786 -0.2590008567282319 -0.3379401497072571 1.1406848963602898 0.6746654383391159 0.8862348505100813 0.19284974423073667 
196 1 -0.96905385986285 -1.0750129694179769 -1.043474456560471 -1.180265339359698 -1.152864100782125 -1.1910198144521345 -1.1607929049290708 
197 1 -0.43166838000186786 -0.5166888923144671 -0.6613100403483134 -1.009247953569804 -1.1047712181736713 -0.9140525257905058 -1.0069698766154564 
198 1 -0.8078382159045554 -1.117960975349016 -1.0140771937749204 -1.20469639447254 -1.176910542086352 -1.3295034587829488 -1.130028299266348 
199 -1 0.3206712918035072 0.4281672381683953 0.27940236878930497 0.6032016838777664 0.4101545839926205 1.4401694278333388 0.40820198386979695 
200 1 -0.96905385986285 -1.0320649634869377 -1.102268982131572 -1.2535585046982238 -1.2009569833905787 -1.1910198144521345 -1.0684990879409022 
201 1 0.9655338676366858 0.9864913152719049 1.0143339384280694 0.3100290225236627 1.299872912249014 0.8862348505100813 1.331140153751484 
202 -1 0.7505796756922929 0.5570112559615129 0.5145804710737095 0.48104640831355655 0.6025261144264353 1.16320213917171 0.5312604065206885 
203 -1 0.5356254837479001 0.5570112559615129 0.7497585733581141 0.2611669122979787 0.4582474666010742 1.4401694278333388 0.8696710688106404 
204 1 -0.96905385986285 -1.117960975349016 -1.1904607704882237 -1.2779895598110658 -1.2009569833905787 -1.1910198144521345 -1.1607929049290708 
205 -1 0.6431025797200965 0.8146992915477481 0.8967448872858671 0.21230480207229477 0.025411523124990835 1.3016857835025244 0.13132053290529086 
206 1 -0.7003611199323589 -1.0320649634869377 -1.043474456560471 -1.180265339359698 -1.152864100782125 -1.05253617012132 -1.0684990879409022 
207 1 -0.9153153118767517 -1.0750129694179769 -1.1316662449171226 -1.2535585046982238 -1.152864100782125 -1.1910198144521345 -1.1915575105917937 
208 -1 1.2342266075671768 1.5018673864443755 1.3964983546402268 1.2139780616988158 1.6365230905081902 0.33230027318682376 1.854138450017773 
209 1 -0.6466225719462607 -0.8602729397627807 -0.896488142632718 -1.131403229134014 -1.152864100782125 -1.1910198144521345 -1.0684990879409022 
210 -1 1.0730109636088823 1.201231344927101 1.102525726784721 0.7986501247805022 0.9151298513813845 0.7477512061792669 1.269610942426038 
211 1 -1.0227924078489483 -1.0320649634869377 -1.0140771937749204 -1.229127449585382 -1.1288176594778982 -1.1910198144521345 -1.099263693603625 
212 1 -0.8615767638906536 -0.4307928804523888 -0.5731182519916617 1.3605643923758677 0.16969017095035197 0.33230027318682376 -0.3301485520355526 
213 -1 -0.27045273604357317 0.1275311966511209 0.04422426650490037 0.969667510570396 0.38610814268839366 0.33230027318682376 0.19284974423073667 
214 1 -0.8078382159045554 -0.7314289219696631 -0.9552826682038192 -1.1558342842468559 -1.1047712181736713 -0.9140525257905058 -1.099263693603625 
215 -1 3.813676910899891 2.919151582168669 2.425402552134497 1.6537370537299714 1.1075013818151993 0.33230027318682376 0.9619648857988091 
216 1 -0.96905385986285 -1.117960975349016 -1.1316662449171226 -1.2535585046982238 -1.2009569833905787 -1.3295034587829488 -1.099263693603625 
217 -1 1.7178735394420608 1.6736594101685323 1.866854559209036 0.7253569594419763 1.1075013818151993 1.855620360825782 1.577256999053267 
218 -1 0.5893640317339983 0.6858552737546305 1.1613202523558221 0.9452364554575541 0.8429905274687038 0.7477512061792669 0.37743737820707407 
219 1 -0.96905385986285 -1.2038569872110945 -1.1610635077026732 -1.229127449585382 -1.176910542086352 -1.1910198144521345 -1.0684990879409022 
220 1 0.6431025797200965 0.5999592618925521 0.7497585733581141 0.2611669122979787 0.5063403492095279 0.7477512061792669 0.7773772518224717 
221 -1 0.3744098397896054 0.6858552737546305 0.6321695222159118 0.8475122350061862 0.7227583209475696 0.8862348505100813 0.7773772518224717 
222 1 -1.0227924078489483 -1.0320649634869377 -1.102268982131572 -1.180265339359698 -1.176910542086352 -1.1910198144521345 -1.099263693603625 
223 1 -0.96905385986285 -0.9461689516248591 -1.0140771937749204 -1.20469639447254 -1.176910542086352 -1.05253617012132 -1.0684990879409022 
224 1 -0.8078382159045554 -1.117960975349016 -1.043474456560471 -1.20469639447254 -1.2009569833905787 -1.1910198144521345 -1.099263693603625 
225 -1 1.3954422515254716 1.3300753627202186 2.102032661493441 0.969667510570396 1.5162908839870557 1.0247184948408956 1.7618446330296045 
226 -1 -0.10923709208527854 0.1275311966511209 0.3675941571459567 0.5787706287649245 0.6746654383391159 0.47078391751763815 0.685083434834303 
227 1 -0.4854069279879661 -0.08720883300407513 -0.13215931020840307 1.067391731021764 0.36206170138416677 0.6092675618484525 -0.022502495408323626 
228 -1 0.8043182236783911 0.8146992915477481 0.690964047787013 0.38332218786218863 0.7708512035560233 1.855620360825782 1.023494097124255 
229 1 -0.8615767638906536 -1.0750129694179769 -1.0728717193460215 -1.229127449585382 -1.176910542086352 -1.1910198144521345 -1.099263693603625 
230 1 -0.9153153118767517 -1.0320649634869377 -1.1316662449171226 -1.20469639447254 -1.2009569833905787 -1.1910198144521345 -1.099263693603625 
231 -1 5.1571406105523465 4.2934877719619235 3.60129306355652 1.4094265026015516 1.011315616598292 1.0247184948408956 1.300375548088761 
232 -1 0.9655338676366858 1.1153353330650226 1.249512040712474 0.8230811798933442 1.323919353553241 0.8862348505100813 1.0850233084497007 
233 -1 1.7178735394420608 1.5448153923754147 1.5728819313535303 0.7009259043291344 0.6746654383391159 1.4401694278333388 0.8389064631479175 
234 1 -0.9153153118767517 -0.8602729397627807 -0.896488142632718 -1.033679008682646 -1.1047712181736713 -0.9140525257905058 -1.099263693603625 
235 1 -0.8615767638906536 -0.9891169575558983 -1.0728717193460215 -1.20469639447254 -1.152864100782125 -1.3295034587829488 -1.130028299266348 
236 1 -1.0765309558350464 -1.117960975349016 -1.102268982131572 -1.229127449585382 -1.152864100782125 -1.1910198144521345 -1.1607929049290708 
237 -1 0.26693274381740895 0.2563752144442385 0.3675941571459567 1.6048749435042875 1.2036871470321067 1.0247184948408956 1.0542587027869779 
238 -1 1.1804880595810787 1.1582833389960618 1.0143339384280694 0.7986501247805022 0.6987118796433427 0.8862348505100813 0.8696710688106404 
239 1 -0.8078382159045554 -1.0320649634869377 -1.0728717193460215 -1.229127449585382 -1.152864100782125 -1.1910198144521345 -1.0377344822781793 
240 -1 0.42814838777570363 0.4711152440994345 0.5145804710737095 0.3100290225236627 0.6987118796433427 0.055332984525194966 0.8389064631479175 
241 1 -1.0227924078489483 -1.0320649634869377 -1.0140771937749204 -1.20469639447254 -1.176910542086352 -1.1910198144521345 -1.130028299266348 
242 1 -0.8615767638906536 -0.8173249338317415 -1.0140771937749204 -1.131403229134014 -1.152864100782125 -0.4986015927980626 -1.0377344822781793 
243 1 -0.8078382159045554 -0.8173249338317415 -0.9258854054182686 -1.033679008682646 -1.0807247768694443 0.6092675618484525 -1.0069698766154564 
244 1 -0.8615767638906536 -0.9032209456938199 -1.043474456560471 -1.1558342842468559 -1.152864100782125 -0.3601179484672482 -1.099263693603625 
245 -1 1.019272415622784 0.9435433093408657 1.0143339384280694 0.48104640831355655 0.8429905274687038 1.16320213917171 1.0850233084497007 
246 1 -0.8615767638906536 -0.5596368982455063 -0.7788990914905157 1.2872712270373419 0.21778305355880567 -0.2216343041364338 -0.36091315769827553 
247 1 -0.8078382159045554 -0.9891169575558983 -1.0728717193460215 -1.20469639447254 -1.152864100782125 -1.1910198144521345 -1.099263693603625 
248 1 -1.0227924078489483 -1.0320649634869377 -1.0140771937749204 -1.229127449585382 -1.2009569833905787 -1.3295034587829488 -1.130028299266348 
249 -1 0.6968411277061947 0.7288032796856697 0.6027722594303613 0.43218429808787256 0.7227583209475696 0.7477512061792669 0.9619648857988091 
250 1 -0.8615767638906536 -0.9891169575558983 -1.0728717193460215 -1.1558342842468559 -1.176910542086352 -0.9140525257905058 -1.099263693603625 
251 1 -0.9153153118767517 -1.0750129694179769 -1.0728717193460215 -1.229127449585382 -1.176910542086352 -1.1910198144521345 -1.130028299266348 
252 1 -0.9153153118767517 -0.9461689516248591 -1.0728717193460215 -1.180265339359698 -1.152864100782125 -1.1910198144521345 -1.130028299266348 
253 1 -1.0227924078489483 -0.9032209456938199 -0.9552826682038192 -1.180265339359698 -1.176910542086352 -0.7755688814596914 -1.0684990879409022 
254 -1 1.9328277313864537 1.5877633983064539 1.5434846685679797 0.7253569594419763 1.155594264423653 1.16320213917171 1.300375548088761 
255 -1 0.15945564784521254 0.6429072678235913 0.6027722594303613 1.189547006585974 1.131547823119426 0.6092675618484525 1.1465525197751465 
256 -1 0.5893640317339983 0.5999592618925521 0.6615667850014625 0.04128741628240094 0.21778305355880567 1.4401694278333388 0.40820198386979695 
257 1 -0.9153153118767517 -1.117960975349016 -1.043474456560471 -1.229127449585382 -1.2009569833905787 -1.1910198144521345 -1.0377344822781793 
258 -1 0.9117953196505876 1.0723873271339834 1.1613202523558221 0.35889113274934664 0.6265725557306622 1.9941040051565964 0.9004356744733634 
259 -1 0.6968411277061947 0.7288032796856697 0.9555394128569682 0.1878737469594528 0.9391762926856113 1.3016857835025244 1.1773171254378694 
260 -1 0.15945564784521254 0.7717512856167089 0.8967448872858671 0.9208054003447121 0.38610814268839366 -0.08315065980561943 0.2851435612189054 
261 1 -0.7540996679184572 -1.0750129694179769 -1.0140771937749204 -1.229127449585382 -1.152864100782125 -1.3295034587829488 -1.130028299266348 
262 -1 0.3744098397896054 0.2993232203752777 0.10301879207600152 0.8963743452318701 0.4101545839926205 0.7477512061792669 0.2851435612189054 
263 -1 -0.5391454759740643 -0.04426082707303593 -0.10276204742285251 1.4582886128272357 0.7948976448602502 -0.08315065980561943 0.31590816688162826 
264 -1 0.3744098397896054 0.5140632500304737 0.4263886827170578 0.48104640831355655 0.28992237747148625 0.7477512061792669 0.34667277254435114 
265 1 -0.8615767638906536 -1.0320649634869377 -1.0728717193460215 -1.229127449585382 -1.2009569833905787 -1.3295034587829488 -1.130028299266348 
266 1 0.48188693576180186 0.3422712263063169 0.2500051060037544 -0.17859207973317684 1.4441515600743753 0.33230027318682376 1.5157277877278212 
267 1 0.5356254837479001 0.1704792025821601 0.07362152929045095 -0.49619579620012255 -0.5757495094806805 0.33230027318682376 -0.6685592143255045 
268 -1 1.2342266075671768 1.201231344927101 1.1613202523558221 0.6276327389906083 0.818944086164477 0.7477512061792669 0.9004356744733634 
269 1 -0.8615767638906536 -0.9461689516248591 -0.896488142632718 -1.106972174021172 -1.0326318942609907 -0.9140525257905058 -1.0684990879409022 
270 1 -0.96905385986285 -1.0750129694179769 -1.102268982131572 -1.2535585046982238 -1.2009569833905787 -1.1910198144521345 -1.130028299266348 
271 -1 0.0519785518730161 0.1275311966511209 0.13241605486155208 0.33446007763650465 0.4822939079053011 0.6092675618484525 0.40820198386979695 
272 1 -1.0227924078489483 -1.0750129694179769 -1.0140771937749204 -1.2535585046982238 -1.2250034246948056 -1.1910198144521345 -1.0684990879409022 
273 1 -0.05549854409918033 0.2563752144442385 0.27940236878930497 1.2384091168116578 0.6987118796433427 0.6092675618484525 0.46973119519524276 
274 -1 0.7505796756922929 0.7288032796856697 1.3671010918546762 0.7986501247805022 1.492244442682829 1.0247184948408956 1.7003154217041587 
275 1 -1.0227924078489483 -1.0750129694179769 -1.1316662449171226 -1.2535585046982238 -1.2009569833905787 -1.1910198144521345 -1.130028299266348 
276 -1 -0.05549854409918033 0.2134272085131993 0.3381968943604061 0.40775324297503057 0.07350440573344454 0.8862348505100813 0.03902671591712217 
277 1 -0.96905385986285 -1.117960975349016 -1.043474456560471 -1.2535585046982238 -1.2009569833905787 -1.1910198144521345 -1.1607929049290708 
278 -1 0.6431025797200965 0.6429072678235913 0.7497585733581141 0.40775324297503057 0.12159728834189824 0.33230027318682376 0.03902671591712217 
279 -1 0.5356254837479001 0.7717512856167089 0.6615667850014625 0.8230811798933442 0.7227583209475696 1.855620360825782 0.31590816688162826 
280 1 -0.3241912840296714 -0.13015683893511434 -0.13215931020840307 1.2628401719244997 0.21778305355880567 0.19381662885600937 -0.1763255237219381 
281 1 -0.4854069279879661 -0.473740886383428 -0.5437209892061111 -0.8626616228927522 -1.008585452956764 0.8862348505100813 -0.9454406652900106 
282 -1 0.26693274381740895 0.4281672381683953 0.7497585733581141 0.33446007763650465 0.7948976448602502 0.33230027318682376 1.023494097124255 
283 -1 0.3206712918035072 0.4281672381683953 0.5733749966448107 0.5299085185392405 0.5544332318179817 0.8862348505100813 0.5620250121834114 
284 1 -0.9153153118767517 -1.117960975349016 -1.0728717193460215 -1.229127449585382 -1.176910542086352 -1.1910198144521345 -1.099263693603625 
285 -1 0.7505796756922929 0.9864913152719049 1.0731284639991705 1.1406848963602898 0.38610814268839366 0.6092675618484525 0.22361434989345957 
286 1 -0.8615767638906536 -1.0750129694179769 -1.1316662449171226 -1.20469639447254 -1.176910542086352 -1.1910198144521345 -1.130028299266348 
287 1 -0.16297564007137677 -0.04426082707303593 -0.04396752185175136 -0.5206268513129645 -0.09482068339614344 -1.1910198144521345 0.22361434989345957 
288 -1 0.21319419583131075 0.7288032796856697 0.5145804710737095 0.9208054003447121 0.9632227339898382 0.8862348505100813 0.40820198386979695 
289 -1 1.0730109636088823 1.0294393212029442 0.9261421500714176 0.7742190696676603 1.1796407057278797 0.7477512061792669 1.2388463367633151 
290 1 -0.96905385986285 -1.0320649634869377 -1.1316662449171226 -1.229127449585382 -1.2009569833905787 -1.1910198144521345 -1.099263693603625 
291 -1 2.255259019303043 2.1460874754099635 1.9550463475656878 1.2872712270373419 1.828894620942005 0.8862348505100813 1.9771968726686648 
292 -1 0.6431025797200965 0.8146992915477481 0.8673476245003164 0.9208054003447121 1.299872912249014 0.7477512061792669 0.9004356744733634 
293 1 -0.8078382159045554 -1.0320649634869377 -1.1316662449171226 -1.229127449585382 -1.2009569833905787 -1.1910198144521345 -1.1607929049290708 
294 -1 0.26693274381740895 0.2993232203752777 0.22060784321820381 1.5560128332786036 0.7227583209475696 1.0247184948408956 0.19284974423073667 
295 1 -0.6466225719462607 -0.8602729397627807 -0.9258854054182686 -1.106972174021172 -1.1288176594778982 -1.05253617012132 -1.099263693603625 
296 1 -0.96905385986285 -1.0750129694179769 -1.0728717193460215 -1.229127449585382 -1.176910542086352 -1.3295034587829488 -1.099263693603625 
297 1 -0.9153153118767517 -1.1609089812800553 -1.0728717193460215 -1.229127449585382 -1.2009569833905787 -1.3295034587829488 -1.130028299266348 
298 -1 0.0519785518730161 0.2134272085131993 0.30879963157485557 0.23673585718513676 0.5544332318179817 1.16320213917171 0.685083434834303 
299 -1 -0.001759996113082113 0.3852192322373561 0.2500051060037544 0.48104640831355655 0.9151298513813845 0.8862348505100813 0.7466126461597489 
300 -1 -0.3241912840296714 0.08458319072008168 -0.04396752185175136 0.9940985656832381 0.9151298513813845 0.7477512061792669 0.2851435612189054 
301 1 -0.8078382159045554 -1.2038569872110945 -1.102268982131572 -1.229127449585382 -1.2009569833905787 -1.1910198144521345 -1.130028299266348 
302 -1 0.6968411277061947 0.6429072678235913 0.7497585733581141 0.0901495265080849 0.28992237747148625 0.8862348505100813 0.4389665895325198 
303 -1 1.1804880595810787 1.2441793508581402 1.3671010918546762 0.45661535320071456 0.6987118796433427 0.8862348505100813 0.8696710688106404 
304 -1 0.9117953196505876 0.8146992915477481 0.8967448872858671 0.2855979674108207 0.5063403492095279 0.33230027318682376 0.685083434834303 
305 -1 0.42814838777570363 0.5140632500304737 0.8085530989292153 0.6276327389906083 0.9391762926856113 0.7477512061792669 0.8696710688106404 
306 -1 0.3744098397896054 0.5570112559615129 0.3969914199315073 1.2384091168116578 1.2517800296405603 -0.08315065980561943 0.9312002801360862 
307 -1 0.3744098397896054 0.6429072678235913 0.6027722594303613 1.067391731021764 1.011315616598292 0.8862348505100813 0.5927896178461344 
308 1 -0.8615767638906536 -1.0750129694179769 -1.0728717193460215 -1.229127449585382 -1.2009569833905787 -1.1910198144521345 -1.0684990879409022 
309 1 -0.96905385986285 -1.1609089812800553 -1.0728717193460215 -1.229127449585382 -1.176910542086352 -1.1910198144521345 -1.099263693603625 
310 1 -0.8078382159045554 -1.0320649634869377 -0.9846799309893698 -1.20469639447254 -1.176910542086352 -1.1910198144521345 -1.0684990879409022 
311 -1 1.5566578954837662 1.5877633983064539 1.455292880211328 0.7986501247805022 1.155594264423653 0.8862348505100813 1.300375548088761 
312 1 -0.96905385986285 -1.117960975349016 -1.043474456560471 -1.20469639447254 -1.2009569833905787 -1.1910198144521345 -1.099263693603625 
313 1 -0.5928840239601625 -0.8602729397627807 -0.896488142632718 -0.9848168984569621 -0.671935274697588 -0.7755688814596914 -0.6070300030000587 
314 -1 -0.21671418805747497 -0.04426082707303593 -0.014570259066200781 0.7253569594419763 0.4101545839926205 -0.08315065980561943 0.4389665895325198 
315 1 -0.8078382159045554 -0.5596368982455063 -0.7495018287049652 0.8475122350061862 -0.022681359483462872 -0.08315065980561943 -0.5762653973373358 
316 -1 0.26693274381740895 0.3422712263063169 0.3381968943604061 0.8475122350061862 0.7227583209475696 1.16320213917171 0.6235542235088573 
317 -1 0.9117953196505876 0.9435433093408657 0.8967448872858671 0.40775324297503057 1.1796407057278797 0.7477512061792669 1.269610942426038 
318 -1 0.6968411277061947 0.6858552737546305 0.7203613105725636 0.43218429808787256 0.5303867905137548 0.47078391751763815 0.46973119519524276 
319 -1 0.5356254837479001 0.7717512856167089 0.8673476245003164 1.165115951473132 0.9151298513813845 1.0247184948408956 0.7773772518224717 
320 1 -0.6466225719462607 -0.6455329101075847 -0.8376936170616169 -1.08254111890833 -1.152864100782125 -1.05253617012132 -1.0684990879409022 
321 -1 1.3417037035393733 1.3300753627202186 1.4258956174257773 0.9452364554575541 1.011315616598292 0.8862348505100813 1.2080817311005922 
322 1 0.15945564784521254 0.3422712263063169 0.27940236878930497 0.6520637941034504 0.4101545839926205 0.7477512061792669 0.13132053290529086 
323 -1 -0.05549854409918033 0.041635184789042476 0.07362152929045095 0.9940985656832381 0.6987118796433427 0.6092675618484525 0.25437895555618245 
324 -1 0.8043182236783911 0.7288032796856697 0.7497585733581141 0.16344269184661084 0.43420102529684734 1.5786530721641532 0.7158480404970259 
325 -1 1.5566578954837662 1.415971374582297 1.4258956174257773 0.5787706287649245 0.9632227339898382 1.3016857835025244 0.9004356744733634 
326 -1 1.4491807995115698 1.1153353330650226 1.1319229895702716 0.16344269184661084 0.7227583209475696 1.16320213917171 1.0542587027869779 
327 1 -1.0227924078489483 -0.9891169575558983 -0.9552826682038192 -1.180265339359698 -1.176910542086352 -1.1910198144521345 -1.130028299266348 
328 1 -0.7540996679184572 -0.473740886383428 -0.6025155147772123 1.3117022821501838 0.26587593616725935 -0.2216343041364338 -0.3301485520355526 
329 -1 1.019272415622784 1.0723873271339834 1.2201147779269235 0.5543395736520824 0.7227583209475696 0.6092675618484525 0.7466126461597489 
330 1 -0.7003611199323589 -0.5596368982455063 -0.6613100403483134 -1.033679008682646 -1.0566783355652176 -0.7755688814596914 -1.0069698766154564 
331 -1 1.1267495115949804 1.1153353330650226 1.0143339384280694 0.7986501247805022 0.9151298513813845 0.8862348505100813 0.8389064631479175 
332 -1 0.8043182236783911 0.8576472974787873 0.7791558361436648 0.8475122350061862 0.5784796731222085 0.8862348505100813 0.5004958008579656 
333 -1 -0.4854069279879661 -0.17310484486615355 -0.24974836135060538 1.4827196679400776 0.6025261144264353 0.47078391751763815 0.03902671591712217 
334 -1 1.6641349914559627 1.415971374582297 1.5434846685679797 0.6032016838777664 1.2517800296405603 1.16320213917171 1.5157277877278212 
335 1 -0.96905385986285 -0.9891169575558983 -1.043474456560471 -1.229127449585382 -1.2009569833905787 -1.3295034587829488 -1.130028299266348 
336 -1 0.5893640317339983 0.5570112559615129 0.4557859455026084 0.5054774634263985 0.6987118796433427 1.0247184948408956 0.5927896178461344 
337 1 -0.9153153118767517 -1.0320649634869377 -1.043474456560471 -1.20469639447254 -1.176910542086352 -1.1910198144521345 -1.130028299266348 
338 1 -0.96905385986285 -0.7743769279007023 -0.8376936170616169 0.16344269184661084 -0.4314708616553194 -0.08315065980561943 -0.6685592143255045 
339 1 -1.0227924078489483 -1.0320649634869377 -1.102268982131572 -1.20469639447254 -1.176910542086352 -1.1910198144521345 -1.099263693603625 
340 1 -1.0227924078489483 -1.0750129694179769 -1.0140771937749204 -1.180265339359698 -1.152864100782125 -1.4679871031137632 -1.130028299266348 
341 -1 0.42814838777570363 0.4281672381683953 0.5145804710737095 0.7009259043291344 0.818944086164477 0.8862348505100813 0.40820198386979695 
342 -1 0.26693274381740895 0.2134272085131993 0.7791558361436648 0.21230480207229477 0.04945796442921769 1.5786530721641532 0.03902671591712217 
343 1 -0.4854069279879661 -0.3448968685903103 -0.3379401497072571 0.5299085185392405 0.12159728834189824 0.19381662885600937 -0.14556091805921523 
344 1 -0.8078382159045554 -0.3878448745213495 -0.6319127775627629 1.2628401719244997 0.38610814268839366 0.8862348505100813 -0.4224423690237213 
345 -1 1.2342266075671768 1.5018673864443755 1.3377038290691257 1.3849954474887096 1.323919353553241 0.6092675618484525 1.300375548088761 
346 -1 -0.16297564007137677 0.6858552737546305 0.8085530989292153 0.38332218786218863 0.4101545839926205 -0.3601179484672482 0.46973119519524276 
347 -1 0.7505796756922929 0.7717512856167089 0.5145804710737095 0.5054774634263985 0.5063403492095279 0.33230027318682376 0.34667277254435114 
348 -1 0.42814838777570363 0.6429072678235913 0.8967448872858671 0.2855979674108207 0.818944086164477 0.6092675618484525 1.0542587027869779 
349 1 -0.8078382159045554 -1.1609089812800553 -1.0728717193460215 -1.20469639447254 -1.2009569833905787 -1.05253617012132 -1.099263693603625 
350 1 -0.21671418805747497 -0.001312821141996725 -0.13215931020840307 1.5804438883914456 0.8429905274687038 0.7477512061792669 0.22361434989345957 
351 -1 -0.001759996113082113 0.3422712263063169 0.30879963157485557 0.9208054003447121 0.8910834100771575 0.47078391751763815 0.7158480404970259 
352 -1 0.10571709985911432 0.2563752144442385 0.3675941571459567 -0.1297299695074929 0.001365081820763981 0.8862348505100813 -0.1763255237219381 
353 -1 0.10571709985911432 0.1704792025821601 0.10301879207600152 1.3605643923758677 0.3139688187757131 0.47078391751763815 -0.23785473504738391 
354 -1 0.9655338676366858 0.9005953034098265 0.9261421500714176 1.5071507230529195 2.2376841231138616 0.33230027318682376 2.6232535915858457 
355 1 -1.0227924078489483 -1.1609089812800553 -1.0140771937749204 -1.229127449585382 -1.2009569833905787 -1.1910198144521345 -1.099263693603625 
356 -1 0.6431025797200965 0.6429072678235913 0.9261421500714176 0.8230811798933442 1.2277335883363336 0.47078391751763815 1.5464923933905441 
357 1 -0.7003611199323589 -0.5596368982455063 -0.7788990914905157 -0.9603858433441201 -1.0807247768694443 0.6092675618484525 -1.0684990879409022 
358 -1 1.3954422515254716 1.0723873271339834 1.0143339384280694 0.21230480207229477 0.5303867905137548 0.8862348505100813 0.6235542235088573 
359 1 -0.96905385986285 -1.0750129694179769 -1.0728717193460215 -1.229127449585382 -1.2009569833905787 -1.1910198144521345 -1.099263693603625 
360 -1 0.5356254837479001 0.4711152440994345 0.5145804710737095 0.1878737469594528 0.21778305355880567 1.0247184948408956 0.19284974423073667 
361 1 -0.16297564007137677 -0.001312821141996725 0.07362152929045095 0.5054774634263985 0.8429905274687038 0.055332984525194966 0.8389064631479175 
362 1 -0.96905385986285 -1.0320649634869377 -1.1316662449171226 -1.229127449585382 -1.2009569833905787 -1.1910198144521345 -1.1607929049290708 
363 1 -0.8615767638906536 -1.0320649634869377 -1.1316662449171226 -1.20469639447254 -1.152864100782125 -1.1910198144521345 -1.130028299266348 
364 1 -0.8078382159045554 -0.9032209456938199 -0.896488142632718 -1.131403229134014 -1.152864100782125 -1.05253617012132 -1.0377344822781793 
365 1 -0.8078382159045554 -0.6025849041765455 -0.690707303133864 0.6764948492162923 0.1456437296461251 -0.3601179484672482 -0.4532069746864442 
366 -1 1.3954422515254716 1.0723873271339834 0.9849366756425187 0.33446007763650465 0.987269175294065 1.16320213917171 1.2388463367633151 
367 -1 0.9655338676366858 1.2441793508581402 1.8962518219945865 1.3117022821501838 0.6746654383391159 0.33230027318682376 1.4541985764023755 
368 1 0.48188693576180186 0.5999592618925521 0.3675941571459567 0.8963743452318701 0.04945796442921769 0.055332984525194966 0.03902671591712217 
369 -1 1.6641349914559627 1.5877633983064539 1.4846901429968786 0.7742190696676603 0.9632227339898382 0.7477512061792669 1.2080817311005922 
370 1 -0.8615767638906536 -1.117960975349016 -1.0728717193460215 -1.2535585046982238 -1.2009569833905787 -1.3295034587829488 -1.099263693603625 
371 1 -0.8615767638906536 -1.0750129694179769 -1.0140771937749204 -1.229127449585382 -1.2009569833905787 -1.1910198144521345 -1.099263693603625 
372 -1 0.8043182236783911 0.8576472974787873 0.8085530989292153 0.13901163673376885 0.5544332318179817 -1.1910198144521345 0.6543188291715801 
373 1 -0.8615767638906536 -1.117960975349016 -1.102268982131572 -1.2779895598110658 -1.2250034246948056 -1.1910198144521345 -1.130028299266348 
374 -1 0.3206712918035072 0.5570112559615129 0.485183208288159 0.33446007763650465 0.1937366122545788 0.7477512061792669 0.40820198386979695 
375 1 -0.96905385986285 -1.0750129694179769 -1.0140771937749204 -1.229127449585382 -1.176910542086352 -1.1910198144521345 -1.1607929049290708 
376 -1 0.6431025797200965 0.5999592618925521 0.6321695222159118 0.8963743452318701 0.5784796731222085 0.8862348505100813 0.8389064631479175 
377 1 -0.9153153118767517 -1.117960975349016 -1.043474456560471 -1.229127449585382 -1.2009569833905787 -1.1910198144521345 -1.130028299266348 
378 -1 -0.3241912840296714 -0.13015683893511434 0.07362152929045095 1.165115951473132 0.6746654383391159 -0.08315065980561943 0.31590816688162826 
379 1 -0.9153153118767517 -0.6025849041765455 -0.7201045659194146 1.3849954474887096 0.4101545839926205 -0.3601179484672482 -0.36091315769827553 
380 1 -0.9153153118767517 -1.2038569872110945 -1.102268982131572 -1.229127449585382 -1.2009569833905787 -1.1910198144521345 -1.0684990879409022 
381 1 -0.8615767638906536 -1.0750129694179769 -1.0140771937749204 -1.20469639447254 -1.176910542086352 -1.1910198144521345 -1.1607929049290708 
382 1 -0.9153153118767517 -1.0320649634869377 -1.0728717193460215 -1.20469639447254 -1.152864100782125 -1.3295034587829488 -1.0684990879409022 
383 1 -0.43166838000186786 -0.21605285079719275 -0.2203510985650548 1.4338575577143937 0.818944086164477 -0.08315065980561943 0.19284974423073667 
384 -1 0.0519785518730161 0.3422712263063169 0.16181331764710266 1.3117022821501838 0.7468047622517965 0.7477512061792669 0.37743737820707407 
385 1 -0.8615767638906536 -1.1609089812800553 -1.0728717193460215 -1.229127449585382 -1.2250034246948056 -1.1910198144521345 -1.099263693603625 
386 1 -0.8615767638906536 -1.2038569872110945 -1.0728717193460215 -1.2535585046982238 -1.2009569833905787 -1.1910198144521345 -1.099263693603625 
387 -1 0.5893640317339983 0.6429072678235913 0.4557859455026084 0.5787706287649245 0.1937366122545788 0.7477512061792669 0.06979132157984506 
388 -1 0.8043182236783911 0.7288032796856697 0.8967448872858671 0.7253569594419763 1.0353620579025187 0.6092675618484525 1.2080817311005922 
389 -1 0.6968411277061947 0.8576472974787873 0.9555394128569682 0.2855979674108207 0.7227583209475696 -0.7755688814596914 0.9619648857988091 
390 -1 0.15945564784521254 0.2993232203752777 0.4557859455026084 0.0901495265080849 0.7468047622517965 0.7477512061792669 1.0850233084497007 
391 1 -0.8615767638906536 -1.0750129694179769 -1.043474456560471 -1.229127449585382 -1.152864100782125 -1.1910198144521345 -1.130028299266348 
392 -1 0.21319419583131075 0.1704792025821601 0.13241605486155208 0.3100290225236627 0.1456437296461251 0.6092675618484525 0.06979132157984506 
393 -1 1.9865662793725518 2.1890354813410027 2.5429916032766995 1.3605643923758677 2.670520066589945 0.19381662885600937 2.9924288595385202 
394 1 -1.0227924078489483 -1.2038569872110945 -1.1316662449171226 -1.20469639447254 -1.2009569833905787 -1.1910198144521345 -1.1607929049290708 
395 -1 1.5566578954837662 1.3300753627202186 1.190717515141373 0.5787706287649245 0.7948976448602502 0.7477512061792669 0.9619648857988091 
396 1 -0.9153153118767517 -1.117960975349016 -1.102268982131572 -1.2535585046982238 -1.2009569833905787 -1.1910198144521345 -1.130028299266348 
397 1 -0.96905385986285 -1.117960975349016 -1.043474456560471 -1.180265339359698 -1.2009569833905787 -1.1910198144521345 -1.130028299266348 
398 1 -0.96905385986285 -0.9032209456938199 -1.043474456560471 -1.131403229134014 -1.176910542086352 -0.9140525257905058 -1.0684990879409022 
399 -1 1.5029193474976679 1.5877633983064539 1.249512040712474 1.3117022821501838 1.5643837665955096 0.7477512061792669 1.60802160471599 
400 -1 0.15945564784521254 0.2134272085131993 0.3381968943604061 1.1406848963602898 1.2036871470321067 0.8862348505100813 0.7773772518224717 
401 -1 0.6431025797200965 0.7288032796856697 0.6027722594303613 0.8475122350061862 0.3380152600799399 1.3016857835025244 0.34667277254435114 
402 -1 0.9117953196505876 0.2993232203752777 0.6321695222159118 0.6276327389906083 0.5544332318179817 0.7477512061792669 0.7466126461597489 
403 1 -0.4854069279879661 -0.2590008567282319 -0.39673467527835826 1.4827196679400776 0.6025261144264353 -0.4986015927980626 -0.11479631239649232 
404 -1 0.48188693576180186 0.8146992915477481 1.04373120121362 0.7009259043291344 0.7708512035560233 0.6092675618484525 0.8389064631479175 
405 1 -0.27045273604357317 -0.5166888923144671 -0.39673467527835826 -0.7893684575542262 -0.5997959507849073 -0.637085237128877 -0.4532069746864442 
406 1 -0.8615767638906536 -0.9461689516248591 -0.896488142632718 -1.180265339359698 -1.152864100782125 -1.1910198144521345 -1.0684990879409022 
407 1 -0.9153153118767517 -1.117960975349016 -1.043474456560471 -1.229127449585382 -1.2009569833905787 -1.3295034587829488 -1.099263693603625 
408 -1 1.1267495115949804 1.201231344927101 1.1319229895702716 1.042960675908922 0.9391762926856113 0.33230027318682376 0.9004356744733634 
409 -1 -0.37792983201576963 -0.08720883300407513 -0.27914562413615596 0.9940985656832381 0.4822939079053011 0.33230027318682376 -0.05326710107104653 
410 -1 0.3206712918035072 0.4711152440994345 0.5733749966448107 0.3100290225236627 0.6025261144264353 1.0247184948408956 0.685083434834303 
411 -1 -0.001759996113082113 0.4711152440994345 0.485183208288159 0.969667510570396 1.4441515600743753 1.3016857835025244 1.0850233084497007 
412 -1 2.5776903072196324 2.446723516927238 2.337210763777845 1.189547006585974 1.5884302078997365 1.4401694278333388 1.7926092386923274 
413 1 -0.8078382159045554 -0.9891169575558983 -1.0140771937749204 -1.180265339359698 -1.176910542086352 -1.3295034587829488 -1.099263693603625 
414 -1 0.48188693576180186 0.5140632500304737 0.5439777338592602 0.5054774634263985 0.650618997034889 0.8862348505100813 0.7158480404970259 
415 -1 0.42814838777570363 0.9435433093408657 1.249512040712474 0.8719432901190282 0.9632227339898382 1.4401694278333388 1.0850233084497007 
416 1 -0.96905385986285 -1.0750129694179769 -1.1904607704882237 -1.229127449585382 -1.2009569833905787 -1.1910198144521345 -1.0377344822781793 
417 1 0.21319419583131075 0.5999592618925521 0.30879963157485557 0.8475122350061862 0.12159728834189824 0.6092675618484525 0.31590816688162826 
418 1 -0.9153153118767517 -1.0750129694179769 -1.102268982131572 -1.180265339359698 -1.2009569833905787 -1.1910198144521345 -1.0684990879409022 
419 1 -1.0227924078489483 -1.117960975349016 -1.1316662449171226 -1.229127449585382 -1.176910542086352 -1.1910198144521345 -1.0684990879409022 
420 -1 1.7178735394420608 1.4589193805133363 1.3671010918546762 0.969667510570396 0.8670369687729307 1.3016857835025244 0.8696710688106404 
421 -1 0.8043182236783911 0.8576472974787873 0.9261421500714176 1.2628401719244997 0.5784796731222085 1.0247184948408956 1.300375548088761 
422 1 -0.9153153118767517 -1.117960975349016 -1.0728717193460215 -1.2535585046982238 -1.2009569833905787 -1.1910198144521345 -1.0684990879409022 
423 -1 0.7505796756922929 0.8576472974787873 1.0143339384280694 0.7986501247805022 0.8910834100771575 0.7477512061792669 0.992729491461532 
424 1 -1.0765309558350464 -1.1609089812800553 -1.1316662449171226 -1.2535585046982238 -1.2009569833905787 -1.1910198144521345 -1.099263693603625 
425 -1 0.8580567716644893 0.8146992915477481 1.102525726784721 0.43218429808787256 0.9151298513813845 1.4401694278333388 1.023494097124255 
426 -1 0.6431025797200965 0.7717512856167089 0.9849366756425187 0.6764948492162923 0.7948976448602502 0.47078391751763815 0.6235542235088573 
427 -1 0.5356254837479001 0.5570112559615129 0.8673476245003164 0.43218429808787256 0.818944086164477 -0.08315065980561943 1.0542587027869779 
428 -1 4.888447870621856 4.121695748237767 3.248525910129913 1.4094265026015516 1.299872912249014 1.4401694278333388 1.638786210378713 
429 1 -0.3241912840296714 -0.3019488626592711 -0.2203510985650548 -0.49619579620012255 -0.503610185568 0.47078391751763815 -0.36091315769827553 
430 -1 1.1804880595810787 0.9005953034098265 0.9849366756425187 0.3100290225236627 1.2517800296405603 1.16320213917171 1.0542587027869779 
431 -1 -0.001759996113082113 0.1275311966511209 0.07362152929045095 0.5787706287649245 0.6025261144264353 1.0247184948408956 0.5004958008579656 
432 1 -0.9153153118767517 -1.117960975349016 -1.102268982131572 -1.229127449585382 -1.2250034246948056 -1.05253617012132 -1.099263693603625 
433 1 -0.8615767638906536 -0.8173249338317415 -0.690707303133864 -0.3251784104102287 0.26587593616725935 -0.08315065980561943 -1.0069698766154564 
434 1 -0.96905385986285 -1.0750129694179769 -1.102268982131572 -1.229127449585382 -1.2009569833905787 -1.05253617012132 -1.099263693603625 
435 1 -0.96905385986285 -1.0320649634869377 -1.0728717193460215 -1.20469639447254 -1.176910542086352 -1.1910198144521345 -1.0377344822781793 
436 -1 0.26693274381740895 0.3852192322373561 0.5439777338592602 0.11458058162092687 0.4101545839926205 0.8862348505100813 0.5927896178461344 
437 1 -0.8078382159045554 -0.9032209456938199 -1.0728717193460215 -1.20469639447254 -1.152864100782125 -1.05253617012132 -1.1607929049290708 
438 1 -1.0227924078489483 -1.117960975349016 -1.0728717193460215 -1.229127449585382 -1.2009569833905787 -1.3295034587829488 -1.099263693603625 
439 -1 0.0519785518730161 0.1275311966511209 0.07362152929045095 0.8230811798933442 0.5063403492095279 0.7477512061792669 0.31590816688162826 
440 1 -0.27045273604357317 0.2563752144442385 0.16181331764710266 1.165115951473132 0.987269175294065 0.47078391751763815 0.7773772518224717 
441 -1 0.21319419583131075 0.3422712263063169 0.5733749966448107 0.7009259043291344 -0.1188671247003703 0.47078391751763815 -0.3301485520355526 
442 1 -1.1302695038211448 -1.0320649634869377 -1.043474456560471 -1.229127449585382 -1.2009569833905787 -1.1910198144521345 -1.099263693603625 
443 1 -0.96905385986285 -1.0320649634869377 -1.1316662449171226 -1.2535585046982238 -1.2009569833905787 -1.3295034587829488 -1.130028299266348 
444 -1 1.5029193474976679 1.5448153923754147 1.7492655080668338 0.7497880145548182 1.3720122361616947 0.8862348505100813 1.638786210378713 
445 -1 3.1150757870806145 2.661463546582434 2.1314299242789914 1.7025991639556555 1.4201051187701483 0.6092675618484525 1.269610942426038 
446 -1 0.0519785518730161 0.1704792025821601 0.07362152929045095 1.2384091168116578 0.6025261144264353 0.6092675618484525 0.13132053290529086 
447 -1 0.6968411277061947 0.5570112559615129 0.5145804710737095 -0.03200574905612499 0.3139688187757131 0.055332984525194966 0.40820198386979695 
448 -1 1.7178735394420608 1.4589193805133363 1.3671010918546762 0.8475122350061862 0.7227583209475696 0.7477512061792669 0.7158480404970259 
449 1 -0.9153153118767517 -1.117960975349016 -1.0728717193460215 -1.229127449585382 -1.2009569833905787 -1.1910198144521345 -1.099263693603625 
450 -1 1.019272415622784 0.9864913152719049 1.0731284639991705 1.042960675908922 1.3479657948574677 0.6092675618484525 1.269610942426038 
451 -1 0.21319419583131075 0.4711152440994345 0.485183208288159 0.7497880145548182 1.155594264423653 0.8862348505100813 0.8081418574851946 
452 -1 0.3206712918035072 0.5140632500304737 0.4263886827170578 0.8963743452318701 0.28992237747148625 0.6092675618484525 0.10055592724256797 
453 1 -0.9153153118767517 -1.117960975349016 -1.0728717193460215 -1.2535585046982238 -1.152864100782125 -1.3295034587829488 -1.099263693603625 
454 1 -0.96905385986285 -1.117960975349016 -1.0728717193460215 -1.2535585046982238 -1.2009569833905787 -1.1910198144521345 -1.099263693603625 
455 -1 0.15945564784521254 0.3852192322373561 0.2500051060037544 0.43218429808787256 0.5784796731222085 1.0247184948408956 0.685083434834303 
456 -1 1.3954422515254716 1.415971374582297 1.249512040712474 1.4582886128272357 1.7567552970293245 1.0247184948408956 1.8233738443550502 
457 -1 0.8043182236783911 0.8576472974787873 0.8379503617147659 0.8719432901190282 0.5784796731222085 1.0247184948408956 1.0542587027869779 
