id label data 
0 -1 0.5977076844492646 0.6511437857061146 0.9340352592138492 0.7543957420403012 1.1942226459232117 1.4167920302960941 1.1858375734104198 
1 -1 1.3505070701669402 1.3832456652018272 1.463403241955426 1.0968028700903056 1.0730972203246576 0.7291163733698416 1.0005378092951103 
2 1 -0.9078910869860866 -0.8561247897262348 -0.8893433480071372 -1.0310128542204355 -1.1071604404493163 -0.9213052032531645 -1.0995261840117312 
3 1 -0.7465769329037275 -0.8991896061671592 -1.0363900098797973 -1.1777587662418658 -1.1313855255690273 -0.7837700718679139 -1.0377595959732946 
4 1 -0.8003483175978472 -1.1145136883717806 -1.1246180070033935 -1.2266740702490093 -1.1798356958084488 -1.1963754660236654 -1.0995261840117312 
5 -1 1.9419923018022567 1.7277641967292214 1.581040571453554 1.2190911301081642 1.7271745185568497 0.8666515047550921 1.8652700418332215 
6 -1 0.5977076844492646 0.4358197035014933 0.4634859412213366 0.48536157000101215 0.8792965393669709 0.8666515047550921 0.9387712212566739 
7 -1 1.5118212242492992 1.2971160323199789 1.1987192505846376 0.8522263500545881 0.9277467096063926 1.141721767525593 1.0005378092951103 
8 1 -0.9078910869860866 -1.0714488719308564 -1.0952086746288614 -1.2266740702490093 -1.155610610688738 -1.3339105974089158 -1.068642889992513 
9 -1 -0.4239486247390094 0.005171539092250574 -0.036472709145708056 1.0723452180867339 0.8066212840078385 0.591581241984591 0.6299382810644912 
10 -1 0.2750793762845465 0.34969007061964474 0.3164392793486764 0.6565651340260142 0.34634466673333286 0.04144071644358907 0.38287192891074523 
11 -1 0.32885076097866617 0.5650141528242661 0.6693512678430609 0.28970035397243826 0.6370456881698627 1.2792568989108435 0.8461213391990191 
12 1 -0.5852627788213685 -0.29628217599421935 -0.5070220271382206 1.0968028700903056 0.5401453476910194 0.04144071644358907 -0.14214406941596516 
13 1 -0.5314913941272488 -0.16708772667144653 -0.35997536526556045 0.7299380900367295 0.07986873041651385 -0.6462349404826634 -0.45097700960814774 
14 -1 1.0816501466963417 1.1248567665562816 0.9340352592138492 1.145718174097449 1.3395731566414766 1.0041866361403426 1.556437101641039 
15 -1 0.16753660689630712 0.34969007061964474 0.6693512678430609 0.8766840020581599 1.1699975608035007 0.31651097921409005 1.5873203956602573 
16 1 -0.3701772400448897 0.09130117197409912 0.22821128222508028 1.2190911301081642 1.1215473905640791 0.04144071644358907 0.6917048691029278 
17 1 -0.6928055482096078 -0.46854144175791645 -0.5658406918872847 0.8277686980510165 -0.23505737613972683 -0.6462349404826634 0.012272400680126134 
18 1 -1.015433856374326 -1.2006433212536292 -1.0363900098797973 -1.2266740702490093 -1.2040607809281596 -1.1963754660236654 -1.1304094780309495 
19 -1 0.9203359926139827 0.866467867910736 0.9046259268393172 0.3386156579795817 0.6370456881698627 0.8666515047550921 0.8461213391990191 
20 1 -0.4239486247390094 -0.16708772667144653 -0.3305660328910284 1.6593288661724555 0.20099415601506795 0.31651097921409005 -0.23479395147361992 
21 1 -0.8541197022919669 -0.8561247897262348 -0.8893433480071372 -1.0310128542204355 -0.9860350148507623 0.8666515047550921 -0.9451097139156398 
22 1 -0.8003483175978472 -0.7699951568443864 -0.9481620127562013 -1.153301114238294 -1.0587102702098947 0.31651097921409005 -1.0377595959732946 
23 1 -0.9078910869860866 -1.1575785048127047 -1.0363900098797973 -1.2266740702490093 -1.1798356958084488 -1.3339105974089158 -1.1304094780309495 
24 1 -0.9078910869860866 -1.028384055489932 -1.1246180070033935 -1.2266740702490093 -1.1798356958084488 -1.1963754660236654 -1.0995261840117312 
25 1 -1.0692052410684456 -1.1145136883717806 -1.0363900098797973 -1.1777587662418658 -1.1798356958084488 -1.1963754660236654 -1.068642889992513 
26 1 -0.8003483175978472 -1.0714488719308564 -1.0952086746288614 -1.153301114238294 -1.1798356958084488 -1.1963754660236654 -1.0995261840117312 
27 -1 0.7590218385316236 0.6511437857061146 0.845807262090253 0.5098192220045838 0.7823961988881276 0.8666515047550921 0.8461213391990191 
28 1 -0.9616624716802062 -1.1145136883717806 -1.0657993422543295 -1.2266740702490093 -1.1798356958084488 -1.1963754660236654 -1.1304094780309495 
29 -1 0.5977076844492646 0.9095326843516603 0.9046259268393172 1.0968028700903056 0.6370456881698627 0.591581241984591 0.8152380451798008 
30 -1 0.43639353036690554 0.4788845199424176 0.816397929715721 0.8766840020581599 0.6612707732895735 0.7291163733698416 0.722588163122146 
31 -1 0.43639353036690554 0.5650141528242661 0.5517139383449327 0.4119886139902969 0.7339460286487061 1.0041866361403426 0.9387712212566739 
32 1 -0.8003483175978472 -0.9422544226080835 -0.8599340156326051 -1.1043858102311508 -1.155610610688738 -1.058840334638415 -1.0377595959732946 
33 1 -0.9616624716802062 -0.9853192390490078 -1.0952086746288614 -1.1777587662418658 -1.155610610688738 -0.9213052032531645 -1.068642889992513 
34 1 -1.0692052410684456 -1.0714488719308564 -1.1246180070033935 -1.2755893742561528 -1.2282858660478704 -1.3339105974089158 -1.1612927720501676 
35 1 -0.8003483175978472 -0.5977358910806893 -0.6540686890108809 1.0968028700903056 0.07986873041651385 -0.23362954632691194 -0.5745101856850208 
36 -1 1.565592608943419 1.5985697474064486 1.6692685685771502 0.7543957420403012 1.6302741780780063 1.691862293066595 1.7417368657563486 
37 1 -0.6390341635154881 -0.8561247897262348 -0.8599340156326051 -1.0065552022168638 -1.034485185090184 0.04144071644358907 -1.0068763019540763 
38 -1 0.9203359926139827 0.7372734185879632 0.816397929715721 0.2407850499652948 0.612820603050152 1.2792568989108435 1.309370749487293 
39 -1 1.8344495324140173 1.8569586460519942 1.8163152304498102 1.43920999814031 1.412248412000609 0.7291163733698416 1.1858375734104198 
40 -1 0.8127932232257433 1.038727133674433 1.0222632563374454 1.2924640861188794 1.2184477310429225 0.7291163733698416 1.2476041614488564 
41 -1 0.43639353036690554 0.4788845199424176 0.5811232707194648 0.9011416540617316 0.8792965393669709 -0.23362954632691194 0.9387712212566739 
42 -1 0.9203359926139827 0.8234030514698117 0.9046259268393172 0.9255993060653034 0.8792965393669709 0.8666515047550921 0.8461213391990191 
43 -1 0.7590218385316236 0.866467867910736 0.7281699325921249 1.0234299140795904 0.9761968798458143 0.04144071644358907 0.6917048691029278 
44 1 -0.7465769329037275 -0.6408007075216136 -0.8599340156326051 -1.079928158227579 -1.0829353553296055 -0.9213052032531645 -0.9451097139156398 
45 -1 0.8127932232257433 1.038727133674433 1.0810819210865095 0.3875309619867252 0.5643704328107303 -0.09609441494166143 0.6917048691029278 
46 -1 -0.26263447065665035 -0.16708772667144653 -0.18351937101836824 1.1701758261010207 0.5643704328107303 0.591581241984591 0.19757216479543568 
47 1 0.9203359926139827 1.0817919501153574 1.1104912534610414 1.1701758261010207 1.43647349712032 0.04144071644358907 1.4946705136026024 
48 -1 0.4901649150610252 0.7372734185879632 0.7281699325921249 0.9011416540617316 1.3153480715217658 0.8666515047550921 1.0005378092951103 
49 1 -0.8541197022919669 -0.9853192390490078 -1.0657993422543295 -1.2022164182454376 -1.2040607809281596 -1.1963754660236654 -1.068642889992513 
50 -1 0.8127932232257433 0.866467867910736 0.9340352592138492 0.48536157000101215 0.9519717947261034 0.8666515047550921 1.2167208674296381 
51 -1 0.8127932232257433 0.8234030514698117 0.816397929715721 0.21632739796172304 0.5159202625713086 1.0041866361403426 0.8152380451798008 
52 1 -0.9078910869860866 -1.1575785048127047 -1.1540273393779255 -1.2022164182454376 -1.1798356958084488 -1.3339105974089158 -1.1612927720501676 
53 -1 0.5977076844492646 0.6511437857061146 0.5517139383449327 0.681022786029586 0.9277467096063926 1.0041866361403426 0.5681716930260547 
54 1 0.9203359926139827 2.3306716269021615 2.228045883693259 0.681022786029586 1.7998497739159822 -0.23362954632691194 2.2358695700638402 
55 -1 1.1354215313904614 1.1248567665562816 0.8752165944647852 1.1946334781045924 1.1699975608035007 1.5543271616813445 0.8770046332182373 
56 1 -0.9078910869860866 -1.1575785048127047 -1.0363900098797973 -1.2755893742561528 -1.2282858660478704 -1.1963754660236654 -1.1304094780309495 
57 -1 0.5439362997551449 0.8234030514698117 0.9046259268393172 0.6076498300188709 0.8550714542472602 0.17897584782883957 1.0931876913527652 
58 1 -0.6390341635154881 -0.8130599732853107 -0.9187526803816692 -1.1043858102311508 -1.1798356958084488 -1.058840334638415 -1.0377595959732946 
59 -1 0.9741073773081024 0.22049562129687195 1.3457659124572978 0.7054804380331577 0.6612707732895735 0.17897584782883957 0.722588163122146 
60 1 -0.8541197022919669 -1.0714488719308564 -1.0952086746288614 -1.2266740702490093 -1.2040607809281596 -1.1963754660236654 -1.068642889992513 
61 -1 -0.5852627788213685 -0.3393469924351436 -0.2717473681419644 0.681022786029586 0.612820603050152 -0.09609441494166143 0.5681716930260547 
62 1 -0.7465769329037275 -0.5116062581988408 -0.5952500242618168 0.6076498300188709 0.41901992209246536 0.04144071644358907 -0.08037748137752863 
63 -1 0.16753660689630712 0.34969007061964474 0.25762061459961233 1.0234299140795904 0.20099415601506795 -0.09609441494166143 -0.20391065745440168 
64 1 -1.176748010456685 -0.8561247897262348 -0.801115350883541 0.14295444195100784 -0.6953339934142324 -0.508699809097413 -0.8215765378387668 
65 -1 1.027878762002222 0.9956623172335088 0.9634445915883812 0.5831921780152991 0.7339460286487061 1.141721767525593 0.8770046332182373 
66 1 -0.3701772400448897 -0.12402291023052224 -0.24233803576743232 0.5587345260117274 -0.16238212078059436 -0.6462349404826634 -0.481860303627366 
67 1 -0.8541197022919669 -0.42547662531699215 -0.5952500242618168 1.3902946941331664 0.5401453476910194 0.4540461105993406 0.04315569469934439 
68 1 -0.9616624716802062 -0.7699951568443864 -0.742296686134477 -0.5418598141490008 -0.4046329719777026 0.591581241984591 -0.42009371558892944 
69 -1 0.43639353036690554 0.6511437857061146 0.49289527359586865 0.6076498300188709 0.7339460286487061 0.8666515047550921 0.6608215750837095 
70 -1 1.0816501466963417 1.038727133674433 1.1987192505846376 0.681022786029586 0.6612707732895735 0.8666515047550921 0.7843547511605825 
71 1 -0.31640585535077004 -0.08095809378959798 -0.12470070626930417 1.0478875660831621 0.4916951774515978 0.4540461105993406 0.13580557675699917 
72 -1 0.006222452813948061 0.2635604377377962 1.6986779009516821 1.1701758261010207 0.9035216244866817 0.7291163733698416 0.9696545152758921 
73 1 -0.9078910869860866 -1.1575785048127047 -1.1246180070033935 -1.2022164182454376 -1.1798356958084488 -1.1963754660236654 -1.1921760660693859 
74 -1 2.533477533437573 2.11534754469754 1.6986779009516821 1.4636676501438817 1.1942226459232117 0.7291163733698416 0.9387712212566739 
75 1 -1.015433856374326 -1.1575785048127047 -1.0363900098797973 -1.2266740702490093 -1.2282858660478704 -1.1963754660236654 -1.1612927720501676 
76 -1 0.38262214567278585 0.2635604377377962 0.25762061459961233 0.2407850499652948 0.5401453476910194 0.4540461105993406 0.6917048691029278 
77 1 -0.9616624716802062 -1.028384055489932 -1.0363900098797973 -1.1777587662418658 -1.155610610688738 -1.058840334638415 -1.0995261840117312 
78 1 -0.8541197022919669 -0.9422544226080835 -1.0952086746288614 -1.1777587662418658 -1.1313855255690273 -1.1963754660236654 -1.0995261840117312 
79 1 -0.8541197022919669 -1.028384055489932 -1.0363900098797973 -1.2266740702490093 -1.155610610688738 -1.1963754660236654 -1.1304094780309495 
80 -1 0.43639353036690554 0.4358197035014933 0.49289527359586865 0.3386156579795817 0.44324500721217613 0.8666515047550921 0.4755218109684 
81 -1 1.189192916084581 1.038727133674433 1.1693099182101054 0.6565651340260142 1.5818240078385848 1.5543271616813445 1.4946705136026024 
82 1 -0.8541197022919669 -0.9853192390490078 -1.0657993422543295 -1.2266740702490093 -1.155610610688738 -1.3339105974089158 -1.1612927720501676 
83 1 -0.9078910869860866 -0.9422544226080835 -1.0363900098797973 -1.2266740702490093 -1.1798356958084488 -1.1963754660236654 -1.0377595959732946 
84 1 -1.015433856374326 -1.028384055489932 -1.0952086746288614 -1.2266740702490093 -1.1798356958084488 -1.1963754660236654 -1.0995261840117312 
85 -1 0.43639353036690554 0.4788845199424176 0.757579264966657 0.16741209395457957 0.5159202625713086 0.7291163733698416 0.6917048691029278 
86 1 -0.8003483175978472 -1.028384055489932 -1.0657993422543295 -1.2266740702490093 -1.1798356958084488 -1.1963754660236654 -1.0377595959732946 
87 1 -0.8541197022919669 -1.1145136883717806 -1.0952086746288614 -1.2266740702490093 -1.2040607809281596 -1.1963754660236654 -1.0995261840117312 
88 1 -0.8003483175978472 -0.3824118088760679 -0.6246593566363489 0.9255993060653034 -0.16238212078059436 0.31651097921409005 -0.605393479704239 
89 1 -0.8541197022919669 -1.0714488719308564 -1.0952086746288614 -1.2266740702490093 -1.2040607809281596 -1.1963754660236654 -1.0995261840117312 
90 1 -0.8541197022919669 -1.1145136883717806 -1.0952086746288614 -1.2266740702490093 -1.1798356958084488 -1.1963754660236654 -1.1304094780309495 
91 -1 0.16753660689630712 0.39275488706056905 0.25762061459961233 1.2924640861188794 0.8066212840078385 0.7291163733698416 0.599054987045273 
92 -1 0.43639353036690554 0.4788845199424176 0.4634859412213366 1.3658370421295947 1.3395731566414766 0.8666515047550921 0.9696545152758921 
93 1 -0.8003483175978472 -1.028384055489932 -1.0363900098797973 -1.2022164182454376 -1.155610610688738 -1.1963754660236654 -1.068642889992513 
94 -1 0.9203359926139827 0.7372734185879632 0.786988597341189 0.11849678994743609 0.44324500721217613 0.7291163733698416 0.6299382810644912 
95 -1 0.5439362997551449 0.3066252541787205 0.43407660884680455 0.2407850499652948 0.2494443262544896 0.8666515047550921 0.4137552229299635 
96 1 -0.9078910869860866 -1.0714488719308564 -1.0363900098797973 -1.2266740702490093 -1.1798356958084488 -1.1963754660236654 -1.1304094780309495 
97 -1 2.049535071190496 1.81389382961107 1.9045432275734064 0.778853394043873 0.9761968798458143 1.691862293066595 1.2167208674296381 
98 -1 2.372163379355214 1.8569586460519942 1.8163152304498102 0.7054804380331577 0.9277467096063926 0.04144071644358907 1.2167208674296381 
99 1 -0.5314913941272488 -0.3393469924351436 -0.3011567005164964 0.6321074820224426 0.22521924113477879 -0.09609441494166143 0.012272400680126134 
100 1 -0.9078910869860866 -1.0714488719308564 -0.9775713451307333 -1.2266740702490093 -1.1798356958084488 -1.3339105974089158 -1.068642889992513 
101 -1 1.4042784548610598 1.3832456652018272 1.2575379153337016 0.681022786029586 0.612820603050152 1.2792568989108435 1.2784874554680747 
102 1 -0.9078910869860866 -1.028384055489932 -0.9775713451307333 -1.153301114238294 -1.155610610688738 -0.9213052032531645 -1.1304094780309495 
103 -1 0.2750793762845465 0.39275488706056905 0.757579264966657 0.3875309619867252 0.6854958584092844 0.8666515047550921 0.9387712212566739 
104 1 -0.9078910869860866 -1.1145136883717806 -1.0363900098797973 -1.2022164182454376 -1.1313855255690273 -1.3339105974089158 -1.068642889992513 
105 1 -0.9616624716802062 -1.0714488719308564 -1.0657993422543295 -1.1777587662418658 -1.2040607809281596 -1.3339105974089158 -1.068642889992513 
106 1 -0.9078910869860866 -0.9422544226080835 -1.0069806775052652 -1.2266740702490093 -1.2040607809281596 -1.1963754660236654 -1.068642889992513 
107 1 -0.6928055482096078 -0.46854144175791645 -0.6246593566363489 1.4147523461367382 0.34634466673333286 0.591581241984591 -0.3274438335312747 
108 1 -0.8003483175978472 -1.028384055489932 -1.0952086746288614 -1.2266740702490093 -1.1798356958084488 -1.1963754660236654 -1.1612927720501676 
109 1 -0.8541197022919669 -1.1145136883717806 -1.0657993422543295 -1.2755893742561528 -1.2040607809281596 -1.1963754660236654 -1.1612927720501676 
110 1 -0.9078910869860866 -1.028384055489932 -1.0657993422543295 -1.2022164182454376 -1.155610610688738 -1.058840334638415 -1.0995261840117312 
111 1 -0.8541197022919669 -0.9853192390490078 -1.0952086746288614 -1.2022164182454376 -1.155610610688738 -1.1963754660236654 -1.1612927720501676 
112 -1 0.43639353036690554 0.39275488706056905 0.4046672764722725 0.14295444195100784 0.34634466673333286 1.4167920302960941 0.4137552229299635 
113 -1 3.9853049201788044 3.364227221484344 2.7280045340603034 1.2190911301081642 1.14577247568379 1.5543271616813445 1.1858375734104198 
114 -1 0.9741073773081024 0.7803382350288874 0.8752165944647852 0.16741209395457957 0.29789449649391125 0.8666515047550921 0.5064051049876183 
115 1 -0.6928055482096078 -0.8561247897262348 -0.9187526803816692 -1.1288434622347225 -1.1798356958084488 -1.058840334638415 -1.068642889992513 
116 -1 0.006222452813948061 0.09130117197409912 0.02234595560335602 0.9255993060653034 0.612820603050152 0.591581241984591 0.22845545881465393 
117 1 -0.7465769329037275 -0.8991896061671592 -1.0657993422543295 -1.2022164182454376 -1.1798356958084488 -1.058840334638415 -1.0377595959732946 
118 -1 0.16753660689630712 0.39275488706056905 0.3164392793486764 0.28970035397243826 0.6854958584092844 1.4167920302960941 0.6299382810644912 
119 1 -0.6928055482096078 -0.726930340403462 -0.8599340156326051 -1.1288434622347225 -1.1313855255690273 -0.9213052032531645 -1.1304094780309495 
120 1 -0.8541197022919669 -1.0714488719308564 -1.0069806775052652 -1.1777587662418658 -1.155610610688738 -1.1963754660236654 -1.1304094780309495 
121 -1 1.189192916084581 0.9095326843516603 1.1104912534610414 0.5831921780152991 0.7581711137684168 0.8666515047550921 1.1549542793912015 
122 -1 1.1354215313904614 1.2971160323199789 1.463403241955426 0.43644626599386865 0.6854958584092844 2.1044676872223467 0.9696545152758921 
123 -1 -0.5852627788213685 -0.08095809378959798 -0.1541100386438362 1.2190911301081642 0.6612707732895735 0.4540461105993406 0.19757216479543568 
124 -1 1.1354215313904614 1.0817919501153574 1.2281285829591695 0.7543957420403012 1.266897901282344 0.8666515047550921 1.2784874554680747 
125 1 -0.5314913941272488 -0.08095809378959798 -0.18351937101836824 1.0968028700903056 0.5401453476910194 -0.09609441494166143 -0.04949418735831038 
126 -1 -0.04754893188017162 0.17743080485594767 0.11057395272695213 1.145718174097449 0.7097209435289952 0.591581241984591 0.5681716930260547 
127 1 -0.8541197022919669 -1.028384055489932 -1.0657993422543295 -1.1777587662418658 -1.1798356958084488 -1.058840334638415 -1.1304094780309495 
128 1 -0.8541197022919669 -1.028384055489932 -1.0363900098797973 -1.2266740702490093 -1.1798356958084488 -1.1963754660236654 -1.1304094780309495 
129 -1 0.43639353036690554 0.4358197035014933 0.3752579440977405 0.43644626599386865 0.612820603050152 1.2792568989108435 0.722588163122146 
130 1 -0.9078910869860866 -0.6838655239625377 -0.742296686134477 0.9989722620760186 0.03141856017709221 -0.37116467771216244 -0.605393479704239 
131 -1 0.2213079915904268 0.4788845199424176 0.4634859412213366 0.9500569580688751 0.6612707732895735 0.4540461105993406 0.4755218109684 
132 1 -0.8541197022919669 -1.0714488719308564 -1.0363900098797973 -1.2266740702490093 -1.2040607809281596 -1.1963754660236654 -1.068642889992513 
133 -1 1.7806781477198976 1.641634563847373 1.581040571453554 0.8766840020581599 1.4606985822400307 0.8666515047550921 1.5873203956602573 
134 1 -0.7465769329037275 -1.028384055489932 -1.0657993422543295 -1.2266740702490093 -1.1798356958084488 -1.1963754660236654 -1.0995261840117312 
135 1 -0.8541197022919669 -0.46854144175791645 -0.5952500242618168 1.0234299140795904 0.007193475057381385 -0.37116467771216244 -0.26567724549283817 
136 1 -0.9616624716802062 -1.028384055489932 -1.0657993422543295 -1.2266740702490093 -1.1798356958084488 -1.3339105974089158 -1.0068763019540763 
137 -1 0.5439362997551449 0.22049562129687195 0.4046672764722725 0.2407850499652948 0.03141856017709221 0.31651097921409005 0.04315569469934439 
138 -1 -0.26263447065665035 0.17743080485594767 0.05175528797788806 1.806074778193886 0.5159202625713086 0.31651097921409005 0.13580557675699917 
139 1 -0.9616624716802062 -1.1145136883717806 -1.0952086746288614 -1.2266740702490093 -1.2040607809281596 -1.1963754660236654 -1.0995261840117312 
140 -1 0.5439362997551449 0.5650141528242661 0.49289527359586865 0.21632739796172304 0.46747009233188697 1.141721767525593 0.5681716930260547 
141 -1 0.16753660689630712 0.34969007061964474 0.3164392793486764 0.8766840020581599 0.41901992209246536 0.8666515047550921 0.3211053408723087 
142 -1 0.2213079915904268 0.6511437857061146 0.3458486117232084 0.9745146100724469 1.557598922718874 1.2792568989108435 0.9387712212566739 
143 -1 0.7590218385316236 0.9956623172335088 1.2281285829591695 0.48536157000101215 0.7581711137684168 0.7291163733698416 0.8770046332182373 
144 1 -0.9078910869860866 -0.9853192390490078 -1.0363900098797973 -1.2022164182454376 -1.155610610688738 -1.3339105974089158 -1.0377595959732946 
145 -1 1.0816501466963417 0.9525975007925845 0.9634445915883812 0.5098192220045838 0.6370456881698627 0.591581241984591 0.8770046332182373 
146 -1 -0.31640585535077004 -0.0378932773486737 0.0811646203524201 0.6321074820224426 0.5159202625713086 0.8666515047550921 0.38287192891074523 
147 -1 0.006222452813948061 0.17743080485594767 0.13998328510148417 0.8766840020581599 0.8308463691275493 0.7291163733698416 0.5681716930260547 
148 1 -0.9078910869860866 -1.028384055489932 -1.0069806775052652 -1.2266740702490093 -1.2282858660478704 -1.1963754660236654 -1.1612927720501676 
149 -1 0.7590218385316236 1.0817919501153574 1.1693099182101054 1.4147523461367382 1.2426728161626333 0.17897584782883957 1.3402540435065111 
150 -1 0.6514790691433843 0.6511437857061146 0.7281699325921249 0.21632739796172304 0.5159202625713086 1.8293974244518456 0.6608215750837095 
151 -1 0.5439362997551449 0.5219493363833418 0.5811232707194648 0.43644626599386865 1.0488721352049466 0.7291163733698416 1.2784874554680747 
152 1 -0.7465769329037275 -0.46854144175791645 -0.4482033623891566 0.31415800597600996 -0.23505737613972683 -0.9213052032531645 -0.5436268916658025 
153 -1 0.2213079915904268 0.4788845199424176 0.3752579440977405 1.0478875660831621 0.9519717947261034 0.8666515047550921 0.8770046332182373 
154 1 -0.7465769329037275 -1.1145136883717806 -1.0952086746288614 -1.2266740702490093 -1.2040607809281596 -1.3339105974089158 -1.1612927720501676 
155 1 -0.9616624716802062 -1.2006433212536292 -1.1540273393779255 -1.251131722252581 -1.1798356958084488 -1.1963754660236654 -1.0995261840117312 
156 1 -1.015433856374326 -1.1145136883717806 -1.0952086746288614 -1.2022164182454376 -1.2040607809281596 -1.1963754660236654 -1.0995261840117312 
157 -1 0.4901649150610252 0.5219493363833418 0.9046259268393172 0.4119886139902969 0.46747009233188697 0.8666515047550921 0.6299382810644912 
158 1 -0.8541197022919669 -0.9422544226080835 -0.9775713451307333 -1.1777587662418658 -1.1798356958084488 -1.058840334638415 -1.0995261840117312 
159 1 -0.9078910869860866 -1.028384055489932 -1.0363900098797973 -1.2022164182454376 -1.2040607809281596 -1.1963754660236654 -1.1612927720501676 
160 -1 0.11376522220218742 0.22049562129687195 0.28702994697414436 0.06958148594029262 0.20099415601506795 0.591581241984591 -0.11126077539674689 
161 -1 0.9203359926139827 0.866467867910736 0.9340352592138492 0.2407850499652948 0.29789449649391125 1.966932555837096 0.5064051049876183 
162 -1 -0.1013203165742913 0.09130117197409912 0.02234595560335602 0.9989722620760186 0.5885955179304411 0.8666515047550921 0.2593387528338722 
163 -1 0.9741073773081024 1.038727133674433 1.2281285829591695 0.3875309619867252 0.7339460286487061 1.5543271616813445 0.722588163122146 
164 -1 0.11376522220218742 0.048236355533174846 0.11057395272695213 0.3386156579795817 0.12831890065593549 1.0041866361403426 0.012272400680126134 
165 1 -0.7465769329037275 -1.1145136883717806 -1.0657993422543295 -1.2022164182454376 -1.2040607809281596 -1.1963754660236654 -1.1304094780309495 
166 -1 3.9853049201788044 3.235032772161571 2.6397765369367074 1.1946334781045924 1.0246470500852358 1.966932555837096 1.1858375734104198 
167 -1 0.866564607919863 0.9956623172335088 0.9046259268393172 0.4119886139902969 1.0730972203246576 1.141721767525593 1.432903925564166 
168 1 -0.31640585535077004 0.17743080485594767 0.05175528797788806 0.7299380900367295 0.22521924113477879 0.7291163733698416 0.012272400680126134 
169 -1 2.3183919946610945 2.2445419940203126 2.169227218944195 1.1212605220938772 1.5818240078385848 1.0041866361403426 1.8961533358524398 
170 1 0.43639353036690554 0.39275488706056905 0.3752579440977405 0.06958148594029262 0.12831890065593549 0.8666515047550921 -0.04949418735831038 
171 -1 0.9741073773081024 1.0817919501153574 1.581040571453554 0.8522263500545881 2.502377242387596 -0.37116467771216244 2.9461853325058605 
172 -1 0.32885076097866617 0.4358197035014933 0.25762061459961233 0.21632739796172304 0.5401453476910194 0.4540461105993406 0.6608215750837095 
173 1 -0.9078910869860866 -1.0714488719308564 -1.0657993422543295 -1.2266740702490093 -1.1798356958084488 -1.058840334638415 -1.0377595959732946 
174 -1 1.6193639936375386 1.340180848760903 1.2869472477082338 0.5342768740081556 1.1699975608035007 1.0041866361403426 1.432903925564166 
175 1 -0.8541197022919669 -1.0714488719308564 -1.0069806775052652 -1.1777587662418658 -1.1798356958084488 -1.3339105974089158 -1.0995261840117312 
176 1 -0.9078910869860866 -1.028384055489932 -1.0069806775052652 -1.1777587662418658 -1.1313855255690273 -1.1963754660236654 -1.0995261840117312 
177 1 1.4042784548610598 1.5124401145246 1.6986779009516821 0.6076498300188709 1.9694253697539579 -0.7837700718679139 2.1123363939869675 
178 1 -0.8003483175978472 -0.9422544226080835 -1.0657993422543295 -1.1288434622347225 -1.1798356958084488 -1.058840334638415 -1.068642889992513 
179 1 -0.9078910869860866 -0.6838655239625377 -0.801115350883541 0.14295444195100784 -0.47730822733683503 1.0041866361403426 -0.7598099498003303 
180 1 -0.9078910869860866 -1.028384055489932 -1.0363900098797973 -1.2022164182454376 -1.2040607809281596 -1.1963754660236654 -1.068642889992513 
181 -1 0.9203359926139827 0.7803382350288874 0.845807262090253 0.21632739796172304 0.4916951774515978 0.7291163733698416 0.722588163122146 
182 1 -1.015433856374326 -1.2006433212536292 -1.0657993422543295 -1.2266740702490093 -1.1798356958084488 -1.1963754660236654 -1.1612927720501676 
183 -1 2.3183919946610945 2.11534754469754 1.9927712246970026 1.6837865181760272 2.235901306070777 1.141721767525593 1.9888032179100943 
184 1 -0.9616624716802062 -1.0714488719308564 -1.1246180070033935 -1.1777587662418658 -1.1798356958084488 -1.1963754660236654 -1.0377595959732946 
185 1 -0.8003483175978472 -1.028384055489932 -1.0363900098797973 -1.251131722252581 -1.1798356958084488 -1.1963754660236654 -1.068642889992513 
186 -1 0.9203359926139827 0.8234030514698117 0.9340352592138492 0.5831921780152991 1.3395731566414766 1.141721767525593 1.2476041614488564 
187 -1 0.05999383750806774 0.3066252541787205 0.43407660884680455 -0.19945268609899647 -0.1866072059003052 1.8293974244518456 0.012272400680126134 
188 -1 0.9203359926139827 0.866467867910736 0.845807262090253 0.7299380900367295 0.8066212840078385 1.5543271616813445 0.9696545152758921 
189 1 -0.9616624716802062 -0.6408007075216136 -0.742296686134477 0.5098192220045838 0.03141856017709221 -0.09609441494166143 -0.605393479704239 
190 -1 0.32885076097866617 0.4358197035014933 0.4634859412213366 1.2680064341153077 1.0246470500852358 -0.23362954632691194 1.0005378092951103 
191 1 -0.9078910869860866 -1.1575785048127047 -1.0657993422543295 -1.251131722252581 -1.2282858660478704 -1.1963754660236654 -1.1612927720501676 
192 -1 0.43639353036690554 0.4358197035014933 0.6105326030939968 0.2407850499652948 0.3705697518530437 1.141721767525593 0.351988634891527 
193 1 -1.1229766257625653 -1.1575785048127047 -1.1834366717524576 -1.2266740702490093 -1.2040607809281596 -1.3339105974089158 -1.0995261840117312 
194 1 -0.9078910869860866 -1.028384055489932 -1.0069806775052652 -1.2266740702490093 -1.1798356958084488 -1.1963754660236654 -1.0995261840117312 
195 -1 -0.4239486247390094 -0.25321735955329505 -0.3305660328910284 1.145718174097449 0.6854958584092844 0.8666515047550921 0.19757216479543568 
196 1 -0.9616624716802062 -1.0714488719308564 -1.0363900098797973 -1.1777587662418658 -1.155610610688738 -1.1963754660236654 -1.1612927720501676 
197 1 -0.7465769329037275 -0.6408007075216136 -0.6540686890108809 -0.884266942199005 -0.7195590785339432 0.4540461105993406 -0.7598099498003303 
198 1 -0.4239486247390094 -0.5116062581988408 -0.6540686890108809 -1.0065552022168638 -1.1071604404493163 -0.9213052032531645 -1.0068763019540763 
199 1 -0.8003483175978472 -1.1145136883717806 -1.0069806775052652 -1.2022164182454376 -1.1798356958084488 -1.3339105974089158 -1.1304094780309495 
200 -1 0.32885076097866617 0.4358197035014933 0.28702994697414436 0.6076498300188709 0.41901992209246536 1.4167920302960941 0.4137552229299635 
201 1 -0.9616624716802062 -1.028384055489932 -1.0952086746288614 -1.251131722252581 -1.2040607809281596 -1.1963754660236654 -1.068642889992513 
202 1 0.9741073773081024 0.9956623172335088 1.0222632563374454 0.31415800597600996 1.3153480715217658 0.8666515047550921 1.3402540435065111 
203 -1 1.027878762002222 1.2540512158790544 1.2575379153337016 0.7299380900367295 0.9761968798458143 0.8666515047550921 1.1858375734104198 
204 -1 0.7590218385316236 0.5650141528242661 0.5223046059704006 0.48536157000101215 0.612820603050152 1.141721767525593 0.5372883990068366 
205 -1 0.705250453837504 0.694208602147039 0.9046259268393172 0.43644626599386865 1.000421964965525 1.0041866361403426 1.4020206315449477 
206 -1 0.5439362997551449 0.5650141528242661 0.757579264966657 0.2652427019688665 0.46747009233188697 1.4167920302960941 0.8770046332182373 
207 1 -0.9616624716802062 -1.1145136883717806 -1.1834366717524576 -1.2755893742561528 -1.2040607809281596 -1.1963754660236654 -1.1612927720501676 
208 -1 1.027878762002222 0.9956623172335088 1.0810819210865095 0.2407850499652948 0.5401453476910194 2.1044676872223467 0.7534714571413643 
209 -1 0.6514790691433843 0.8234030514698117 0.9046259268393172 0.21632739796172304 0.03141856017709221 1.2792568989108435 0.13580557675699917 
210 1 -0.6928055482096078 -1.028384055489932 -1.0363900098797973 -1.1777587662418658 -1.155610610688738 -1.058840334638415 -1.068642889992513 
211 1 -0.9078910869860866 -1.0714488719308564 -1.1246180070033935 -1.251131722252581 -1.155610610688738 -1.1963754660236654 -1.1921760660693859 
212 -1 1.2429643007787008 1.5124401145246 1.4045845772063619 1.2190911301081642 1.6544992631977171 0.31651097921409005 1.8652700418332215 
213 1 -0.6390341635154881 -0.8561247897262348 -0.8893433480071372 -1.1288434622347225 -1.155610610688738 -1.1963754660236654 -1.068642889992513 
214 -1 1.0816501466963417 1.2109863994381302 1.1104912534610414 0.8033110460474447 0.9277467096063926 0.7291163733698416 1.2784874554680747 
215 1 -1.015433856374326 -1.028384055489932 -1.0069806775052652 -1.2266740702490093 -1.1313855255690273 -1.1963754660236654 -1.0995261840117312 
216 1 -0.8541197022919669 -0.42547662531699215 -0.5658406918872847 1.3658370421295947 0.17676907089535712 0.31651097921409005 -0.3274438335312747 
217 1 -0.8003483175978472 -0.726930340403462 -0.9481620127562013 -1.153301114238294 -1.1071604404493163 -0.9213052032531645 -1.0995261840117312 
218 -1 0.2750793762845465 0.17743080485594767 0.11057395272695213 0.43644626599386865 0.46747009233188697 1.0041866361403426 0.38287192891074523 
219 -1 3.8239907660964456 2.933579057075101 2.433911210314983 1.6593288661724555 1.1215473905640791 0.31651097921409005 0.9696545152758921 
220 1 -0.9616624716802062 -1.1145136883717806 -1.1246180070033935 -1.251131722252581 -1.2040607809281596 -1.3339105974089158 -1.0995261840117312 
221 -1 0.5977076844492646 0.694208602147039 1.1693099182101054 0.9500569580688751 0.8550714542472602 0.7291163733698416 0.38287192891074523 
222 -1 0.38262214567278585 0.694208602147039 0.6399419354685288 0.8522263500545881 0.7339460286487061 0.8666515047550921 0.7843547511605825 
223 1 -1.015433856374326 -1.028384055489932 -1.0952086746288614 -1.1777587662418658 -1.1798356958084488 -1.1963754660236654 -1.0995261840117312 
224 1 -0.9616624716802062 -0.9422544226080835 -1.0069806775052652 -1.2022164182454376 -1.1798356958084488 -1.058840334638415 -1.068642889992513 
225 1 -0.8003483175978472 -1.1145136883717806 -1.0363900098797973 -1.2022164182454376 -1.2040607809281596 -1.1963754660236654 -1.0995261840117312 
226 -1 1.4042784548610598 1.340180848760903 2.1104085541951307 0.9745146100724469 1.533373837599163 1.0041866361403426 1.7726201597755669 
227 -1 -0.1013203165742913 0.1343659884150234 0.3752579440977405 0.5831921780152991 0.6854958584092844 0.4540461105993406 0.6917048691029278 
228 1 -0.4777200094331291 -0.08095809378959798 -0.12470070626930417 1.0723452180867339 0.3705697518530437 0.591581241984591 -0.018610893339092126 
229 -1 0.8127932232257433 0.8234030514698117 0.6987606002175929 0.3875309619867252 0.7823961988881276 1.8293974244518456 1.0314211033143286 
230 1 -0.9078910869860866 -1.028384055489932 -1.1246180070033935 -1.2022164182454376 -1.2040607809281596 -1.1963754660236654 -1.0995261840117312 
231 -1 5.168275383449438 4.311653183184678 3.610284505296265 1.4147523461367382 1.0246470500852358 1.0041866361403426 1.309370749487293 
232 -1 0.9741073773081024 1.1248567665562816 1.2575379153337016 0.8277686980510165 1.3395731566414766 0.8666515047550921 1.0931876913527652 
233 1 -0.9078910869860866 -0.8561247897262348 -0.8893433480071372 -1.0310128542204355 -1.1071604404493163 -0.9213052032531645 -1.0995261840117312 
234 1 -0.8541197022919669 -0.9853192390490078 -1.0657993422543295 -1.2022164182454376 -1.155610610688738 -1.3339105974089158 -1.1304094780309495 
235 1 -1.0692052410684456 -1.1145136883717806 -1.0952086746288614 -1.2266740702490093 -1.155610610688738 -1.1963754660236654 -1.1612927720501676 
236 -1 0.2750793762845465 0.2635604377377962 0.3752579440977405 1.610413562165312 1.2184477310429225 1.0041866361403426 1.0623043973335469 
237 -1 1.189192916084581 1.167921582997206 1.0222632563374454 0.8033110460474447 0.7097209435289952 0.8666515047550921 0.8770046332182373 
238 1 -0.8003483175978472 -1.028384055489932 -1.0657993422543295 -1.2266740702490093 -1.155610610688738 -1.1963754660236654 -1.0377595959732946 
239 -1 0.43639353036690554 0.4788845199424176 0.5223046059704006 0.31415800597600996 0.7097209435289952 0.04144071644358907 0.8461213391990191 
240 1 -1.015433856374326 -1.028384055489932 -1.0069806775052652 -1.2022164182454376 -1.1798356958084488 -1.1963754660236654 -1.1304094780309495 
241 1 -0.8541197022919669 -0.8130599732853107 -1.0069806775052652 -1.1288434622347225 -1.155610610688738 -0.508699809097413 -1.0377595959732946 
242 1 -0.5314913941272488 -0.0378932773486737 -0.18351937101836824 1.3169217381224512 0.5885955179304411 0.31651097921409005 0.07403898871856265 
243 1 -0.8003483175978472 -0.8130599732853107 -0.9187526803816692 -1.0310128542204355 -1.0829353553296055 0.591581241984591 -1.0068763019540763 
244 1 -0.8541197022919669 -0.8991896061671592 -1.0363900098797973 -1.153301114238294 -1.155610610688738 -0.37116467771216244 -1.0995261840117312 
245 -1 1.027878762002222 0.9525975007925845 1.0222632563374454 0.48536157000101215 0.8550714542472602 1.141721767525593 1.0931876913527652 
246 1 -0.8541197022919669 -0.554671074639765 -0.771706018509009 1.2924640861188794 0.22521924113477879 -0.23362954632691194 -0.35832712755049295 
247 1 -0.8003483175978472 -0.9853192390490078 -1.0657993422543295 -1.2022164182454376 -1.155610610688738 -1.1963754660236654 -1.0995261840117312 
248 1 -1.015433856374326 -1.028384055489932 -1.0069806775052652 -1.2266740702490093 -1.2040607809281596 -1.3339105974089158 -1.1304094780309495 
249 1 -0.8541197022919669 -0.9853192390490078 -1.0069806775052652 -1.2022164182454376 -1.1798356958084488 -1.1963754660236654 -1.0068763019540763 
250 -1 0.705250453837504 0.7372734185879632 0.6105326030939968 0.43644626599386865 0.7339460286487061 0.7291163733698416 0.9696545152758921 
251 1 -0.8541197022919669 -0.9853192390490078 -1.0657993422543295 -1.153301114238294 -1.1798356958084488 -0.9213052032531645 -1.0995261840117312 
252 1 -0.9078910869860866 -1.0714488719308564 -1.0657993422543295 -1.2266740702490093 -1.1798356958084488 -1.1963754660236654 -1.1304094780309495 
253 1 -0.9078910869860866 -0.9422544226080835 -1.0657993422543295 -1.1777587662418658 -1.155610610688738 -1.1963754660236654 -1.1304094780309495 
254 1 -1.1229766257625653 -1.0714488719308564 -0.9187526803816692 -0.8598092901954334 -0.7680092487733648 -1.1963754660236654 -0.9142264198964216 
255 1 -1.015433856374326 -0.8991896061671592 -0.9481620127562013 -1.1777587662418658 -1.1798356958084488 -0.7837700718679139 -1.068642889992513 
256 -1 1.9419923018022567 1.5985697474064486 1.551631239079022 0.7299380900367295 1.1699975608035007 1.141721767525593 1.309370749487293 
257 -1 0.16753660689630712 0.6511437857061146 0.6105326030939968 1.1946334781045924 1.14577247568379 0.591581241984591 1.1549542793912015 
258 -1 0.5977076844492646 0.6080789692651904 0.6693512678430609 0.04512383393672089 0.22521924113477879 1.4167920302960941 0.4137552229299635 
259 1 -0.9078910869860866 -1.1145136883717806 -1.0363900098797973 -1.2266740702490093 -1.2040607809281596 -1.1963754660236654 -1.0377595959732946 
260 -1 0.9203359926139827 1.0817919501153574 1.1693099182101054 0.36307330998315346 0.6370456881698627 1.966932555837096 0.9078879272374556 
261 -1 0.16753660689630712 0.7803382350288874 0.9046259268393172 0.9255993060653034 0.3947948369727545 -0.09609441494166143 0.29022204685309044 
262 1 -0.7465769329037275 -1.0714488719308564 -1.0069806775052652 -1.2266740702490093 -1.155610610688738 -1.3339105974089158 -1.1304094780309495 
263 -1 0.38262214567278585 0.3066252541787205 0.11057395272695213 0.9011416540617316 0.41901992209246536 0.7291163733698416 0.29022204685309044 
264 -1 -0.5314913941272488 -0.0378932773486737 -0.09529137389477213 1.4636676501438817 0.8066212840078385 -0.09609441494166143 0.3211053408723087 
265 -1 0.38262214567278585 0.5219493363833418 0.43407660884680455 0.48536157000101215 0.29789449649391125 0.7291163733698416 0.351988634891527 
266 1 0.4901649150610252 0.34969007061964474 0.25762061459961233 -0.17499503409542475 1.4606985822400307 0.31651097921409005 1.5255538076218207 
267 1 0.5439362997551449 0.17743080485594767 0.0811646203524201 -0.4929445101418573 -0.5742085678156783 0.31651097921409005 -0.6671600677426756 
268 -1 1.2429643007787008 1.2109863994381302 1.1693099182101054 0.6321074820224426 0.8308463691275493 0.7291163733698416 0.9078879272374556 
269 1 -0.8541197022919669 -0.9422544226080835 -0.8893433480071372 -1.1043858102311508 -1.034485185090184 -0.9213052032531645 -1.068642889992513 
270 1 -0.9616624716802062 -1.0714488719308564 -1.0952086746288614 -1.251131722252581 -1.2040607809281596 -1.1963754660236654 -1.1304094780309495 
271 -1 0.11376522220218742 0.5219493363833418 0.3164392793486764 1.610413562165312 1.0488721352049466 0.8666515047550921 0.5681716930260547 
272 -1 0.05999383750806774 0.1343659884150234 0.13998328510148417 0.3386156579795817 0.4916951774515978 0.591581241984591 0.4137552229299635 
273 1 -1.015433856374326 -1.0714488719308564 -1.0069806775052652 -1.251131722252581 -1.2282858660478704 -1.1963754660236654 -1.068642889992513 
274 1 -0.04754893188017162 0.2635604377377962 0.28702994697414436 1.243548782111736 0.7097209435289952 0.591581241984591 0.4755218109684 
275 -1 0.7590218385316236 0.7372734185879632 1.3751752448318297 0.8033110460474447 1.5091487524794522 1.0041866361403426 1.7108535717371303 
276 1 -0.9078910869860866 -1.0714488719308564 -1.0363900098797973 -1.2022164182454376 -1.2040607809281596 -1.1963754660236654 -1.0995261840117312 
277 1 -0.9616624716802062 -0.5977358910806893 -0.6246593566363489 1.0723452180867339 0.2494443262544896 0.7291163733698416 -0.29656053951205646 
278 1 -1.015433856374326 -1.0714488719308564 -1.1246180070033935 -1.251131722252581 -1.2040607809281596 -1.1963754660236654 -1.1304094780309495 
279 -1 -0.04754893188017162 0.22049562129687195 0.3458486117232084 0.4119886139902969 0.07986873041651385 0.8666515047550921 0.04315569469934439 
280 1 -0.9616624716802062 -1.1145136883717806 -1.0363900098797973 -1.251131722252581 -1.2040607809281596 -1.1963754660236654 -1.1612927720501676 
281 -1 0.6514790691433843 0.6511437857061146 0.757579264966657 0.4119886139902969 0.12831890065593549 0.31651097921409005 0.04315569469934439 
282 -1 0.5439362997551449 0.7803382350288874 0.6693512678430609 0.8277686980510165 0.7339460286487061 1.8293974244518456 0.3211053408723087 
283 1 -0.31640585535077004 -0.12402291023052224 -0.12470070626930417 1.2680064341153077 0.22521924113477879 0.17897584782883957 -0.1730273634351834 
284 1 -0.4777200094331291 -0.46854144175791645 -0.5364313595127527 -0.8598092901954334 -1.0102600999704732 0.8666515047550921 -0.9451097139156398 
285 -1 0.2750793762845465 0.4358197035014933 0.757579264966657 0.3386156579795817 0.8066212840078385 0.31651097921409005 1.0314211033143286 
286 -1 0.32885076097866617 0.4358197035014933 0.5811232707194648 0.5342768740081556 0.5643704328107303 0.8666515047550921 0.5681716930260547 
287 -1 0.7590218385316236 0.9956623172335088 1.0810819210865095 1.145718174097449 0.3947948369727545 0.591581241984591 0.22845545881465393 
288 1 -0.8541197022919669 -1.0714488719308564 -1.1246180070033935 -1.2022164182454376 -1.1798356958084488 -1.1963754660236654 -1.1304094780309495 
289 1 -0.155091701268411 -0.0378932773486737 -0.036472709145708056 -0.517402162145429 -0.0897068654214619 -1.1963754660236654 0.22845545881465393 
290 -1 0.2213079915904268 0.7372734185879632 0.5223046059704006 0.9255993060653034 0.9761968798458143 0.8666515047550921 0.4137552229299635 
291 1 -0.9616624716802062 -1.028384055489932 -1.1246180070033935 -1.2266740702490093 -1.2040607809281596 -1.1963754660236654 -1.0995261840117312 
292 -1 2.2646206099669746 2.1584123611384642 1.9633618923224705 1.2924640861188794 1.8482999441554038 0.8666515047550921 1.9888032179100943 
293 -1 0.6514790691433843 0.8234030514698117 0.8752165944647852 0.9255993060653034 1.3153480715217658 0.7291163733698416 0.9078879272374556 
294 1 -0.8003483175978472 -1.028384055489932 -1.1246180070033935 -1.2266740702490093 -1.2040607809281596 -1.1963754660236654 -1.1612927720501676 
295 -1 0.2750793762845465 0.3066252541787205 0.22821128222508028 1.5614982581581685 0.7339460286487061 1.0041866361403426 0.19757216479543568 
296 1 -0.9616624716802062 -1.0714488719308564 -1.0657993422543295 -1.2266740702490093 -1.1798356958084488 -1.3339105974089158 -1.0995261840117312 
297 1 -0.9078910869860866 -1.1575785048127047 -1.0657993422543295 -1.2266740702490093 -1.2040607809281596 -1.3339105974089158 -1.1304094780309495 
298 -1 1.6193639936375386 1.4693752980836758 0.6693512678430609 0.43644626599386865 1.266897901282344 1.5543271616813445 1.5873203956602573 
299 -1 0.05999383750806774 0.22049562129687195 0.3164392793486764 0.2407850499652948 0.5643704328107303 1.141721767525593 0.6917048691029278 
300 -1 1.2429643007787008 0.9095326843516603 0.9046259268393172 0.3386156579795817 0.7581711137684168 1.0041866361403426 0.8770046332182373 
301 -1 0.006222452813948061 0.39275488706056905 0.25762061459961233 0.48536157000101215 0.9277467096063926 0.8666515047550921 0.7534714571413643 
302 1 -0.8003483175978472 -1.2006433212536292 -1.0952086746288614 -1.2266740702490093 -1.2040607809281596 -1.1963754660236654 -1.1304094780309495 
303 -1 0.705250453837504 0.6511437857061146 0.757579264966657 0.09403913794386436 0.29789449649391125 0.8666515047550921 0.4446385169491817 
304 -1 1.189192916084581 1.2540512158790544 1.3751752448318297 0.4609039179974404 0.7097209435289952 0.8666515047550921 0.8770046332182373 
305 -1 0.9203359926139827 0.8234030514698117 0.9046259268393172 0.28970035397243826 0.5159202625713086 0.31651097921409005 0.6917048691029278 
306 -1 0.43639353036690554 0.5219493363833418 0.816397929715721 0.6321074820224426 0.9519717947261034 0.7291163733698416 0.8770046332182373 
307 -1 0.38262214567278585 0.5650141528242661 0.4046672764722725 1.243548782111736 1.266897901282344 -0.09609441494166143 0.9387712212566739 
308 -1 0.38262214567278585 0.6511437857061146 0.6105326030939968 1.0723452180867339 1.0246470500852358 0.8666515047550921 0.599054987045273 
309 1 -0.8541197022919669 -1.0714488719308564 -1.0657993422543295 -1.2266740702490093 -1.2040607809281596 -1.1963754660236654 -1.068642889992513 
310 1 -0.9616624716802062 -1.1575785048127047 -1.0657993422543295 -1.2266740702490093 -1.1798356958084488 -1.1963754660236654 -1.0995261840117312 
311 1 -0.8003483175978472 -1.028384055489932 -0.9775713451307333 -1.2022164182454376 -1.1798356958084488 -1.1963754660236654 -1.068642889992513 
312 -1 0.38262214567278585 0.5650141528242661 0.5811232707194648 0.21632739796172304 0.34634466673333286 1.141721767525593 0.5372883990068366 
313 -1 1.565592608943419 1.5985697474064486 1.463403241955426 0.8033110460474447 1.1699975608035007 0.8666515047550921 1.309370749487293 
314 1 -0.8541197022919669 -1.0714488719308564 -1.0069806775052652 -1.2022164182454376 -1.1798356958084488 -1.1963754660236654 -1.0995261840117312 
315 1 -0.8541197022919669 -0.3393469924351436 -0.3305660328910284 1.0234299140795904 0.6612707732895735 0.31651097921409005 0.13580557675699917 
316 1 -0.9616624716802062 -1.1145136883717806 -1.0363900098797973 -1.2022164182454376 -1.2040607809281596 -1.1963754660236654 -1.0995261840117312 
317 1 -0.5852627788213685 -0.8561247897262348 -0.8893433480071372 -0.982097550213292 -0.6711089082945216 -0.7837700718679139 -0.605393479704239 
318 -1 -0.20886308596253067 -0.0378932773486737 -0.007063376771176019 0.7299380900367295 0.41901992209246536 -0.09609441494166143 0.4446385169491817 
319 1 -0.8003483175978472 -0.554671074639765 -0.742296686134477 0.8522263500545881 -0.017031610062329436 -0.09609441494166143 -0.5745101856850208 
320 -1 0.2750793762845465 0.34969007061964474 0.3458486117232084 0.8522263500545881 0.7339460286487061 1.141721767525593 0.6299382810644912 
321 -1 0.9203359926139827 0.9525975007925845 0.9046259268393172 0.4119886139902969 1.1942226459232117 0.7291163733698416 1.2784874554680747 
322 -1 0.705250453837504 0.694208602147039 0.7281699325921249 0.43644626599386865 0.5401453476910194 0.4540461105993406 0.4755218109684 
323 -1 0.5439362997551449 0.7803382350288874 0.8752165944647852 1.1701758261010207 0.9277467096063926 1.0041866361403426 0.7843547511605825 
324 1 -0.6390341635154881 -0.6408007075216136 -0.830524683258073 -1.079928158227579 -1.155610610688738 -1.058840334638415 -1.068642889992513 
325 1 0.16753660689630712 0.34969007061964474 0.28702994697414436 0.6565651340260142 0.41901992209246536 0.7291163733698416 0.13580557675699917 
326 -1 0.8127932232257433 0.7372734185879632 0.757579264966657 0.16741209395457957 0.44324500721217613 1.5543271616813445 0.722588163122146 
327 -1 1.565592608943419 1.4263104816427516 1.4339939095808938 0.5831921780152991 0.9761968798458143 1.2792568989108435 0.9078879272374556 
328 -1 1.4580498395551795 1.1248567665562816 1.1399005858355735 0.16741209395457957 0.7339460286487061 1.141721767525593 1.0623043973335469 
329 1 -1.015433856374326 -0.9853192390490078 -0.9481620127562013 -1.1777587662418658 -1.1798356958084488 -1.1963754660236654 -1.1304094780309495 
330 1 -0.7465769329037275 -0.46854144175791645 -0.5952500242618168 1.3169217381224512 0.2736694113742004 -0.23362954632691194 -0.3274438335312747 
331 -1 1.027878762002222 1.0817919501153574 1.2281285829591695 0.5587345260117274 0.7339460286487061 0.591581241984591 0.7534714571413643 
332 1 -0.9078910869860866 -1.1145136883717806 -1.0363900098797973 -1.2266740702490093 -1.2282858660478704 -1.3339105974089158 -1.1921760660693859 
333 -1 0.705250453837504 0.8234030514698117 1.1399005858355735 0.8766840020581599 1.43647349712032 1.0041866361403426 1.803503453794785 
334 1 -0.6928055482096078 -0.554671074639765 -0.6540686890108809 -1.0310128542204355 -1.0587102702098947 -0.7837700718679139 -1.0068763019540763 
335 -1 1.1354215313904614 1.1248567665562816 1.0222632563374454 0.8033110460474447 0.9277467096063926 0.8666515047550921 0.8461213391990191 
336 -1 1.6731353783316583 1.4263104816427516 1.551631239079022 0.6076498300188709 1.266897901282344 1.141721767525593 1.5255538076218207 
337 1 -0.9616624716802062 -0.9853192390490078 -1.0363900098797973 -1.2266740702490093 -1.2040607809281596 -1.3339105974089158 -1.1304094780309495 
338 -1 0.5977076844492646 0.5650141528242661 0.4634859412213366 0.5098192220045838 0.7097209435289952 1.0041866361403426 0.599054987045273 
339 1 -0.9078910869860866 -1.028384055489932 -1.0363900098797973 -1.2022164182454376 -1.1798356958084488 -1.1963754660236654 -1.1304094780309495 
340 1 -0.9616624716802062 -0.7699951568443864 -0.830524683258073 0.16741209395457957 -0.42885805709741337 -0.09609441494166143 -0.6671600677426756 
341 1 -1.015433856374326 -1.028384055489932 -1.0952086746288614 -1.2022164182454376 -1.1798356958084488 -1.1963754660236654 -1.0995261840117312 
342 -1 0.43639353036690554 0.4358197035014933 0.5223046059704006 0.7054804380331577 0.8308463691275493 0.8666515047550921 0.4137552229299635 
343 -1 0.2750793762845465 0.22049562129687195 0.786988597341189 0.21632739796172304 0.055643645296803025 1.5543271616813445 0.04315569469934439 
344 1 -0.4777200094331291 -0.3393469924351436 -0.3305660328910284 0.5342768740081556 0.12831890065593549 0.17897584782883957 -0.14214406941596516 
345 1 -0.8003483175978472 -0.3824118088760679 -0.6246593566363489 1.2680064341153077 0.3947948369727545 0.8666515047550921 -0.42009371558892944 
346 -1 1.2429643007787008 1.5124401145246 1.3457659124572978 1.3902946941331664 1.3395731566414766 0.591581241984591 1.309370749487293 
347 -1 -0.155091701268411 0.694208602147039 0.816397929715721 0.3875309619867252 0.41901992209246536 -0.37116467771216244 0.4755218109684 
348 -1 0.7590218385316236 0.7803382350288874 0.5223046059704006 0.5098192220045838 0.5159202625713086 0.31651097921409005 0.351988634891527 
349 -1 0.43639353036690554 0.6511437857061146 0.9046259268393172 0.28970035397243826 0.8308463691275493 0.591581241984591 1.0623043973335469 
350 1 -0.8003483175978472 -1.1575785048127047 -1.0657993422543295 -1.2022164182454376 -1.2040607809281596 -1.058840334638415 -1.0995261840117312 
351 1 -0.20886308596253067 0.005171539092250574 -0.12470070626930417 1.5859559101617402 0.8550714542472602 0.7291163733698416 0.22845545881465393 
352 -1 0.006222452813948061 0.34969007061964474 0.3164392793486764 0.9255993060653034 0.9035216244866817 0.4540461105993406 0.722588163122146 
353 -1 0.11376522220218742 0.2635604377377962 0.3752579440977405 -0.12607973008828127 0.007193475057381385 0.8666515047550921 -0.1730273634351834 
354 -1 0.5977076844492646 0.7372734185879632 0.7281699325921249 0.43644626599386865 0.6370456881698627 1.0041866361403426 0.8152380451798008 
355 -1 0.11376522220218742 0.17743080485594767 0.11057395272695213 1.3658370421295947 0.32211958161362203 0.4540461105993406 -0.23479395147361992 
356 -1 0.9741073773081024 0.9095326843516603 0.9340352592138492 1.512582954151025 2.2601263911904876 0.31651097921409005 2.637352392313678 
357 -1 0.6514790691433843 0.6511437857061146 0.9340352592138492 0.8277686980510165 1.2426728161626333 0.4540461105993406 1.556437101641039 
358 1 -0.6928055482096078 -0.554671074639765 -0.771706018509009 -0.9576398982097203 -1.0829353553296055 0.591581241984591 -1.068642889992513 
359 -1 1.4042784548610598 1.0817919501153574 1.0222632563374454 0.21632739796172304 0.5401453476910194 0.8666515047550921 0.6299382810644912 
360 1 -0.9616624716802062 -1.0714488719308564 -1.0657993422543295 -1.2266740702490093 -1.2040607809281596 -1.1963754660236654 -1.0995261840117312 
361 -1 0.5439362997551449 0.4788845199424176 0.5223046059704006 0.19186974595815132 0.22521924113477879 1.0041866361403426 0.19757216479543568 
362 1 -0.155091701268411 0.005171539092250574 0.0811646203524201 0.5098192220045838 0.8550714542472602 0.04144071644358907 0.8461213391990191 
363 1 -0.9616624716802062 -1.028384055489932 -1.1246180070033935 -1.2266740702490093 -1.2040607809281596 -1.1963754660236654 -1.1612927720501676 
364 1 -0.8541197022919669 -1.028384055489932 -1.1246180070033935 -1.2022164182454376 -1.155610610688738 -1.1963754660236654 -1.1304094780309495 
365 1 -0.8003483175978472 -0.8991896061671592 -0.8893433480071372 -1.1288434622347225 -1.155610610688738 -1.058840334638415 -1.0377595959732946 
366 1 -0.8003483175978472 -0.5977358910806893 -0.6834780213854129 0.681022786029586 0.15254398577564632 -0.37116467771216244 -0.45097700960814774 
367 -1 1.4042784548610598 1.0817919501153574 0.9928539239629133 0.3386156579795817 1.000421964965525 1.141721767525593 1.2476041614488564 
368 -1 0.9741073773081024 1.2540512158790544 1.9045432275734064 1.3169217381224512 0.6854958584092844 0.31651097921409005 1.4637872195833843 
369 -1 1.726906763025778 1.3832456652018272 1.9339525599479386 0.8522263500545881 1.43647349712032 1.966932555837096 1.3711373375257294 
370 1 0.4901649150610252 0.6080789692651904 0.3752579440977405 0.9011416540617316 0.055643645296803025 0.04144071644358907 0.04315569469934439 
371 -1 1.6731353783316583 1.5985697474064486 1.4928125743299578 0.778853394043873 0.9761968798458143 0.7291163733698416 1.2167208674296381 
372 1 -0.8541197022919669 -1.1145136883717806 -1.0657993422543295 -1.251131722252581 -1.2040607809281596 -1.3339105974089158 -1.0995261840117312 
373 1 -0.8541197022919669 -1.0714488719308564 -1.0069806775052652 -1.2266740702490093 -1.2040607809281596 -1.1963754660236654 -1.0995261840117312 
374 -1 0.8127932232257433 0.866467867910736 0.816397929715721 0.14295444195100784 0.5643704328107303 -1.1963754660236654 0.6608215750837095 
375 1 -0.8541197022919669 -1.1145136883717806 -1.0952086746288614 -1.2755893742561528 -1.2282858660478704 -1.1963754660236654 -1.1304094780309495 
376 -1 0.32885076097866617 0.5650141528242661 0.49289527359586865 0.3386156579795817 0.20099415601506795 0.7291163733698416 0.4137552229299635 
377 1 -0.9616624716802062 -1.0714488719308564 -1.0069806775052652 -1.2266740702490093 -1.1798356958084488 -1.1963754660236654 -1.1612927720501676 
378 -1 0.6514790691433843 0.6080789692651904 0.6399419354685288 0.9011416540617316 0.5885955179304411 0.8666515047550921 0.8461213391990191 
379 1 -0.9078910869860866 -1.1145136883717806 -1.0363900098797973 -1.2266740702490093 -1.2040607809281596 -1.1963754660236654 -1.1304094780309495 
380 -1 -0.31640585535077004 -0.12402291023052224 0.0811646203524201 1.1701758261010207 0.6854958584092844 -0.09609441494166143 0.3211053408723087 
381 1 -0.9078910869860866 -0.5977358910806893 -0.7128873537599449 1.3902946941331664 0.41901992209246536 -0.37116467771216244 -0.35832712755049295 
382 1 -0.9078910869860866 -1.2006433212536292 -1.0952086746288614 -1.2266740702490093 -1.2040607809281596 -1.1963754660236654 -1.068642889992513 
383 1 -0.8541197022919669 -1.0714488719308564 -1.0069806775052652 -1.2022164182454376 -1.1798356958084488 -1.1963754660236654 -1.1612927720501676 
384 -1 0.9203359926139827 0.866467867910736 0.816397929715721 0.4609039179974404 1.14577247568379 0.8666515047550921 1.3711373375257294 
385 1 -0.9078910869860866 -1.028384055489932 -1.0657993422543295 -1.2022164182454376 -1.155610610688738 -1.3339105974089158 -1.068642889992513 
386 1 -0.4239486247390094 -0.2101525431123708 -0.2129287033929003 1.43920999814031 0.8308463691275493 -0.09609441494166143 0.19757216479543568 
387 -1 0.05999383750806774 0.34969007061964474 0.16939261747601622 1.3169217381224512 0.7581711137684168 0.7291163733698416 0.38287192891074523 
388 1 -0.8541197022919669 -1.1575785048127047 -1.0657993422543295 -1.2266740702490093 -1.2282858660478704 -1.1963754660236654 -1.0995261840117312 
389 1 -0.8541197022919669 -1.2006433212536292 -1.0657993422543295 -1.251131722252581 -1.2040607809281596 -1.1963754660236654 -1.0995261840117312 
390 -1 0.5977076844492646 0.6511437857061146 0.4634859412213366 0.5831921780152991 0.20099415601506795 0.7291163733698416 0.07403898871856265 
391 1 -0.8541197022919669 -1.0714488719308564 -1.0363900098797973 -1.2266740702490093 -1.2040607809281596 -1.1963754660236654 -1.0377595959732946 
392 -1 0.8127932232257433 0.7372734185879632 0.9046259268393172 0.7299380900367295 1.0488721352049466 0.591581241984591 1.2167208674296381 
393 -1 0.705250453837504 0.866467867910736 0.9634445915883812 0.28970035397243826 0.7339460286487061 -0.7837700718679139 0.9696545152758921 
394 1 -0.8541197022919669 -1.0714488719308564 -1.0363900098797973 -1.2266740702490093 -1.155610610688738 -1.1963754660236654 -1.1304094780309495 
395 -1 0.2213079915904268 0.17743080485594767 0.13998328510148417 0.31415800597600996 0.15254398577564632 0.591581241984591 0.07403898871856265 
396 -1 1.9957636864963764 2.2014771775793887 2.5515485398131115 1.3658370421295947 2.6961779233452825 0.17897584782883957 3.007951920544297 
397 1 -1.015433856374326 -1.2006433212536292 -1.1246180070033935 -1.2022164182454376 -1.2040607809281596 -1.1963754660236654 -1.1612927720501676 
398 -1 1.565592608943419 1.340180848760903 1.1987192505846376 0.5831921780152991 0.8066212840078385 0.7291163733698416 0.9696545152758921 
399 1 -0.9078910869860866 -1.1145136883717806 -1.0952086746288614 -1.251131722252581 -1.2040607809281596 -1.1963754660236654 -1.1304094780309495 
400 1 -0.9616624716802062 -1.1145136883717806 -1.0363900098797973 -1.1777587662418658 -1.2040607809281596 -1.1963754660236654 -1.1304094780309495 
401 1 -0.9616624716802062 -0.8991896061671592 -1.0363900098797973 -1.1288434622347225 -1.1798356958084488 -0.9213052032531645 -1.068642889992513 
402 -1 1.5118212242492992 1.5985697474064486 1.2575379153337016 1.3169217381224512 1.5818240078385848 0.7291163733698416 1.6182036896794756 
403 -1 0.6514790691433843 0.7372734185879632 0.6105326030939968 0.8522263500545881 0.34634466673333286 1.2792568989108435 0.351988634891527 
404 -1 0.9203359926139827 0.3066252541787205 0.6399419354685288 0.6321074820224426 0.5643704328107303 0.7291163733698416 0.7534714571413643 
405 1 -0.4777200094331291 -0.25321735955329505 -0.38938469764009254 1.4881253021474534 0.612820603050152 -0.508699809097413 -0.11126077539674689 
406 -1 0.4901649150610252 0.8234030514698117 1.0516725887119773 0.7054804380331577 0.7823961988881276 0.591581241984591 0.8461213391990191 
407 1 -0.26263447065665035 -0.5116062581988408 -0.38938469764009254 -0.7864363341847181 -0.5984336529353891 -0.6462349404826634 -0.45097700960814774 
408 1 -0.8541197022919669 -0.9422544226080835 -0.8893433480071372 -1.1777587662418658 -1.155610610688738 -1.1963754660236654 -1.068642889992513 
409 -1 1.1354215313904614 1.2109863994381302 1.1399005858355735 1.0478875660831621 0.9519717947261034 0.31651097921409005 0.9078879272374556 
410 -1 -0.3701772400448897 -0.08095809378959798 -0.2717473681419644 0.9989722620760186 0.4916951774515978 0.31651097921409005 -0.04949418735831038 
411 -1 0.32885076097866617 0.4788845199424176 0.5811232707194648 0.31415800597600996 0.612820603050152 1.0041866361403426 0.6917048691029278 
412 -1 0.006222452813948061 0.4788845199424176 0.49289527359586865 0.9745146100724469 1.4606985822400307 1.2792568989108435 1.0931876913527652 
413 -1 2.5872489181316927 2.4598660762249343 2.345683213191387 1.1946334781045924 1.6060490929582956 1.4167920302960941 1.803503453794785 
414 -1 0.4901649150610252 0.5219493363833418 0.5517139383449327 0.5098192220045838 0.6612707732895735 0.8666515047550921 0.722588163122146 
415 -1 0.43639353036690554 0.9525975007925845 1.2575379153337016 0.8766840020581599 0.9761968798458143 1.4167920302960941 1.0931876913527652 
416 1 -0.9616624716802062 -1.0714488719308564 -1.1834366717524576 -1.2266740702490093 -1.2040607809281596 -1.1963754660236654 -1.0377595959732946 
417 1 0.2213079915904268 0.6080789692651904 0.3164392793486764 0.8522263500545881 0.12831890065593549 0.591581241984591 0.3211053408723087 
418 1 -0.9078910869860866 -1.0714488719308564 -1.0952086746288614 -1.1777587662418658 -1.2040607809281596 -1.1963754660236654 -1.068642889992513 
419 1 -1.015433856374326 -1.1145136883717806 -1.1246180070033935 -1.2266740702490093 -1.1798356958084488 -1.1963754660236654 -1.068642889992513 
420 -1 1.726906763025778 1.4693752980836758 1.3751752448318297 0.9745146100724469 0.8792965393669709 1.2792568989108435 0.8770046332182373 
421 -1 0.8127932232257433 0.866467867910736 0.9340352592138492 1.2680064341153077 0.5885955179304411 1.0041866361403426 1.309370749487293 
422 1 -0.9078910869860866 -1.1145136883717806 -1.0657993422543295 -1.251131722252581 -1.2040607809281596 -1.1963754660236654 -1.068642889992513 
423 1 -1.0692052410684456 -1.1575785048127047 -1.1246180070033935 -1.251131722252581 -1.2040607809281596 -1.1963754660236654 -1.0995261840117312 
424 -1 0.866564607919863 0.8234030514698117 1.1104912534610414 0.43644626599386865 0.9277467096063926 1.4167920302960941 1.0314211033143286 
425 -1 0.6514790691433843 0.7803382350288874 0.9928539239629133 0.681022786029586 0.8066212840078385 0.4540461105993406 0.6299382810644912 
426 -1 0.5439362997551449 0.5650141528242661 0.8752165944647852 0.43644626599386865 0.8308463691275493 -0.09609441494166143 1.0623043973335469 
427 -1 4.899418459978839 4.139393917420981 3.25737251680188 1.4147523461367382 1.3153480715217658 1.4167920302960941 1.6490869836986937 
428 1 -0.31640585535077004 -0.29628217599421935 -0.2129287033929003 -0.4929445101418573 -0.5015333124565459 0.4540461105993406 -0.35832712755049295 
429 1 -0.7465769329037275 -0.3393469924351436 -0.4776126947636886 1.2680064341153077 0.3947948369727545 -0.09609441494166143 -0.20391065745440168 
430 -1 0.006222452813948061 0.1343659884150234 0.0811646203524201 0.5831921780152991 0.612820603050152 1.0041866361403426 0.5064051049876183 
431 1 -0.9078910869860866 -1.1145136883717806 -1.0952086746288614 -1.2266740702490093 -1.2282858660478704 -1.058840334638415 -1.0995261840117312 
432 1 -0.8541197022919669 -0.8130599732853107 -0.6834780213854129 -0.32174094611685516 0.2736694113742004 -0.09609441494166143 -1.0068763019540763 
433 1 -0.9616624716802062 -1.0714488719308564 -1.0952086746288614 -1.2266740702490093 -1.2040607809281596 -1.058840334638415 -1.0995261840117312 
434 1 -0.9616624716802062 -1.028384055489932 -1.0657993422543295 -1.2022164182454376 -1.1798356958084488 -1.1963754660236654 -1.0377595959732946 
435 1 -0.8541197022919669 -0.8561247897262348 -1.0657993422543295 -1.153301114238294 -1.1313855255690273 -1.058840334638415 -1.068642889992513 
436 -1 0.2750793762845465 0.39275488706056905 0.5517139383449327 0.11849678994743609 0.41901992209246536 0.8666515047550921 0.599054987045273 
437 1 -0.8003483175978472 -0.8991896061671592 -1.0657993422543295 -1.2022164182454376 -1.155610610688738 -1.058840334638415 -1.1612927720501676 
438 1 -1.015433856374326 -1.1145136883717806 -1.0657993422543295 -1.2266740702490093 -1.2040607809281596 -1.3339105974089158 -1.0995261840117312 
439 -1 0.05999383750806774 0.1343659884150234 0.0811646203524201 0.8277686980510165 0.5159202625713086 0.7291163733698416 0.3211053408723087 
440 1 -0.26263447065665035 0.2635604377377962 0.16939261747601622 1.1701758261010207 1.000421964965525 0.4540461105993406 0.7843547511605825 
441 -1 0.2213079915904268 0.34969007061964474 0.5811232707194648 0.7054804380331577 -0.11393195054117272 0.4540461105993406 -0.3274438335312747 
442 1 -1.1229766257625653 -1.028384055489932 -1.0363900098797973 -1.2266740702490093 -1.2040607809281596 -1.1963754660236654 -1.0995261840117312 
443 1 -0.9616624716802062 -1.028384055489932 -1.1246180070033935 -1.251131722252581 -1.2040607809281596 -1.3339105974089158 -1.1304094780309495 
444 1 -0.9616624716802062 -0.726930340403462 -0.801115350883541 0.7543957420403012 -0.13815703566088355 0.17897584782883957 -0.5436268916658025 
445 -1 1.5118212242492992 1.5555049309655244 1.7574965657007462 0.7543957420403012 1.3880233268808981 0.8666515047550921 1.6490869836986937 
446 -1 3.1249627650728895 2.6751901584295554 2.139817886569663 1.708244170179599 1.43647349712032 0.591581241984591 1.2784874554680747 
447 -1 0.05999383750806774 0.17743080485594767 0.0811646203524201 1.243548782111736 0.612820603050152 0.591581241984591 0.13580557675699917 
448 -1 0.705250453837504 0.5650141528242661 0.5223046059704006 -0.02824912207399432 0.32211958161362203 0.04144071644358907 0.4137552229299635 
449 1 -0.9078910869860866 -1.1145136883717806 -1.0657993422543295 -1.2266740702490093 -1.2040607809281596 -1.1963754660236654 -1.0995261840117312 
450 1 -0.9616624716802062 -1.1575785048127047 -1.1540273393779255 -1.251131722252581 -1.2282858660478704 -1.1963754660236654 -1.1921760660693859 
451 -1 0.2213079915904268 0.4788845199424176 0.49289527359586865 0.7543957420403012 1.1699975608035007 0.8666515047550921 0.8152380451798008 
452 -1 0.32885076097866617 0.5219493363833418 0.43407660884680455 0.9011416540617316 0.29789449649391125 0.591581241984591 0.1049222827377809 
453 1 -0.9078910869860866 -1.1145136883717806 -1.0657993422543295 -1.251131722252581 -1.155610610688738 -1.3339105974089158 -1.0995261840117312 
454 1 -0.9616624716802062 -1.1145136883717806 -1.0657993422543295 -1.251131722252581 -1.2040607809281596 -1.1963754660236654 -1.0995261840117312 
455 -1 0.16753660689630712 0.39275488706056905 0.25762061459961233 0.43644626599386865 0.5885955179304411 1.0041866361403426 0.6917048691029278 
456 -1 1.4042784548610598 1.4263104816427516 1.2575379153337016 1.4636676501438817 1.7756246887962712 1.0041866361403426 1.8343867478140032 
457 -1 0.8127932232257433 0.866467867910736 0.845807262090253 0.8766840020581599 0.5885955179304411 1.0041866361403426 1.0623043973335469 
