id label data 
0 -1 -0.3254794491121523 0.07991107026641447 0.04486195263701416 1.0922390469113015 0.7417591823996967 0.8231186002975549 0.6392630068721661 
1 1 -0.8058871160016895 -1.0542114269761582 -0.9172543854552584 -1.1139922354766207 -1.0614182371431669 -1.1873923638334982 -0.9899165428118601 
2 -1 1.649529848100389 1.6340789368580881 1.6861192352650085 0.7871219546661632 1.4894181124540549 1.9719820083724424 1.6682185119357618 
3 -1 1.008986292247673 0.8779972720297063 0.9503832120179766 0.9514157735673915 0.8077290879927284 1.1103344523162768 0.8393376884123097 
4 -1 1.115743551556459 1.0460154197693468 1.0069782907292868 0.622828135764935 0.6757892768066652 1.3975503043349988 0.8679197857751874 
5 1 -0.7525084863472964 -0.3401342990826865 -0.4927912951204323 1.3973561391564395 0.4998695285585809 0.679510674288194 0.09620315697749068 
6 1 -0.7525084863472964 -0.8861932792365178 -0.9455519248109135 -1.1139922354766207 -1.0394282686121563 -1.1873923638334982 -1.0184986401747378 
7 1 -0.8058871160016895 -0.8441887423016077 -0.9172543854552584 -1.1139922354766207 -1.0614182371431669 -1.0437844378241374 -0.9041702507232272 
8 -1 0.5285786253581358 0.5419609765504255 0.5259201216831505 1.3738855935991212 1.2255384900819284 1.1103344523162768 0.9536660778638203 
9 1 -0.5923725973841174 -0.3821388360175966 -0.5210888344760873 1.4208266847137578 0.32394978031049665 0.8231186002975549 -0.24678201137704117 
10 1 -0.7525084863472964 -1.012206890041248 -0.9455519248109135 -1.1609333265912574 -1.0834082056741774 -1.0437844378241374 -1.0184986401747378 
11 1 -0.6457512270385104 -0.3821388360175966 -0.3513035983421569 0.36465213463443347 -0.2038094644337561 -0.7565685858054154 -0.4468566929171848 
12 1 -0.7525084863472964 -0.8441887423016077 -0.8606593067439483 -1.0670511443619841 -1.0614182371431669 -0.9001765118147764 -0.9613344454489825 
13 -1 0.2083068474317778 0.28993375494096496 0.35613488554922 0.12994667906125026 0.19200996912443347 0.8231186002975549 -0.0467073298368976 
14 -1 1.0623649219020659 1.0880199567042568 1.2616561449301824 0.4350637713063884 0.6757892768066652 1.8283740823630816 0.7250092989607991 
15 1 1.48939395913721 1.5500698629882679 1.7144167746206636 0.6462986813222533 1.7972776718882024 -0.6129606597960545 2.011203680290294 
16 1 -0.6991298566929034 -0.8441887423016077 -0.9455519248109135 -1.0201100532473475 -1.0614182371431669 -0.9001765118147764 -0.9327523480861049 
17 1 -0.8058871160016895 -0.9281978161714278 -0.9172543854552584 -1.0905216899193024 -1.0834082056741774 -1.0437844378241374 -0.9327523480861049 
18 1 -0.9126443753104755 -1.0962159639110682 -0.9455519248109135 -1.1139922354766207 -1.0614182371431669 -1.0437844378241374 -1.0184986401747378 
19 -1 -0.3254794491121523 -0.17211615134304611 -0.2381134409195366 1.1626506835832564 0.6318093397446441 1.1103344523162768 0.23911364379187894 
20 -1 0.4751999957037429 0.7519836612249761 0.6957053578170809 0.8810041368954366 0.6757892768066652 1.1103344523162768 0.7821734936865544 
21 1 -0.9126443753104755 -0.9281978161714278 -0.9738494641665686 -1.0670511443619841 -1.0614182371431669 -1.0437844378241374 -0.9613344454489825 
22 1 -0.8058871160016895 -0.9281978161714278 -1.0021470035222237 -1.0905216899193024 -1.0834082056741774 -1.0437844378241374 -0.9613344454489825 
23 1 -0.6991298566929034 -0.7181751314968774 -0.8040642280326381 -0.9262278710180741 -0.9734583630191247 0.8231186002975549 -0.8755881533603496 
24 1 -0.9126443753104755 -0.8021842053666975 -0.8323617673882932 -1.0670511443619841 -1.0614182371431669 -0.6129606597960545 -0.9327523480861049 
25 -1 1.329258070174031 1.2560381044438973 1.2050610662188723 0.6697692268795716 0.7637491509307073 0.9667265263069159 0.896501883138065 
26 1 -0.05858630084018727 0.03790653333150438 0.04486195263701416 -0.4333464143143894 -0.0718696532476929 -1.0437844378241374 0.2676957411547566 
27 1 -0.8592657456560825 -0.970202353106338 -0.9455519248109135 -1.1139922354766207 -1.0614182371431669 -1.1873923638334982 -0.9613344454489825 
28 -1 1.008986292247673 0.8779972720297063 0.9503832120179766 0.34118158907711515 0.47787956002757037 0.5359027482788331 0.6964272015979214 
29 -1 0.4751999957037429 0.6259700504202458 0.4693250429718403 1.2565328658125297 1.159568584488897 0.10507897025075022 0.9250839805009426 
30 1 -0.7525084863472964 -0.970202353106338 -0.9455519248109135 -1.1139922354766207 -1.0834082056741774 -1.0437844378241374 -0.9327523480861049 
31 1 -0.8592657456560825 -1.0542114269761582 -0.9455519248109135 -1.1139922354766207 -1.0614182371431669 -1.0437844378241374 -0.9613344454489825 
32 1 -0.9126443753104755 -0.8861932792365178 -0.8323617673882932 -1.0670511443619841 -1.0614182371431669 -1.0437844378241374 -0.9899165428118601 
33 1 -0.05858630084018727 0.07991107026641447 0.15805211005963446 0.5524164990929801 0.7857391194617178 0.24868689626011117 0.8393376884123097 
34 1 0.5819572550125289 0.6679745873551558 0.4410275036161852 0.9279452280100732 0.06007015793837029 0.24868689626011117 0.09620315697749068 
35 -1 2.0765588853355332 2.2221424539468293 2.535045415934661 1.3738855935991212 2.4569767278185184 0.3922948222694721 2.840084503813746 
36 -1 0.42182136604934983 0.5419609765504255 0.6391102791057708 0.36465213463443347 0.5658394341516125 1.2539423783256378 0.6964272015979214 
37 -1 0.7420931439757079 0.8359927350947962 1.0352758300849418 0.7167103179942083 0.7417591823996967 0.679510674288194 0.6392630068721661 
38 1 -0.7525084863472964 -0.7181751314968774 -0.5776839131873975 -0.24558204985584287 0.2579798747174651 0.10507897025075022 -0.8755881533603496 
39 1 -0.8592657456560825 -0.9281978161714278 -1.0021470035222237 -1.137462781033939 -1.0834082056741774 -1.1873923638334982 -0.9899165428118601 
40 -1 3.1975101080777866 2.6841923602308406 2.13887986495549 1.7024732314015776 1.3134983642059705 0.8231186002975549 1.2394870514925969 
