id label data 
0 -1 0.6360518701334531 0.6892639749276175 0.9720921802211893 0.7587944930306424 1.2114513366184951 1.4094331337634691 1.2179343274340546 
1 -1 1.4077386423748346 1.438162845816039 1.5110610371546405 1.10130700899773 1.0897374963668234 0.7277854302115491 1.0303918231311977 
2 1 -0.9073216743493099 -0.8525866416073677 -0.8843561047718089 -1.0271636259406 -1.1011116281632676 -0.908169058313059 -1.095089892301179 
3 1 -0.7419602231547281 -0.8966395163655102 -1.0340696761422121 -1.173954704212209 -1.1254543962136019 -0.7718395176026751 -1.0325757242002267 
4 -1 0.6360518701334531 0.46899960113690536 0.49300875183589943 0.4896775161993593 0.8949953519641486 0.8641149709219331 0.9678776550302455 
5 -1 1.5731000935694164 1.350057096299754 1.241576608687915 0.8566552118783817 0.9436808880648173 1.1367740523427012 1.0303918231311977 
6 1 -0.9073216743493099 -1.07285101539808 -1.0939551046903733 -1.2228850636360786 -1.1497971642639364 -1.317157680444211 -1.0638328082507027 
7 -1 -0.4112373207655646 0.02847085355548098 -0.016017390823471048 1.076841829285795 0.8219670478131456 0.5914558895011651 0.6553068145254842 
8 -1 0.30532896774428964 0.38089385162062045 0.34329518046549634 0.6609337741829031 0.359454454856793 0.046137726659629015 0.4052501421216752 
9 -1 0.36044945147581686 0.6011582254113327 0.7026077517544638 0.29395607850388067 0.6515676714608052 1.2731035930530852 0.8741064028788171 
10 1 -0.5765987719601463 -0.2798992697515161 -0.4951008192087609 1.10130700899773 0.5541965992594677 0.046137726659629015 -0.12612028673641892 
11 1 -0.5214782882286191 -0.14774064547708876 -0.34538724783835784 0.7343293133187075 0.09168400630311523 -0.635509976892291 -0.4386911272411802 
12 1 -0.9073216743493099 -1.1169038901562223 -1.1538405332385344 -1.1984198839241438 -1.1741399323142707 -1.1808281397338272 -1.0638328082507027 
13 -1 0.19508800028123513 0.38089385162062045 0.7026077517544638 0.8811203915903165 1.1871085685681606 0.31879680808039706 1.6242764200902442 
14 1 -0.35611683703403735 0.11657660307176586 0.2534670376432545 1.2236329075574042 1.138423032467492 0.046137726659629015 0.7178209826264365 
15 1 -0.6868397394232009 -0.4561107687840858 -0.5549862477569222 0.8321900321664468 -0.22477197835123125 -0.635509976892291 0.030165133515961704 
16 1 -1.0175626418123642 -1.2050096396725072 -1.0340696761422121 -1.2228850636360786 -1.198482700364605 -1.1808281397338272 -1.126346976351655 
17 1 -0.7970807068862553 -1.07285101539808 -1.123897818964454 -1.2228850636360786 -1.1741399323142707 -1.1808281397338272 -1.1576040604021312 
18 1 -0.8522011906177825 -0.8525866416073677 -0.8843561047718089 -1.0271636259406 -0.9793977879115959 0.8641149709219331 -0.9388044720487982 
19 1 -0.7970807068862553 -0.7644808920910828 -0.9442415333199702 -1.149489524500274 -1.052426092062599 0.31879680808039706 -1.0325757242002267 
20 1 -0.9073216743493099 -1.1609567649143648 -1.0340696761422121 -1.2228850636360786 -1.1741399323142707 -1.317157680444211 -1.126346976351655 
21 1 -1.0726831255438916 -1.1169038901562223 -1.0340696761422121 -1.173954704212209 -1.1741399323142707 -1.1808281397338272 -1.0638328082507027 
22 1 -0.7970807068862553 -1.07285101539808 -1.0939551046903733 -1.149489524500274 -1.1741399323142707 -1.1808281397338272 -1.095089892301179 
23 -1 0.8014133213280349 0.6892639749276175 0.8822640373989474 0.5141426959112941 0.7976242797628113 0.8641149709219331 0.8741064028788171 
24 1 -0.9624421580808371 -1.1169038901562223 -1.0640123904162926 -1.2228850636360786 -1.1741399323142707 -1.1808281397338272 -1.126346976351655 
25 -1 0.6360518701334531 0.9535812234764721 0.9421494659471087 1.10130700899773 0.6515676714608052 0.5914558895011651 0.842849318828341 
26 -1 0.47069041893887137 0.5130524758950478 0.8523213231248669 0.8811203915903165 0.6759104395111395 0.7277854302115491 0.7490780666769127 
27 -1 0.47069041893887137 0.6011582254113327 0.5828368946581413 0.4162819770635548 0.7489387436621425 1.000444511632317 0.9678776550302455 
28 1 -0.7970807068862553 -0.9406923911236525 -0.8544133904977284 -1.1005591650764046 -1.1497971642639364 -1.0444985990234432 -1.0325757242002267 
29 1 -0.9624421580808371 -0.984745265881795 -1.0939551046903733 -1.173954704212209 -1.1497971642639364 -0.908169058313059 -1.0638328082507027 
30 1 -1.0726831255438916 -1.07285101539808 -1.123897818964454 -1.2718154230599483 -1.2228254684149393 -1.317157680444211 -1.1576040604021312 
31 -1 0.13996751654970788 0.46899960113690536 0.3133524661914157 0.6609337741829031 0.2620833826554556 1.1367740523427012 0.21770763781881847 
32 1 -0.7970807068862553 -0.5882693930585131 -0.644814390579164 1.10130700899773 0.09168400630311523 -0.22652135476113902 -0.5637194634430848 
33 -1 1.6282205773009435 1.658427219606751 1.7206600370732048 0.7587944930306424 1.6496211615245133 1.6820922151842372 1.7805618403426249 
34 1 -0.6317192556916736 -0.8525866416073677 -0.8544133904977284 -1.0026984462286652 -1.0280833240122647 0.046137726659629015 -1.0013186401497505 
35 -1 0.9667747725226166 0.7773697244439024 0.8523213231248669 0.245025719080011 0.6272249034104708 1.2731035930530852 1.342962663635959 
36 -1 1.9038229959585797 1.9227444681556056 1.8703736084436078 1.4438195249648176 1.4305362490715041 0.7277854302115491 1.2179343274340546 
37 -1 0.8565338050595621 1.0857398477508995 1.061920323043431 1.2970284466932085 1.2357941046688294 0.7277854302115491 1.2804484955350068 
38 -1 0.47069041893887137 0.5130524758950478 0.6127796089322219 0.9055855713022514 0.8949953519641486 -0.22652135476113902 0.9678776550302455 
39 1 -0.9624421580808371 -0.6323222678166556 -0.6747571048532446 0.4162819770635548 -0.12740090614989388 -0.908169058313059 -0.4386911272411802 
40 -1 0.36044945147581686 0.5571053506531902 0.5229514661099801 0.7587944930306424 1.2114513366184951 0.8641149709219331 1.1241630752826262 
41 -1 0.9667747725226166 0.8654754739601873 0.9421494659471087 0.9300507510141862 0.8949953519641486 0.8641149709219331 0.8741064028788171 
42 -1 0.8014133213280349 0.9095283487183297 0.762493180302625 1.0279114698619254 0.9923664241654859 0.046137726659629015 0.7178209826264365 
43 1 -0.7419602231547281 -0.6323222678166556 -0.8544133904977284 -1.0760939853644698 -1.0767688601129333 -0.908169058313059 -0.9388044720487982 
44 -1 0.8565338050595621 1.0857398477508995 1.1218057515915925 0.39181679735161995 0.5785393673098022 -0.090191814050755 0.7178209826264365 
45 -1 -0.24587586957098284 -0.14774064547708876 -0.16573096219387412 1.1747025481335345 0.5785393673098022 0.5914558895011651 0.21770763781881847 
46 -1 0.5258109026703986 0.7773697244439024 0.762493180302625 0.9055855713022514 1.3331651768701667 0.8641149709219331 1.0303918231311977 
47 1 -0.8522011906177825 -0.984745265881795 -1.0640123904162926 -1.1984198839241438 -1.198482700364605 -1.1808281397338272 -1.0638328082507027 
48 -1 0.8565338050595621 0.8654754739601873 0.8523213231248669 0.22056053936807618 0.5298538312091334 1.000444511632317 0.842849318828341 
49 1 -0.9073216743493099 -1.1609567649143648 -1.1538405332385344 -1.1984198839241438 -1.1741399323142707 -1.317157680444211 -1.1576040604021312 
50 -1 0.6360518701334531 0.6892639749276175 0.5828368946581413 0.685398953894838 0.9436808880648173 1.000444511632317 0.592792646424532 
51 -1 1.1872567074487257 1.1738455972671844 0.9122067516730281 1.1991677278454693 1.1871085685681606 1.5457626744738533 0.9053634869292932 
52 1 -0.9073216743493099 -1.1609567649143648 -1.0340696761422121 -1.2718154230599483 -1.2228254684149393 -1.1808281397338272 -1.126346976351655 
53 -1 0.5809313864019259 0.8654754739601873 0.9421494659471087 0.6120034147590334 0.8706525839138143 0.18246726737001304 1.1241630752826262 
54 1 -0.6317192556916736 -0.8085337668492253 -0.9142988190458896 -1.1005591650764046 -1.1741399323142707 -1.0444985990234432 -1.0325757242002267 
55 1 -0.8522011906177825 -1.07285101539808 -1.0939551046903733 -1.2228850636360786 -1.198482700364605 -1.1808281397338272 -1.0638328082507027 
56 -1 -0.5765987719601463 -0.3239521445096585 -0.255559105016116 0.685398953894838 0.6272249034104708 -0.090191814050755 0.592792646424532 
57 1 -0.7419602231547281 -0.5001636435422282 -0.5849289620310028 0.6120034147590334 0.43248275900779604 0.046137726659629015 -0.06360611863546668 
58 1 -1.182924093006946 -0.8525866416073677 -0.7945279619495671 0.1471650002322717 -0.6872845713075838 -0.49918043618190705 -0.8137761358468938 
59 -1 1.077015739985671 1.041686972992757 1.00203489449527 0.5875382350470986 0.7489387436621425 1.1367740523427012 0.9053634869292932 
60 1 -0.35611683703403735 -0.10368777071894632 -0.22561639074203538 0.5630730553351637 -0.15174367420022822 -0.635509976892291 -0.4699482112916563 
61 1 -0.8522011906177825 -0.4120578940259434 -0.5849289620310028 1.3948891655409479 0.5541965992594677 0.45512634879078107 0.06142221756643783 
62 1 -0.9624421580808371 -0.7644808920910828 -0.7346425334014058 -0.5378600317019034 -0.3951713547035717 0.5914558895011651 -0.4074340431907041 
63 -1 1.1321362237171984 1.0857398477508995 1.241576608687915 0.685398953894838 0.6759104395111395 0.8641149709219331 0.8115922347778649 
64 1 -0.3009963533025101 -0.05963489596080389 -0.1058455336457129 1.0523766495738602 0.5055110631587991 0.45512634879078107 0.1551934697178662 
65 -1 0.02972654908665339 0.2927881021043356 1.7506027513472853 1.1747025481335345 0.9193381200144829 0.7277854302115491 0.9991347390807217 
66 1 -0.9073216743493099 -1.1609567649143648 -1.123897818964454 -1.1984198839241438 -1.1741399323142707 -1.1808281397338272 -1.1888611444526074 
67 -1 2.620389284468434 2.18706171670446 1.7506027513472853 1.4682847046767524 1.2114513366184951 0.7277854302115491 0.9678776550302455 
68 1 -1.0175626418123642 -1.1609567649143648 -1.0340696761422121 -1.2228850636360786 -1.2228254684149393 -1.1808281397338272 -1.1576040604021312 
69 1 -0.9624421580808371 -1.0287981406399376 -1.0340696761422121 -1.173954704212209 -1.1497971642639364 -1.0444985990234432 -1.095089892301179 
70 1 -0.8522011906177825 -0.9406923911236525 -1.0939551046903733 -1.173954704212209 -1.1254543962136019 -1.1808281397338272 -1.095089892301179 
71 1 -0.8522011906177825 -1.0287981406399376 -1.0340696761422121 -1.2228850636360786 -1.1497971642639364 -1.1808281397338272 -1.126346976351655 
72 -1 0.47069041893887137 0.46899960113690536 0.5229514661099801 0.3428864379277503 0.4568255270581304 0.8641149709219331 0.4990213942731036 
73 -1 1.2423771911802528 1.0857398477508995 1.2116338944138343 0.6609337741829031 1.6009356254238445 1.5457626744738533 1.5305051679388157 
74 1 -0.8522011906177825 -0.984745265881795 -1.0640123904162926 -1.2228850636360786 -1.1497971642639364 -1.317157680444211 -1.1576040604021312 
75 1 -0.9073216743493099 -0.9406923911236525 -1.0340696761422121 -1.2228850636360786 -1.1741399323142707 -1.1808281397338272 -1.0325757242002267 
76 1 -1.0175626418123642 -1.0287981406399376 -1.0939551046903733 -1.2228850636360786 -1.1741399323142707 -1.1808281397338272 -1.095089892301179 
77 -1 1.6833410610324708 1.746532969123036 1.5110610371546405 0.9789811104380558 1.138423032467492 1.5457626744738533 1.4992480838883397 
78 -1 0.47069041893887137 0.5130524758950478 0.7924358945767056 0.1716301799442065 0.5298538312091334 0.7277854302115491 0.7178209826264365 
79 1 -0.7970807068862553 -1.0287981406399376 -1.0640123904162926 -1.2228850636360786 -1.1741399323142707 -1.1808281397338272 -1.0325757242002267 
80 1 -0.8522011906177825 -1.1169038901562223 -1.0939551046903733 -1.2228850636360786 -1.198482700364605 -1.1808281397338272 -1.095089892301179 
81 1 -0.7970807068862553 -0.36800501926780094 -0.6148716763050834 0.9300507510141862 -0.15174367420022822 0.31879680808039706 -0.5949765474935609 
82 1 -0.8522011906177825 -1.07285101539808 -1.0939551046903733 -1.2228850636360786 -1.198482700364605 -1.1808281397338272 -1.095089892301179 
83 -1 -0.19075538583945562 0.07252372831362341 0.6726650374803831 0.538607875623229 0.48116829510846476 0.5914558895011651 0.6553068145254842 
84 1 -0.8522011906177825 -1.1169038901562223 -1.0939551046903733 -1.2228850636360786 -1.1741399323142707 -1.1808281397338272 -1.126346976351655 
85 -1 0.19508800028123513 0.4249467263787629 0.28340975191733514 1.2970284466932085 0.8219670478131456 0.7277854302115491 0.6240497304750081 
86 -1 0.47069041893887137 0.5130524758950478 0.49300875183589943 1.370423985829013 1.3575079449205012 0.8641149709219331 0.9991347390807217 
87 1 -0.7970807068862553 -1.0287981406399376 -1.0340696761422121 -1.1984198839241438 -1.1497971642639364 -1.1808281397338272 -1.0638328082507027 
88 -1 0.9667747725226166 0.7773697244439024 0.8223786088507862 0.12269982052033687 0.4568255270581304 0.7277854302115491 0.6553068145254842 
89 -1 0.5809313864019259 0.33684097686247805 0.4630660375618188 0.245025719080011 0.2620833826554556 0.8641149709219331 0.4365072261721514 
90 1 -0.9073216743493099 -1.07285101539808 -1.0340696761422121 -1.2228850636360786 -1.1741399323142707 -1.1808281397338272 -1.126346976351655 
91 -1 2.124304930884689 1.8786915933974633 1.9602017512658496 0.7832596727425772 0.9923664241654859 1.6820922151842372 1.2491914114845306 
92 -1 2.4550278332738524 1.9227444681556056 1.8703736084436078 0.7098641336067727 0.9436808880648173 0.046137726659629015 1.2491914114845306 
93 1 -0.5214782882286191 -0.3239521445096585 -0.2855018192901966 0.6364685944709683 0.2377406146051213 -0.090191814050755 0.030165133515961704 
94 1 -0.9073216743493099 -1.07285101539808 -0.9741842475940508 -1.2228850636360786 -1.1741399323142707 -1.317157680444211 -1.0638328082507027 
95 1 -0.5765987719601463 -0.6323222678166556 -0.6148716763050834 -1.051628805652535 -1.1254543962136019 -0.908169058313059 -1.0325757242002267 
96 -1 1.462859126106362 1.438162845816039 1.3014620372360761 0.685398953894838 0.6272249034104708 1.2731035930530852 1.3117055795854828 
97 1 -0.9073216743493099 -1.0287981406399376 -0.9741842475940508 -1.149489524500274 -1.1497971642639364 -0.908169058313059 -1.126346976351655 
98 -1 0.30532896774428964 0.4249467263787629 0.7924358945767056 0.39181679735161995 0.7002532075614738 0.8641149709219331 0.9678776550302455 
99 1 -0.9073216743493099 -1.1169038901562223 -1.0340696761422121 -1.1984198839241438 -1.1254543962136019 -1.317157680444211 -1.0638328082507027 
100 1 -0.9624421580808371 -1.07285101539808 -1.0640123904162926 -1.173954704212209 -1.198482700364605 -1.317157680444211 -1.0638328082507027 
101 1 -0.9073216743493099 -0.9406923911236525 -1.0041269618681314 -1.2228850636360786 -1.198482700364605 -1.1808281397338272 -1.0638328082507027 
102 1 -0.6868397394232009 -0.4561107687840858 -0.6148716763050834 1.4193543452528827 0.359454454856793 0.5914558895011651 -0.3136627910392757 
103 1 -0.7970807068862553 -1.0287981406399376 -1.0939551046903733 -1.2228850636360786 -1.1741399323142707 -1.1808281397338272 -1.1576040604021312 
104 1 -0.8522011906177825 -1.1169038901562223 -1.0640123904162926 -1.2718154230599483 -1.198482700364605 -1.1808281397338272 -1.1576040604021312 
105 1 -0.8522011906177825 -0.6323222678166556 -0.7046998191273253 0.46521233648742444 -0.2734575144518999 -0.22652135476113902 -0.6887477996449892 
106 1 -0.9073216743493099 -1.0287981406399376 -1.0640123904162926 -1.1984198839241438 -1.1497971642639364 -1.0444985990234432 -1.095089892301179 
107 1 -0.8522011906177825 -0.984745265881795 -1.0939551046903733 -1.1984198839241438 -1.1497971642639364 -1.1808281397338272 -1.1576040604021312 
108 -1 0.47069041893887137 0.4249467263787629 0.4331233232877382 0.1471650002322717 0.359454454856793 1.4094331337634691 0.4365072261721514 
109 -1 1.021895256254144 0.8214225992020449 0.9122067516730281 0.1716301799442065 0.31076891875612433 0.8641149709219331 0.5302784783235798 
110 -1 0.6360518701334531 0.645211100169475 0.5229514661099801 0.7587944930306424 0.5541965992594677 0.8641149709219331 0.3739930580711991 
111 1 -0.6868397394232009 -0.8525866416073677 -0.9142988190458896 -1.1250243447883392 -1.1741399323142707 -1.0444985990234432 -1.0638328082507027 
112 -1 0.02972654908665339 0.11657660307176586 0.04386803772469019 0.9300507510141862 0.6272249034104708 0.5914558895011651 0.2489647218692946 
113 1 -0.7419602231547281 -0.8966395163655102 -1.0640123904162926 -1.1984198839241438 -1.1741399323142707 -1.0444985990234432 -1.0325757242002267 
114 -1 0.19508800028123513 0.4249467263787629 0.34329518046549634 0.29395607850388067 0.7002532075614738 1.4094331337634691 0.6553068145254842 
115 1 -0.6868397394232009 -0.7204280173329404 -0.8544133904977284 -1.1250243447883392 -1.1254543962136019 -0.908169058313059 -1.126346976351655 
116 1 -0.8522011906177825 -1.07285101539808 -1.0041269618681314 -1.173954704212209 -1.1497971642639364 -1.1808281397338272 -1.126346976351655 
117 -1 1.2423771911802528 0.9535812234764721 1.151748465865673 0.5875382350470986 0.7732815117124768 0.8641149709219331 1.1866772433835784 
118 -1 1.1872567074487257 1.350057096299754 1.5110610371546405 0.44074715677548965 0.7002532075614738 2.0910808373153893 0.9991347390807217 
119 -1 -0.5765987719601463 -0.05963489596080389 -0.13578824791979352 1.2236329075574042 0.6759104395111395 0.45512634879078107 0.21770763781881847 
120 -1 1.1872567074487257 1.1297927225090418 1.2715193229619954 0.7587944930306424 1.284479640769498 0.8641149709219331 1.3117055795854828 
121 -1 -0.02539393464487386 0.20468235258805073 0.13369618054693203 1.1502373684215996 0.7245959756118082 0.5914558895011651 0.592792646424532 
122 1 -0.8522011906177825 -1.0287981406399376 -1.0640123904162926 -1.173954704212209 -1.1741399323142707 -1.0444985990234432 -1.126346976351655 
123 1 -0.8522011906177825 -1.0287981406399376 -1.0340696761422121 -1.2228850636360786 -1.1741399323142707 -1.1808281397338272 -1.126346976351655 
124 -1 0.47069041893887137 0.46899960113690536 0.4031806090136576 0.44074715677548965 0.6272249034104708 1.2731035930530852 0.7490780666769127 
125 1 -0.9073216743493099 -0.676375142574798 -0.7346425334014058 1.0034462901499908 0.042998470202446536 -0.36285089547152305 -0.5949765474935609 
126 1 -0.8522011906177825 -1.07285101539808 -1.0340696761422121 -1.2228850636360786 -1.198482700364605 -1.1808281397338272 -1.0638328082507027 
127 -1 1.8487025122270526 1.7024800943648934 1.630831894250963 0.8811203915903165 1.479221785172173 0.8641149709219331 1.6242764200902442 
128 1 -0.7419602231547281 -1.0287981406399376 -1.0640123904162926 -1.2228850636360786 -1.1741399323142707 -1.1808281397338272 -1.095089892301179 
129 1 -0.8522011906177825 -0.4561107687840858 -0.5849289620310028 1.0279114698619254 0.018655702152112194 -0.36285089547152305 -0.25114862293832346 
130 1 -0.9624421580808371 -1.0287981406399376 -1.0640123904162926 -1.2228850636360786 -1.1741399323142707 -1.317157680444211 -1.0013186401497505 
131 -1 0.5809313864019259 0.24873522734619316 0.4331233232877382 0.245025719080011 0.042998470202446536 0.31879680808039706 0.06142221756643783 
132 -1 -0.24587586957098284 0.20468235258805073 0.0738107519987708 1.81079722064384 0.5298538312091334 0.31879680808039706 0.1551934697178662 
133 1 -0.9624421580808371 -1.1169038901562223 -1.0939551046903733 -1.2228850636360786 -1.198482700364605 -1.1808281397338272 -1.095089892301179 
134 -1 0.5809313864019259 0.6011582254113327 0.5229514661099801 0.22056053936807618 0.48116829510846476 1.1367740523427012 0.592792646424532 
135 -1 0.19508800028123513 0.38089385162062045 0.34329518046549634 0.8811203915903165 0.43248275900779604 0.8641149709219331 0.342735974020723 
136 -1 0.25020848401276236 0.6892639749276175 0.37323789473957697 0.9789811104380558 1.5765928573735102 1.2731035930530852 0.9678776550302455 
137 1 -0.7970807068862553 -1.1169038901562223 -1.0340696761422121 -1.2718154230599483 -1.1741399323142707 -1.453487221154595 -1.126346976351655 
138 1 -0.9073216743493099 -1.1609567649143648 -1.0640123904162926 -1.1984198839241438 -1.2228254684149393 -1.1808281397338272 -1.1576040604021312 
139 -1 0.8014133213280349 1.041686972992757 1.2715193229619954 0.4896775161993593 0.7732815117124768 0.7277854302115491 0.9053634869292932 
140 1 -0.9073216743493099 -0.984745265881795 -1.0340696761422121 -1.1984198839241438 -1.1497971642639364 -1.317157680444211 -1.0325757242002267 
141 -1 1.1321362237171984 0.9976340982346146 1.00203489449527 0.5141426959112941 0.6515676714608052 0.5914558895011651 0.9053634869292932 
142 -1 -0.3009963533025101 -0.015582021202661453 0.10375346627285142 0.6364685944709683 0.5298538312091334 0.8641149709219331 0.4052501421216752 
143 1 0.08484703281818064 0.07252372831362341 -0.16573096219387412 -0.6601859302615776 -1.0280833240122647 -1.1808281397338272 -0.9388044720487982 
144 -1 0.02972654908665339 0.20468235258805073 0.16363889482101265 0.8811203915903165 0.8463098158634799 0.7277854302115491 0.592792646424532 
145 1 -0.9073216743493099 -1.0287981406399376 -1.0041269618681314 -1.2228850636360786 -1.2228254684149393 -1.1808281397338272 -1.1576040604021312 
146 -1 0.8014133213280349 1.1297927225090418 1.2116338944138343 1.4193543452528827 1.2601368727191637 0.18246726737001304 1.3742197476864353 
147 -1 0.6911723538649803 0.6892639749276175 0.762493180302625 0.22056053936807618 0.5298538312091334 1.8184217558946212 0.6865638985759603 
148 -1 0.5809313864019259 0.5571053506531902 0.6127796089322219 0.44074715677548965 1.065394728316489 0.7277854302115491 1.3117055795854828 
149 1 -0.7419602231547281 -0.4561107687840858 -0.43521539066059967 0.31842125821581546 -0.22477197835123125 -0.908169058313059 -0.5324623793926085 
150 -1 0.25020848401276236 0.5130524758950478 0.4031806090136576 1.0523766495738602 0.9680236561151516 0.8641149709219331 0.9053634869292932 
151 1 -0.7419602231547281 -1.1169038901562223 -1.0939551046903733 -1.2228850636360786 -1.198482700364605 -1.317157680444211 -1.1576040604021312 
152 1 -0.9624421580808371 -1.2050096396725072 -1.1538405332385344 -1.2473502433480135 -1.1741399323142707 -1.1808281397338272 -1.095089892301179 
153 1 -1.0175626418123642 -1.1169038901562223 -1.0939551046903733 -1.1984198839241438 -1.198482700364605 -1.1808281397338272 -1.095089892301179 
154 -1 0.5258109026703986 0.5571053506531902 0.9421494659471087 0.4162819770635548 0.48116829510846476 0.8641149709219331 0.6553068145254842 
155 -1 -0.02539393464487386 0.1606294778299083 0.16363889482101265 0.7587944930306424 0.9436808880648173 0.45512634879078107 0.6865638985759603 
156 1 -0.8522011906177825 -0.9406923911236525 -0.9741842475940508 -1.173954704212209 -1.1741399323142707 -1.0444985990234432 -1.095089892301179 
157 1 -0.9073216743493099 -1.0287981406399376 -1.0340696761422121 -1.1984198839241438 -1.198482700364605 -1.1808281397338272 -1.1576040604021312 
158 -1 0.13996751654970788 0.24873522734619316 0.3133524661914157 0.07376946109646722 0.21339784655478694 0.5914558895011651 -0.09486320268594281 
159 -1 0.9667747725226166 0.9095283487183297 0.9720921802211893 0.245025719080011 0.31076891875612433 1.9547512966050051 0.5302784783235798 
160 -1 -0.08051441837640111 0.11657660307176586 0.04386803772469019 1.0034462901499908 0.6028821353601365 0.8641149709219331 0.28022180591977075 
161 -1 1.021895256254144 1.0857398477508995 1.2715193229619954 0.39181679735161995 0.7489387436621425 1.5457626744738533 0.7490780666769127 
162 -1 0.13996751654970788 0.07252372831362341 0.13369618054693203 0.3428864379277503 0.1403695424037839 1.000444511632317 0.030165133515961704 
163 1 -0.7419602231547281 -1.1169038901562223 -1.0640123904162926 -1.1984198839241438 -1.198482700364605 -1.1808281397338272 -1.126346976351655 
164 -1 4.108642345219669 3.332436460416164 2.708769608117865 1.1991677278454693 1.0410519602661545 1.9547512966050051 1.2179343274340546 
165 -1 0.9116542887910893 1.041686972992757 0.9421494659471087 0.4162819770635548 1.0897374963668234 1.1367740523427012 1.4679909998378635 
166 1 -0.3009963533025101 0.20468235258805073 0.0738107519987708 0.7343293133187075 0.2377406146051213 0.7277854302115491 0.030165133515961704 
167 -1 2.399907349542325 2.319220340978888 2.229686179732575 1.1257721887096648 1.6009356254238445 1.000444511632317 1.9368472605950056 
168 1 0.47069041893887137 0.4249467263787629 0.4031806090136576 0.07376946109646722 0.1403695424037839 0.8641149709219331 -0.032349034584990555 
169 -1 1.021895256254144 1.1297927225090418 1.630831894250963 0.8566552118783817 2.5259608113365495 -0.36285089547152305 2.999588118311194 
170 1 -0.9073216743493099 -1.07285101539808 -1.0640123904162926 -1.2228850636360786 -1.1741399323142707 -1.0444985990234432 -1.0325757242002267 
171 -1 1.6833410610324708 1.3941099710578966 1.3314047515101568 0.538607875623229 1.1871085685681606 1.000444511632317 1.4679909998378635 
172 1 -0.8522011906177825 -1.07285101539808 -1.0041269618681314 -1.173954704212209 -1.1741399323142707 -1.317157680444211 -1.095089892301179 
173 1 -0.9073216743493099 -1.0287981406399376 -1.0041269618681314 -1.173954704212209 -1.1254543962136019 -1.1808281397338272 -1.095089892301179 
174 -1 0.6911723538649803 0.645211100169475 0.7325504660285443 0.8321900321664468 0.6759104395111395 0.45512634879078107 0.3739930580711991 
175 1 1.462859126106362 1.5703214700904662 1.7506027513472853 0.6120034147590334 1.990419914229194 -0.7718395176026751 2.1556468489483382 
176 1 -0.7970807068862553 -0.9406923911236525 -1.0640123904162926 -1.1250243447883392 -1.1741399323142707 -1.0444985990234432 -1.0638328082507027 
177 1 -0.9073216743493099 -1.0287981406399376 -1.0340696761422121 -1.1984198839241438 -1.198482700364605 -1.1808281397338272 -1.0638328082507027 
178 -1 0.9667747725226166 0.8214225992020449 0.8822640373989474 0.22056053936807618 0.5055110631587991 0.7277854302115491 0.7490780666769127 
179 1 -1.0175626418123642 -1.2050096396725072 -1.0640123904162926 -1.2228850636360786 -1.1741399323142707 -1.1808281397338272 -1.1576040604021312 
180 -1 2.399907349542325 2.18706171670446 2.0500298940880914 1.6884713220841658 2.2581903627828717 1.1367740523427012 2.030618512746434 
181 1 -0.9624421580808371 -1.07285101539808 -1.123897818964454 -1.173954704212209 -1.1741399323142707 -1.1808281397338272 -1.0325757242002267 
182 1 -0.7970807068862553 -1.0287981406399376 -1.0340696761422121 -1.2473502433480135 -1.1741399323142707 -1.1808281397338272 -1.0638328082507027 
183 -1 0.9667747725226166 0.8654754739601873 0.9720921802211893 0.5875382350470986 1.3575079449205012 1.1367740523427012 1.2804484955350068 
184 -1 0.08484703281818064 0.33684097686247805 0.4630660375618188 -0.1953475157348159 -0.17608644225056255 1.8184217558946212 0.030165133515961704 
185 -1 0.9667747725226166 0.9095283487183297 0.8822640373989474 0.7343293133187075 0.8219670478131456 1.5457626744738533 0.9991347390807217 
186 1 -0.9624421580808371 -0.6323222678166556 -0.7346425334014058 0.5141426959112941 0.042998470202446536 -0.090191814050755 -0.5949765474935609 
187 -1 1.3526181586433073 1.3060042215416117 1.3613474657842373 1.0034462901499908 1.6739639295748476 1.1367740523427012 1.7805618403426249 
188 -1 0.36044945147581686 0.46899960113690536 0.49300875183589943 1.2725632669812739 1.0410519602661545 -0.22652135476113902 1.0303918231311977 
189 1 -0.9073216743493099 -1.1609567649143648 -1.0640123904162926 -1.2473502433480135 -1.2228254684149393 -1.1808281397338272 -1.1576040604021312 
190 -1 0.47069041893887137 0.46899960113690536 0.6427223232063025 0.245025719080011 0.38379722290712737 1.1367740523427012 0.3739930580711991 
191 1 -1.127803609275419 -1.1609567649143648 -1.183783247512615 -1.2228850636360786 -1.198482700364605 -1.317157680444211 -1.095089892301179 
192 1 -0.9073216743493099 -1.0287981406399376 -1.0041269618681314 -1.2228850636360786 -1.1741399323142707 -1.1808281397338272 -1.095089892301179 
193 -1 -0.4112373207655646 -0.23584639499337362 -0.3154445335642772 1.1502373684215996 0.7002532075614738 0.8641149709219331 0.21770763781881847 
194 1 -0.9624421580808371 -1.07285101539808 -1.0340696761422121 -1.173954704212209 -1.1497971642639364 -1.1808281397338272 -1.1576040604021312 
195 1 -0.7419602231547281 -0.6323222678166556 -0.644814390579164 -0.8803725476689911 -0.7116273393579181 0.45512634879078107 -0.7512619677459415 
196 1 -0.4112373207655646 -0.5001636435422282 -0.644814390579164 -1.0026984462286652 -1.1011116281632676 -0.908169058313059 -1.0013186401497505 
197 1 -0.7970807068862553 -1.1169038901562223 -1.0041269618681314 -1.1984198839241438 -1.1741399323142707 -1.317157680444211 -1.126346976351655 
198 -1 0.36044945147581686 0.46899960113690536 0.3133524661914157 0.6120034147590334 0.43248275900779604 1.4094331337634691 0.4365072261721514 
199 1 -0.9624421580808371 -1.0287981406399376 -1.0939551046903733 -1.2473502433480135 -1.198482700364605 -1.1808281397338272 -1.0638328082507027 
200 1 1.021895256254144 1.041686972992757 1.061920323043431 0.31842125821581546 1.3331651768701667 0.8641149709219331 1.3742197476864353 
201 -1 1.077015739985671 1.3060042215416117 1.3014620372360761 0.7343293133187075 0.9923664241654859 0.8641149709219331 1.2179343274340546 
202 -1 0.8014133213280349 0.6011582254113327 0.5528941803840607 0.4896775161993593 0.6272249034104708 1.1367740523427012 0.5615355623740559 
203 -1 0.7462928375965077 0.7333168496857599 0.9421494659471087 0.44074715677548965 1.0167091922158202 1.000444511632317 1.4367339157873875 
204 -1 0.5809313864019259 0.6011582254113327 0.7924358945767056 0.2694908987919458 0.48116829510846476 1.4094331337634691 0.9053634869292932 
205 1 -0.9624421580808371 -1.1169038901562223 -1.183783247512615 -1.2718154230599483 -1.198482700364605 -1.1808281397338272 -1.1576040604021312 
206 -1 1.077015739985671 1.041686972992757 1.1218057515915925 0.245025719080011 0.5541965992594677 2.0910808373153893 0.7803351507273888 
207 1 -0.6868397394232009 -1.0287981406399376 -1.0340696761422121 -1.173954704212209 -1.1497971642639364 -1.0444985990234432 -1.0638328082507027 
208 1 -0.9073216743493099 -1.07285101539808 -1.123897818964454 -1.2473502433480135 -1.1497971642639364 -1.1808281397338272 -1.1888611444526074 
209 -1 1.2974976749117801 1.5703214700904662 1.451175608606479 1.2236329075574042 1.6739639295748476 0.31879680808039706 1.9055901765445293 
210 -1 1.1321362237171984 1.261951346783469 1.151748465865673 0.8077248524545121 0.9436808880648173 0.7277854302115491 1.3117055795854828 
211 1 -0.8522011906177825 -0.4120578940259434 -0.5549862477569222 1.370423985829013 0.1890550785044526 0.31879680808039706 -0.3136627910392757 
212 -1 -0.24587586957098284 0.1606294778299083 0.0738107519987708 0.9789811104380558 0.4081399909574617 0.31879680808039706 0.21770763781881847 
213 1 -0.7970807068862553 -0.7204280173329404 -0.9442415333199702 -1.149489524500274 -1.1011116281632676 -0.908169058313059 -1.095089892301179 
214 -1 0.30532896774428964 0.20468235258805073 0.13369618054693203 0.44074715677548965 0.48116829510846476 1.000444511632317 0.4052501421216752 
215 -1 3.943280894025088 3.0240663371091667 2.4991706081993006 1.664006142372231 1.138423032467492 0.31879680808039706 0.9991347390807217 
216 1 -0.9624421580808371 -1.1169038901562223 -1.123897818964454 -1.2473502433480135 -1.198482700364605 -1.317157680444211 -1.095089892301179 
217 -1 1.7935820284955253 1.746532969123036 1.9302590369917692 0.7343293133187075 1.138423032467492 1.8184217558946212 1.6242764200902442 
218 -1 0.6360518701334531 0.7333168496857599 1.2116338944138343 0.954515930726121 0.8706525839138143 0.7277854302115491 0.4052501421216752 
219 1 -0.9624421580808371 -1.2050096396725072 -1.1538405332385344 -1.2228850636360786 -1.1741399323142707 -1.1808281397338272 -1.0638328082507027 
220 1 0.6911723538649803 0.645211100169475 0.7924358945767056 0.2694908987919458 0.5298538312091334 0.7277854302115491 0.8115922347778649 
221 -1 0.41556993520734414 0.7333168496857599 0.6726650374803831 0.8566552118783817 0.7489387436621425 0.8641149709219331 0.8115922347778649 
222 1 -1.0175626418123642 -1.0287981406399376 -1.0939551046903733 -1.173954704212209 -1.1741399323142707 -1.1808281397338272 -1.095089892301179 
223 1 -0.9624421580808371 -0.9406923911236525 -1.0041269618681314 -1.1984198839241438 -1.1741399323142707 -1.0444985990234432 -1.0638328082507027 
224 -1 1.462859126106362 1.3941099710578966 2.169800751184414 0.9789811104380558 1.5522500893231759 1.000444511632317 1.8118189243931009 
225 -1 -0.08051441837640111 0.1606294778299083 0.4031806090136576 0.5875382350470986 0.7002532075614738 0.45512634879078107 0.7178209826264365 
226 1 -0.46635780449709185 -0.05963489596080389 -0.1058455336457129 1.076841829285795 0.38379722290712737 0.5914558895011651 -0.0010919505345144246 
227 -1 0.8565338050595621 0.8654754739601873 0.7325504660285443 0.39181679735161995 0.7976242797628113 1.8184217558946212 1.061648907181674 
228 1 -0.8522011906177825 -1.07285101539808 -1.0640123904162926 -1.2228850636360786 -1.1741399323142707 -1.1808281397338272 -1.095089892301179 
229 1 -0.9073216743493099 -1.0287981406399376 -1.123897818964454 -1.1984198839241438 -1.198482700364605 -1.1808281397338272 -1.095089892301179 
230 -1 5.321292987313269 4.4337583293697245 3.6968791791625253 1.4193543452528827 1.0410519602661545 1.000444511632317 1.342962663635959 
231 -1 1.021895256254144 1.1738455972671844 1.3014620372360761 0.8321900321664468 1.3575079449205012 0.8641149709219331 1.1241630752826262 
232 -1 1.7935820284955253 1.6143743448486088 1.630831894250963 0.7098641336067727 0.7002532075614738 1.4094331337634691 0.8741064028788171 
233 1 -0.9073216743493099 -0.8525866416073677 -0.8843561047718089 -1.0271636259406 -1.1011116281632676 -0.908169058313059 -1.095089892301179 
234 1 -0.8522011906177825 -0.984745265881795 -1.0640123904162926 -1.1984198839241438 -1.1497971642639364 -1.317157680444211 -1.126346976351655 
235 1 -1.0726831255438916 -1.1169038901562223 -1.0939551046903733 -1.2228850636360786 -1.1497971642639364 -1.1808281397338272 -1.1576040604021312 
236 -1 0.30532896774428964 0.2927881021043356 0.4031806090136576 1.6150757829483613 1.2357941046688294 1.000444511632317 1.09290599123215 
237 -1 1.2423771911802528 1.2178984720253268 1.061920323043431 0.8077248524545121 0.7245959756118082 0.8641149709219331 0.9053634869292932 
238 1 -0.7970807068862553 -1.0287981406399376 -1.0640123904162926 -1.2228850636360786 -1.1497971642639364 -1.1808281397338272 -1.0325757242002267 
239 -1 0.47069041893887137 0.5130524758950478 0.5528941803840607 0.31842125821581546 0.7245959756118082 0.046137726659629015 0.8741064028788171 
240 1 -1.0175626418123642 -1.0287981406399376 -1.0041269618681314 -1.1984198839241438 -1.1741399323142707 -1.1808281397338272 -1.126346976351655 
241 1 -0.8522011906177825 -0.8085337668492253 -1.0041269618681314 -1.1250243447883392 -1.1497971642639364 -0.49918043618190705 -1.0325757242002267 
242 1 -0.5214782882286191 -0.015582021202661453 -0.16573096219387412 1.3214936264051433 0.6028821353601365 0.31879680808039706 0.09267930161691396 
243 1 -0.7970807068862553 -0.8085337668492253 -0.9142988190458896 -1.0271636259406 -1.0767688601129333 0.5914558895011651 -1.0013186401497505 
244 1 -0.8522011906177825 -0.8966395163655102 -1.0340696761422121 -1.149489524500274 -1.1497971642639364 -0.36285089547152305 -1.095089892301179 
245 -1 1.077015739985671 0.9976340982346146 1.061920323043431 0.4896775161993593 0.8706525839138143 1.1367740523427012 1.1241630752826262 
246 1 -0.8522011906177825 -0.5442165183003707 -0.7645852476754865 1.2970284466932085 0.2377406146051213 -0.22652135476113902 -0.3449198750897518 
247 1 -0.7970807068862553 -0.984745265881795 -1.0640123904162926 -1.1984198839241438 -1.1497971642639364 -1.1808281397338272 -1.095089892301179 
248 1 -1.0175626418123642 -1.0287981406399376 -1.0041269618681314 -1.2228850636360786 -1.198482700364605 -1.317157680444211 -1.126346976351655 
249 1 -0.8522011906177825 -0.984745265881795 -1.0041269618681314 -1.1984198839241438 -1.1741399323142707 -1.1808281397338272 -1.0013186401497505 
250 -1 0.7462928375965077 0.7773697244439024 0.6427223232063025 0.44074715677548965 0.7489387436621425 0.7277854302115491 0.9991347390807217 
251 1 -0.8522011906177825 -0.984745265881795 -1.0640123904162926 -1.149489524500274 -1.1741399323142707 -0.908169058313059 -1.095089892301179 
252 1 -0.9073216743493099 -1.07285101539808 -1.0640123904162926 -1.2228850636360786 -1.1741399323142707 -1.1808281397338272 -1.126346976351655 
253 1 -0.9073216743493099 -0.9406923911236525 -1.0640123904162926 -1.173954704212209 -1.1497971642639364 -1.1808281397338272 -1.126346976351655 
254 1 -1.127803609275419 -1.07285101539808 -0.9142988190458896 -0.8559073679570562 -0.7603128754585868 -1.1808281397338272 -0.9075473879983221 
255 1 -1.0175626418123642 -0.8966395163655102 -0.9442415333199702 -1.173954704212209 -1.1741399323142707 -0.7718395176026751 -1.0638328082507027 
256 -1 0.19508800028123513 0.6892639749276175 0.6427223232063025 1.1991677278454693 1.1627658005178263 0.5914558895011651 1.1866772433835784 
257 -1 0.6360518701334531 0.645211100169475 0.7026077517544638 0.049304281384532384 0.2377406146051213 1.4094331337634691 0.4365072261721514 
258 1 -0.9073216743493099 -1.1169038901562223 -1.0340696761422121 -1.2228850636360786 -1.198482700364605 -1.1808281397338272 -1.0325757242002267 
259 -1 0.9667747725226166 1.1297927225090418 1.2116338944138343 0.36735161763968516 0.6515676714608052 1.9547512966050051 0.9366205709797694 
260 -1 0.7462928375965077 0.7773697244439024 1.00203489449527 0.19609535965614136 0.9680236561151516 1.2731035930530852 1.2179343274340546 
261 -1 0.19508800028123513 0.8214225992020449 0.9421494659471087 0.9300507510141862 0.4081399909574617 -0.090191814050755 0.31147888997024686 
262 1 -0.7419602231547281 -1.07285101539808 -1.0041269618681314 -1.2228850636360786 -1.1497971642639364 -1.317157680444211 -1.126346976351655 
263 -1 0.41556993520734414 0.33684097686247805 0.13369618054693203 0.9055855713022514 0.43248275900779604 0.7277854302115491 0.31147888997024686 
264 -1 -0.5214782882286191 -0.015582021202661453 -0.07590281937163228 1.4682847046767524 0.8219670478131456 -0.090191814050755 0.342735974020723 
265 -1 0.41556993520734414 0.5571053506531902 0.4630660375618188 0.4896775161993593 0.31076891875612433 0.7277854302115491 0.3739930580711991 
266 1 -0.8522011906177825 -1.0287981406399376 -1.0640123904162926 -1.2228850636360786 -1.198482700364605 -1.317157680444211 -1.126346976351655 
267 1 0.5258109026703986 0.38089385162062045 0.28340975191733514 -0.17088233602288105 1.479221785172173 0.31879680808039706 1.561762251989292 
268 1 0.5809313864019259 0.20468235258805073 0.10375346627285142 -0.4889296722780338 -0.565570731055912 0.31879680808039706 -0.6574907155945131 
269 -1 1.2974976749117801 1.261951346783469 1.2116338944138343 0.6364685944709683 0.8463098158634799 0.7277854302115491 0.9366205709797694 
270 1 -0.9624421580808371 -1.07285101539808 -1.0939551046903733 -1.2473502433480135 -1.198482700364605 -1.1808281397338272 -1.126346976351655 
271 -1 0.13996751654970788 0.5571053506531902 0.34329518046549634 1.6150757829483613 1.065394728316489 0.8641149709219331 0.592792646424532 
272 -1 0.08484703281818064 0.1606294778299083 0.16363889482101265 0.3428864379277503 0.5055110631587991 0.5914558895011651 0.4365072261721514 
273 1 -0.02539393464487386 0.2927881021043356 0.3133524661914157 1.248098087269339 0.7245959756118082 0.5914558895011651 0.4990213942731036 
274 -1 0.8014133213280349 0.7773697244439024 1.4212328943323986 0.8077248524545121 1.5279073212728416 1.000444511632317 1.7493047562921487 
275 1 -0.9073216743493099 -1.07285101539808 -1.0340696761422121 -1.1984198839241438 -1.198482700364605 -1.1808281397338272 -1.095089892301179 
276 1 -0.9624421580808371 -0.5882693930585131 -0.6148716763050834 1.076841829285795 0.2620833826554556 0.7277854302115491 -0.2824057069887996 
277 -1 -0.02539393464487386 0.24873522734619316 0.37323789473957697 0.4162819770635548 0.09168400630311523 0.8641149709219331 0.06142221756643783 
278 1 -0.9624421580808371 -1.1169038901562223 -1.0340696761422121 -1.2473502433480135 -1.198482700364605 -1.1808281397338272 -1.1576040604021312 
279 -1 0.6911723538649803 0.6892639749276175 0.7924358945767056 0.4162819770635548 0.1403695424037839 0.31879680808039706 0.06142221756643783 
280 -1 0.5809313864019259 0.8214225992020449 0.7026077517544638 0.8321900321664468 0.7489387436621425 1.8184217558946212 0.342735974020723 
281 1 -0.3009963533025101 -0.10368777071894632 -0.1058455336457129 1.2725632669812739 0.2377406146051213 0.18246726737001304 -0.15737737078689507 
282 1 -0.46635780449709185 -0.4561107687840858 -0.5250435334828415 -0.8559073679570562 -1.0037405559619303 0.8641149709219331 -0.9388044720487982 
283 -1 0.30532896774428964 0.46899960113690536 0.7924358945767056 0.3428864379277503 0.8219670478131456 0.31879680808039706 1.061648907181674 
284 -1 0.36044945147581686 0.46899960113690536 0.6127796089322219 0.538607875623229 0.5785393673098022 0.8641149709219331 0.592792646424532 
285 1 -0.9073216743493099 -1.1169038901562223 -1.0640123904162926 -1.2228850636360786 -1.1741399323142707 -1.1808281397338272 -1.095089892301179 
286 -1 0.8014133213280349 1.041686972992757 1.1218057515915925 1.1502373684215996 0.4081399909574617 0.5914558895011651 0.2489647218692946 
287 1 -0.8522011906177825 -1.07285101539808 -1.123897818964454 -1.1984198839241438 -1.1741399323142707 -1.1808281397338272 -1.126346976351655 
288 1 -0.13563490210792836 -0.015582021202661453 -0.016017390823471048 -0.5133948519899687 -0.07871537004922519 -1.1808281397338272 0.2489647218692946 
289 -1 0.25020848401276236 0.7773697244439024 0.5528941803840607 0.9300507510141862 0.9923664241654859 0.8641149709219331 0.4365072261721514 
290 -1 1.1321362237171984 1.0857398477508995 0.9720921802211893 0.7832596727425772 1.2114513366184951 0.7277854302115491 1.2804484955350068 
291 1 -0.9624421580808371 -1.0287981406399376 -1.123897818964454 -1.2228850636360786 -1.198482700364605 -1.1808281397338272 -1.095089892301179 
292 -1 0.6911723538649803 0.8654754739601873 0.9122067516730281 0.9300507510141862 1.3331651768701667 0.7277854302115491 0.9366205709797694 
293 1 -0.7970807068862553 -1.0287981406399376 -1.123897818964454 -1.2228850636360786 -1.198482700364605 -1.1808281397338272 -1.1576040604021312 
294 -1 0.30532896774428964 0.33684097686247805 0.2534670376432545 1.5661454235244916 0.7489387436621425 1.000444511632317 0.21770763781881847 
295 1 -0.6317192556916736 -0.8525866416073677 -0.9142988190458896 -1.1005591650764046 -1.1254543962136019 -1.0444985990234432 -1.095089892301179 
296 1 -0.9624421580808371 -1.07285101539808 -1.0640123904162926 -1.2228850636360786 -1.1741399323142707 -1.317157680444211 -1.095089892301179 
297 1 -0.9073216743493099 -1.1609567649143648 -1.0640123904162926 -1.2228850636360786 -1.198482700364605 -1.317157680444211 -1.126346976351655 
298 -1 1.6833410610324708 1.5262685953323238 0.7026077517544638 0.44074715677548965 1.284479640769498 1.5457626744738533 1.6242764200902442 
299 -1 0.08484703281818064 0.24873522734619316 0.34329518046549634 0.245025719080011 0.5785393673098022 1.1367740523427012 0.7178209826264365 
300 -1 1.2974976749117801 0.9535812234764721 0.9421494659471087 0.3428864379277503 0.7732815117124768 1.000444511632317 0.9053634869292932 
301 -1 0.02972654908665339 0.4249467263787629 0.28340975191733514 0.4896775161993593 0.9436808880648173 0.8641149709219331 0.7803351507273888 
302 -1 -0.3009963533025101 0.11657660307176586 -0.016017390823471048 1.0034462901499908 0.9436808880648173 0.7277854302115491 0.31147888997024686 
303 1 -0.7970807068862553 -1.2050096396725072 -1.0939551046903733 -1.2228850636360786 -1.198482700364605 -1.1808281397338272 -1.126346976351655 
304 -1 1.2423771911802528 1.3060042215416117 1.4212328943323986 0.46521233648742444 0.7245959756118082 0.8641149709219331 0.9053634869292932 
305 -1 0.9667747725226166 0.8654754739601873 0.9421494659471087 0.29395607850388067 0.5298538312091334 0.31879680808039706 0.7178209826264365 
306 -1 0.47069041893887137 0.5571053506531902 0.8523213231248669 0.6364685944709683 0.9680236561151516 0.7277854302115491 0.9053634869292932 
307 -1 0.41556993520734414 0.6011582254113327 0.4331233232877382 1.248098087269339 1.284479640769498 -0.090191814050755 0.9678776550302455 
308 -1 0.41556993520734414 0.6892639749276175 0.6427223232063025 1.076841829285795 1.0410519602661545 0.8641149709219331 0.6240497304750081 
309 1 -0.8522011906177825 -1.07285101539808 -1.0640123904162926 -1.2228850636360786 -1.198482700364605 -1.1808281397338272 -1.0638328082507027 
310 1 -0.9624421580808371 -1.1609567649143648 -1.0640123904162926 -1.2228850636360786 -1.1741399323142707 -1.1808281397338272 -1.095089892301179 
311 1 -0.7970807068862553 -1.0287981406399376 -0.9741842475940508 -1.1984198839241438 -1.1741399323142707 -1.1808281397338272 -1.0638328082507027 
312 -1 0.41556993520734414 0.6011582254113327 0.6127796089322219 0.22056053936807618 0.359454454856793 1.1367740523427012 0.5615355623740559 
313 -1 1.6282205773009435 1.658427219606751 1.5110610371546405 0.8077248524545121 1.1871085685681606 0.8641149709219331 1.342962663635959 
314 1 -0.8522011906177825 -1.07285101539808 -1.0041269618681314 -1.1984198839241438 -1.1741399323142707 -1.1808281397338272 -1.095089892301179 
315 1 -0.8522011906177825 -0.3239521445096585 -0.3154445335642772 1.0279114698619254 0.6759104395111395 0.31879680808039706 0.1551934697178662 
316 1 -0.9624421580808371 -1.1169038901562223 -1.0340696761422121 -1.1984198839241438 -1.198482700364605 -1.1808281397338272 -1.095089892301179 
317 1 -0.5765987719601463 -0.8525866416073677 -0.8843561047718089 -0.9782332665167304 -0.6629418032572495 -0.7718395176026751 -0.5949765474935609 
318 -1 -0.19075538583945562 -0.015582021202661453 0.013925323450609569 0.7343293133187075 0.43248275900779604 -0.090191814050755 0.4677643102226275 
319 1 -0.7970807068862553 -0.5442165183003707 -0.7346425334014058 0.8566552118783817 -0.005687065898222149 -0.090191814050755 -0.5637194634430848 
320 -1 0.30532896774428964 0.38089385162062045 0.37323789473957697 0.8566552118783817 0.7489387436621425 1.1367740523427012 0.6553068145254842 
321 -1 0.9667747725226166 0.9976340982346146 0.9421494659471087 0.4162819770635548 1.2114513366184951 0.7277854302115491 1.3117055795854828 
322 -1 0.7462928375965077 0.7333168496857599 0.762493180302625 0.44074715677548965 0.5541965992594677 0.45512634879078107 0.4990213942731036 
323 -1 0.5809313864019259 0.8214225992020449 0.9122067516730281 1.1747025481335345 0.9436808880648173 1.000444511632317 0.8115922347778649 
324 1 -0.6317192556916736 -0.6323222678166556 -0.8244706762236477 -1.0760939853644698 -1.1497971642639364 -1.0444985990234432 -1.0638328082507027 
325 -1 1.4077386423748346 1.3941099710578966 1.4811183228805598 0.954515930726121 1.0410519602661545 0.8641149709219331 1.2491914114845306 
326 1 0.19508800028123513 0.38089385162062045 0.3133524661914157 0.6609337741829031 0.43248275900779604 0.7277854302115491 0.1551934697178662 
327 -1 -0.02539393464487386 0.07252372831362341 0.10375346627285142 1.0034462901499908 0.7245959756118082 0.5914558895011651 0.28022180591977075 
328 -1 0.8565338050595621 0.7773697244439024 0.7924358945767056 0.1716301799442065 0.4568255270581304 1.5457626744738533 0.7490780666769127 
329 -1 1.6282205773009435 1.4822157205741813 1.4811183228805598 0.5875382350470986 0.9923664241654859 1.2731035930530852 0.9366205709797694 
330 -1 1.517979609837889 1.1738455972671844 1.1816911801397536 0.1716301799442065 0.7489387436621425 1.1367740523427012 1.09290599123215 
331 1 -1.0175626418123642 -0.984745265881795 -0.9442415333199702 -1.173954704212209 -1.1741399323142707 -1.1808281397338272 -1.126346976351655 
332 1 -0.7419602231547281 -0.4561107687840858 -0.5849289620310028 1.3214936264051433 0.28642615070579 -0.22652135476113902 -0.3136627910392757 
333 -1 1.077015739985671 1.1297927225090418 1.2715193229619954 0.5630730553351637 0.7489387436621425 0.5914558895011651 0.7803351507273888 
334 1 -0.9073216743493099 -1.1169038901562223 -1.0340696761422121 -1.2228850636360786 -1.2228254684149393 -1.317157680444211 -1.1888611444526074 
335 -1 0.7462928375965077 0.8654754739601873 1.1816911801397536 0.8811203915903165 1.4548790171218384 1.000444511632317 1.843076008443577 
336 1 -0.6868397394232009 -0.5442165183003707 -0.644814390579164 -1.0271636259406 -1.052426092062599 -0.7718395176026751 -1.0013186401497505 
337 -1 1.1872567074487257 1.1738455972671844 1.061920323043431 0.8077248524545121 0.9436808880648173 0.8641149709219331 0.8741064028788171 
338 -1 0.8565338050595621 0.9095283487183297 0.8223786088507862 0.8566552118783817 0.6028821353601365 0.8641149709219331 0.5302784783235798 
339 -1 -0.46635780449709185 -0.14774064547708876 -0.22561639074203538 1.4927498843886873 0.6272249034104708 0.45512634879078107 0.06142221756643783 
340 -1 1.7384615447639982 1.4822157205741813 1.6008891799768823 0.6120034147590334 1.284479640769498 1.1367740523427012 1.561762251989292 
341 1 -0.9624421580808371 -0.984745265881795 -1.0340696761422121 -1.2228850636360786 -1.198482700364605 -1.317157680444211 -1.126346976351655 
342 -1 0.6360518701334531 0.6011582254113327 0.49300875183589943 0.5141426959112941 0.7245959756118082 1.000444511632317 0.6240497304750081 
343 1 -0.9073216743493099 -1.0287981406399376 -1.0340696761422121 -1.1984198839241438 -1.1741399323142707 -1.1808281397338272 -1.126346976351655 
344 1 -0.9624421580808371 -0.7644808920910828 -0.8244706762236477 0.1716301799442065 -0.419514122753906 -0.090191814050755 -0.6574907155945131 
345 1 -1.0175626418123642 -1.0287981406399376 -1.0939551046903733 -1.1984198839241438 -1.1741399323142707 -1.1808281397338272 -1.095089892301179 
346 1 -1.0175626418123642 -1.07285101539808 -1.0041269618681314 -1.173954704212209 -1.1497971642639364 -1.453487221154595 -1.126346976351655 
347 -1 0.47069041893887137 0.46899960113690536 0.5528941803840607 0.7098641336067727 0.8463098158634799 0.8641149709219331 0.4365072261721514 
348 -1 0.30532896774428964 0.24873522734619316 0.8223786088507862 0.22056053936807618 0.06734123825278088 1.5457626744738533 0.06142221756643783 
349 1 -0.46635780449709185 -0.3239521445096585 -0.3154445335642772 0.538607875623229 0.1403695424037839 0.18246726737001304 -0.12612028673641892 
350 1 -0.7970807068862553 -0.36800501926780094 -0.6148716763050834 1.2725632669812739 0.4081399909574617 0.8641149709219331 -0.4074340431907041 
351 -1 1.2974976749117801 1.5703214700904662 1.391290180058318 1.3948891655409479 1.3575079449205012 0.5914558895011651 1.342962663635959 
352 -1 -0.13563490210792836 0.7333168496857599 0.8523213231248669 0.39181679735161995 0.43248275900779604 -0.36285089547152305 0.4990213942731036 
353 1 -0.19075538583945562 0.02847085355548098 -0.1058455336457129 1.5906106032364264 0.8706525839138143 0.7277854302115491 0.2489647218692946 
354 -1 0.02972654908665339 0.38089385162062045 0.34329518046549634 0.9300507510141862 0.9193381200144829 0.45512634879078107 0.7490780666769127 
355 -1 0.13996751654970788 0.2927881021043356 0.4031806090136576 -0.12195197659901141 0.018655702152112194 0.8641149709219331 -0.15737737078689507 
356 -1 0.6360518701334531 0.7773697244439024 0.762493180302625 0.44074715677548965 0.6515676714608052 1.000444511632317 0.842849318828341 
357 -1 0.13996751654970788 0.20468235258805073 0.13369618054693203 1.370423985829013 0.33511168680645864 0.45512634879078107 -0.21989153888784732 
358 -1 1.021895256254144 0.9535812234764721 0.9720921802211893 1.5172150641006221 2.2825331308332064 0.31879680808039706 2.6870172778064325 
359 1 -1.0175626418123642 -1.1609567649143648 -1.0041269618681314 -1.2228850636360786 -1.198482700364605 -1.1808281397338272 -1.095089892301179 
360 1 -0.6868397394232009 -0.5442165183003707 -0.7645852476754865 -0.9537680868047955 -1.0767688601129333 0.5914558895011651 -1.0638328082507027 
361 -1 1.462859126106362 1.1297927225090418 1.061920323043431 0.22056053936807618 0.5541965992594677 0.8641149709219331 0.6553068145254842 
362 1 -0.9624421580808371 -1.07285101539808 -1.0640123904162926 -1.2228850636360786 -1.198482700364605 -1.1808281397338272 -1.095089892301179 
363 -1 0.5809313864019259 0.5130524758950478 0.5528941803840607 0.19609535965614136 0.2377406146051213 1.000444511632317 0.21770763781881847 
364 1 -0.13563490210792836 0.02847085355548098 0.10375346627285142 0.5141426959112941 0.8706525839138143 0.046137726659629015 0.8741064028788171 
365 1 -0.9624421580808371 -1.0287981406399376 -1.123897818964454 -1.2228850636360786 -1.198482700364605 -1.1808281397338272 -1.1576040604021312 
366 1 -0.8522011906177825 -1.0287981406399376 -1.123897818964454 -1.1984198839241438 -1.1497971642639364 -1.1808281397338272 -1.126346976351655 
367 1 -0.7970807068862553 -0.8966395163655102 -0.8843561047718089 -1.1250243447883392 -1.1497971642639364 -1.0444985990234432 -1.0325757242002267 
368 1 -0.7970807068862553 -0.5882693930585131 -0.6747571048532446 0.685398953894838 0.16471231045411827 -0.36285089547152305 -0.4386911272411802 
369 -1 1.021895256254144 1.3060042215416117 1.9602017512658496 1.3214936264051433 0.7002532075614738 0.31879680808039706 1.4992480838883397 
370 -1 1.7935820284955253 1.438162845816039 1.9901444655399303 0.8566552118783817 1.4548790171218384 1.9547512966050051 1.4054768317369113 
371 1 0.5258109026703986 0.645211100169475 0.4031806090136576 0.9055855713022514 0.06734123825278088 0.046137726659629015 0.06142221756643783 
372 -1 1.7384615447639982 1.658427219606751 1.541003751428721 0.7832596727425772 0.9923664241654859 0.7277854302115491 1.2491914114845306 
373 1 -0.8522011906177825 -1.07285101539808 -1.0041269618681314 -1.2228850636360786 -1.198482700364605 -1.1808281397338272 -1.095089892301179 
374 -1 0.8565338050595621 0.9095283487183297 0.8523213231248669 0.1471650002322717 0.5785393673098022 -1.1808281397338272 0.6865638985759603 
375 1 -0.8522011906177825 -1.1169038901562223 -1.0939551046903733 -1.2718154230599483 -1.2228254684149393 -1.1808281397338272 -1.126346976351655 
376 -1 0.36044945147581686 0.6011582254113327 0.5229514661099801 0.3428864379277503 0.21339784655478694 0.7277854302115491 0.4365072261721514 
377 -1 0.6911723538649803 0.645211100169475 0.6726650374803831 0.9055855713022514 0.6028821353601365 0.8641149709219331 0.8741064028788171 
378 1 -0.9073216743493099 -1.1169038901562223 -1.0340696761422121 -1.2228850636360786 -1.198482700364605 -1.1808281397338272 -1.126346976351655 
379 -1 -0.3009963533025101 -0.10368777071894632 0.10375346627285142 1.1747025481335345 0.7002532075614738 -0.090191814050755 0.342735974020723 
380 1 -0.9073216743493099 -0.5882693930585131 -0.7046998191273253 1.3948891655409479 0.43248275900779604 -0.36285089547152305 -0.3449198750897518 
381 1 -0.9073216743493099 -1.2050096396725072 -1.0939551046903733 -1.2228850636360786 -1.198482700364605 -1.1808281397338272 -1.0638328082507027 
382 1 -0.8522011906177825 -1.07285101539808 -1.0041269618681314 -1.1984198839241438 -1.1741399323142707 -1.1808281397338272 -1.1576040604021312 
383 -1 0.9667747725226166 0.9095283487183297 0.8523213231248669 0.46521233648742444 1.1627658005178263 0.8641149709219331 1.4054768317369113 
384 1 -0.9073216743493099 -1.0287981406399376 -1.0640123904162926 -1.1984198839241438 -1.1497971642639364 -1.317157680444211 -1.0638328082507027 
385 1 -0.4112373207655646 -0.1917935202352312 -0.19567367646795475 1.4438195249648176 0.8463098158634799 -0.090191814050755 0.21770763781881847 
386 -1 0.08484703281818064 0.38089385162062045 0.19358160909509328 1.3214936264051433 0.7732815117124768 0.7277854302115491 0.4052501421216752 
387 1 -0.8522011906177825 -1.1609567649143648 -1.0640123904162926 -1.2228850636360786 -1.2228254684149393 -1.1808281397338272 -1.095089892301179 
388 1 -0.8522011906177825 -1.2050096396725072 -1.0640123904162926 -1.2473502433480135 -1.198482700364605 -1.1808281397338272 -1.095089892301179 
389 -1 0.6360518701334531 0.6892639749276175 0.49300875183589943 0.5875382350470986 0.21339784655478694 0.7277854302115491 0.09267930161691396 
390 1 -0.8522011906177825 -1.07285101539808 -1.0340696761422121 -1.2228850636360786 -1.198482700364605 -1.1808281397338272 -1.0325757242002267 
391 -1 0.8565338050595621 0.7773697244439024 0.9421494659471087 0.7343293133187075 1.065394728316489 0.5914558895011651 1.2491914114845306 
392 -1 0.7462928375965077 0.9095283487183297 1.00203489449527 0.29395607850388067 0.7489387436621425 -0.7718395176026751 0.9991347390807217 
393 -1 0.19508800028123513 0.33684097686247805 0.49300875183589943 0.09823464080840204 0.7732815117124768 0.7277854302115491 1.1241630752826262 
394 1 -0.8522011906177825 -1.07285101539808 -1.0340696761422121 -1.2228850636360786 -1.1497971642639364 -1.1808281397338272 -1.126346976351655 
395 -1 0.25020848401276236 0.20468235258805073 0.16363889482101265 0.31842125821581546 0.16471231045411827 0.5914558895011651 0.09267930161691396 
396 -1 2.0691844471531615 2.2751674662207453 2.6189414652956233 1.370423985829013 2.7207029557392244 0.18246726737001304 3.062102286412146 
397 1 -1.0175626418123642 -1.2050096396725072 -1.123897818964454 -1.1984198839241438 -1.198482700364605 -1.1808281397338272 -1.1576040604021312 
398 -1 1.6282205773009435 1.3941099710578966 1.241576608687915 0.5875382350470986 0.8219670478131456 0.7277854302115491 0.9991347390807217 
399 1 -0.9073216743493099 -1.1169038901562223 -1.0939551046903733 -1.2473502433480135 -1.198482700364605 -1.1808281397338272 -1.126346976351655 
400 1 -0.9624421580808371 -1.1169038901562223 -1.0340696761422121 -1.173954704212209 -1.198482700364605 -1.1808281397338272 -1.126346976351655 
401 1 -0.9624421580808371 -0.8966395163655102 -1.0340696761422121 -1.1250243447883392 -1.1741399323142707 -0.908169058313059 -1.0638328082507027 
402 -1 1.5731000935694164 1.658427219606751 1.3014620372360761 1.3214936264051433 1.6009356254238445 0.7277854302115491 1.6555335041407204 
403 -1 0.19508800028123513 0.24873522734619316 0.37323789473957697 1.1502373684215996 1.2357941046688294 0.8641149709219331 0.8115922347778649 
404 -1 0.6911723538649803 0.7773697244439024 0.6427223232063025 0.8566552118783817 0.359454454856793 1.2731035930530852 0.3739930580711991 
405 -1 0.9667747725226166 0.33684097686247805 0.6726650374803831 0.6364685944709683 0.5785393673098022 0.7277854302115491 0.7803351507273888 
406 1 -0.46635780449709185 -0.23584639499337362 -0.37532996211243846 1.4927498843886873 0.6272249034104708 -0.49918043618190705 -0.09486320268594281 
407 -1 0.5258109026703986 0.8654754739601873 1.0918630373175118 0.7098641336067727 0.7976242797628113 0.5914558895011651 0.8741064028788171 
408 1 -0.24587586957098284 -0.5001636435422282 -0.37532996211243846 -0.7825118288212518 -0.5899134991062465 -0.635509976892291 -0.4386911272411802 
409 1 -0.8522011906177825 -0.9406923911236525 -0.8843561047718089 -1.173954704212209 -1.1497971642639364 -1.1808281397338272 -1.0638328082507027 
410 1 -0.9073216743493099 -1.1169038901562223 -1.0340696761422121 -1.2228850636360786 -1.198482700364605 -1.317157680444211 -1.095089892301179 
411 -1 1.1872567074487257 1.261951346783469 1.1816911801397536 1.0523766495738602 0.9680236561151516 0.31879680808039706 0.9366205709797694 
412 -1 -0.35611683703403735 -0.05963489596080389 -0.255559105016116 1.0034462901499908 0.5055110631587991 0.31879680808039706 -0.032349034584990555 
413 -1 0.36044945147581686 0.5130524758950478 0.6127796089322219 0.31842125821581546 0.6272249034104708 1.000444511632317 0.7178209826264365 
414 -1 0.02972654908665339 0.5130524758950478 0.5229514661099801 0.9789811104380558 1.479221785172173 1.2731035930530852 1.1241630752826262 
415 -1 2.6755097681999613 2.5394847147696 2.4093424653770588 1.1991677278454693 1.625278393474179 1.4094331337634691 1.843076008443577 
416 1 -0.7970807068862553 -0.984745265881795 -1.0041269618681314 -1.173954704212209 -1.1741399323142707 -1.317157680444211 -1.095089892301179 
417 -1 0.5258109026703986 0.5571053506531902 0.5828368946581413 0.5141426959112941 0.6759104395111395 0.8641149709219331 0.7490780666769127 
418 1 -0.9624421580808371 -1.07285101539808 -1.183783247512615 -1.2228850636360786 -1.198482700364605 -1.1808281397338272 -1.0325757242002267 
419 1 0.25020848401276236 0.645211100169475 0.34329518046549634 0.8566552118783817 0.1403695424037839 0.5914558895011651 0.342735974020723 
420 1 -0.9073216743493099 -1.07285101539808 -1.0939551046903733 -1.173954704212209 -1.198482700364605 -1.1808281397338272 -1.0638328082507027 
421 -1 0.8565338050595621 0.9095283487183297 0.9720921802211893 1.2725632669812739 0.6028821353601365 1.000444511632317 1.342962663635959 
422 1 -0.9073216743493099 -1.1169038901562223 -1.0640123904162926 -1.2473502433480135 -1.198482700364605 -1.1808281397338272 -1.0638328082507027 
423 -1 0.8014133213280349 0.9095283487183297 1.061920323043431 0.8077248524545121 0.9193381200144829 0.7277854302115491 1.0303918231311977 
424 1 -1.0726831255438916 -1.1609567649143648 -1.123897818964454 -1.2473502433480135 -1.198482700364605 -1.1808281397338272 -1.095089892301179 
425 -1 0.9116542887910893 0.8654754739601873 1.151748465865673 0.44074715677548965 0.9436808880648173 1.4094331337634691 1.061648907181674 
426 -1 0.6911723538649803 0.8214225992020449 1.0319776087693506 0.685398953894838 0.8219670478131456 0.45512634879078107 0.6553068145254842 
427 -1 0.5809313864019259 0.6011582254113327 0.9122067516730281 0.44074715677548965 0.8463098158634799 -0.090191814050755 1.09290599123215 
428 -1 5.045690568655633 4.257546830337155 3.337566607873558 1.4193543452528827 1.3331651768701667 1.4094331337634691 1.6867905881911964 
429 1 -0.3009963533025101 -0.2798992697515161 -0.19567367646795475 -0.4889296722780338 -0.492542426904909 0.45512634879078107 -0.3449198750897518 
430 -1 1.2423771911802528 0.9535812234764721 1.0319776087693506 0.31842125821581546 1.284479640769498 1.1367740523427012 1.09290599123215 
431 1 -0.7419602231547281 -0.3239521445096585 -0.4651581049346803 1.2725632669812739 0.4081399909574617 -0.090191814050755 -0.18863445483737118 
432 -1 0.02972654908665339 0.1606294778299083 0.10375346627285142 0.5875382350470986 0.6272249034104708 1.000444511632317 0.5302784783235798 
433 1 -0.9073216743493099 -1.1169038901562223 -1.0939551046903733 -1.2228850636360786 -1.2228254684149393 -1.0444985990234432 -1.095089892301179 
434 1 -0.8522011906177825 -0.8085337668492253 -0.6747571048532446 -0.31767341429449003 0.28642615070579 -0.090191814050755 -1.0013186401497505 
435 1 -0.9624421580808371 -1.07285101539808 -1.0939551046903733 -1.2228850636360786 -1.198482700364605 -1.0444985990234432 -1.095089892301179 
436 1 -0.9624421580808371 -1.0287981406399376 -1.0640123904162926 -1.1984198839241438 -1.1741399323142707 -1.1808281397338272 -1.0325757242002267 
437 1 -0.8522011906177825 -0.8525866416073677 -1.0640123904162926 -1.149489524500274 -1.1254543962136019 -1.0444985990234432 -1.0638328082507027 
438 -1 0.30532896774428964 0.4249467263787629 0.5828368946581413 0.12269982052033687 0.43248275900779604 0.8641149709219331 0.6240497304750081 
439 1 -0.7970807068862553 -0.8966395163655102 -1.0640123904162926 -1.1984198839241438 -1.1497971642639364 -1.0444985990234432 -1.1576040604021312 
440 1 -1.0175626418123642 -1.1169038901562223 -1.0640123904162926 -1.2228850636360786 -1.198482700364605 -1.317157680444211 -1.095089892301179 
441 -1 0.08484703281818064 0.1606294778299083 0.10375346627285142 0.8321900321664468 0.5298538312091334 0.7277854302115491 0.342735974020723 
442 1 -0.24587586957098284 0.2927881021043356 0.19358160909509328 1.1747025481335345 1.0167091922158202 0.45512634879078107 0.8115922347778649 
443 -1 0.25020848401276236 0.38089385162062045 0.6127796089322219 0.7098641336067727 -0.10305813809955952 0.45512634879078107 -0.3136627910392757 
444 1 -1.127803609275419 -1.0287981406399376 -1.0340696761422121 -1.2228850636360786 -1.198482700364605 -1.1808281397338272 -1.095089892301179 
445 1 -0.9624421580808371 -1.0287981406399376 -1.123897818964454 -1.2473502433480135 -1.198482700364605 -1.317157680444211 -1.126346976351655 
446 1 -0.9624421580808371 -0.7204280173329404 -0.7945279619495671 0.7587944930306424 -0.12740090614989388 0.18246726737001304 -0.5324623793926085 
447 -1 3.226714605515234 2.759749088560312 2.1997434654584946 1.7129365017961007 1.4548790171218384 0.5914558895011651 1.3117055795854828 
448 -1 0.08484703281818064 0.20468235258805073 0.10375346627285142 1.248098087269339 0.6272249034104708 0.5914558895011651 0.1551934697178662 
449 -1 1.7935820284955253 1.5262685953323238 1.4212328943323986 0.8566552118783817 0.7489387436621425 0.7277854302115491 0.7490780666769127 
450 1 -0.9624421580808371 -1.1609567649143648 -1.1538405332385344 -1.2473502433480135 -1.2228254684149393 -1.1808281397338272 -1.1888611444526074 
451 -1 1.077015739985671 1.041686972992757 1.1218057515915925 1.0523766495738602 1.3818507129708355 0.5914558895011651 1.3117055795854828 
452 -1 0.36044945147581686 0.5571053506531902 0.4630660375618188 0.9055855713022514 0.31076891875612433 0.5914558895011651 0.12393638566739008 
453 1 -0.9073216743493099 -1.1169038901562223 -1.0640123904162926 -1.2473502433480135 -1.1497971642639364 -1.317157680444211 -1.095089892301179 
454 1 -0.9624421580808371 -1.1169038901562223 -1.0640123904162926 -1.2473502433480135 -1.198482700364605 -1.1808281397338272 -1.095089892301179 
455 -1 0.19508800028123513 0.4249467263787629 0.28340975191733514 0.44074715677548965 0.6028821353601365 1.000444511632317 0.7178209826264365 
456 -1 1.462859126106362 1.4822157205741813 1.3014620372360761 1.4682847046767524 1.7956777698265194 1.000444511632317 1.8743330924940533 
457 -1 0.8565338050595621 0.9095283487183297 0.8822640373989474 0.8811203915903165 0.6028821353601365 1.000444511632317 1.09290599123215 
