id label data 
0 1 -0.8105522066111248 -0.5644027913669195 -0.6686586227446724 0.6891500383625611 -0.291801197941972 -0.7509297260217905 -0.06368473631613926 
1 -1 -0.3144765391769937 -0.23516782973621647 -0.2509382474373599 1.0393835928631538 0.5490230439448748 0.5451955545089692 0.1344455544451827 
2 1 -0.7485427481818584 -0.9406713189448659 -1.0542466614898838 -1.2871678763193553 -1.2855025747173363 -1.1829714861987104 -1.1864230506302968 
3 -1 -0.686533289752592 -0.4233020935251896 -0.34733525712366276 0.5390499435765926 0.599982088907714 -0.17487404578589733 0.5307061359678266 
4 1 -1.182608957186723 -1.1758391486810822 -1.2470406808624896 -1.4122512886409955 -1.2855025747173363 -1.3269854062576838 -1.2524664808840709 
5 1 -0.9345711234696575 -1.1758391486810822 -1.2149083443003885 -1.4122512886409955 -1.2855025747173363 -1.3269854062576838 -1.1864230506302968 
6 1 -0.996580581898924 -1.269906280575569 -1.2470406808624896 -1.4122512886409955 -1.310982097198756 -1.3269854062576838 -1.2524664808840709 
7 1 -0.6245238313233256 -0.4233020935251896 -0.3794675936857637 0.4890165786479366 0.1923097292050004 -0.17487404578589733 -0.06368473631613926 
8 1 -0.996580581898924 -0.5644027913669195 -0.7007909593067733 0.8892834980771854 -0.037005973127775996 -0.46290188590384396 -0.3608801724581222 
9 -1 0.6156653372620021 0.5644027913669195 0.48810549349096216 0.06373297675435965 0.44710495401919637 1.1212512347448624 0.5307061359678266 
10 -1 -0.37648599760626006 -0.09406713189448658 0.038252781621548736 0.4890165786479366 0.49806399898203557 0.8332233946269159 0.33257584520650463 
11 -1 -0.004429247030661759 0.14110069784172988 0.10251745474575065 0.7391834032912171 0.8292977912404904 0.6892094745679425 0.5307061359678266 
12 -1 0.6156653372620021 0.5173692254196762 0.584502503177265 0.28888311893331214 1.0586134935732667 0.6892094745679425 1.2902055838862274 
13 1 -0.8725616650403911 -1.269906280575569 -1.2470406808624896 -1.4122512886409955 -1.310982097198756 -1.470999326316657 -1.3185099111378449 
14 -1 2.6619774654277926 2.257611165467678 2.126854658158111 1.5647339246140428 2.307110095162827 1.1212512347448624 2.049705031804628 
15 -1 0.36762750354493656 0.4233020935251896 0.4559731569288612 1.139450322720466 1.0331339710918472 -0.3188879658448706 0.9930101477442445 
16 -1 1.235759921554666 1.269906280575569 1.1628845612950822 0.664133355898233 0.9312158811661688 0.6892094745679425 1.2902055838862274 
17 1 -1.0585900403281903 -0.9877048848921092 -1.0221143249277829 -1.2121178289263712 -1.2090640072730776 -1.0389575661397372 -1.2524664808840709 
18 1 -0.06643870545992814 0.23516782973621647 0.26317913755625544 1.114433640256138 0.7019001788333924 0.5451955545089692 0.4316409905871656 
19 -1 0.6156653372620021 0.7995706211031359 0.6808995128635679 0.6891500383625611 0.727379701314812 1.841320835039729 0.26653241495273067 
20 1 -0.5625143728940593 -0.5644027913669195 -0.6365262861825713 -1.0370010516760748 -1.1071459173473992 0.8332233946269159 -1.087357905249636 
21 -1 0.30561804511567014 0.4233020935251896 0.7772965225498708 0.18881638907599993 0.8038182687590708 0.2571677143910226 1.0260318628711314 
22 -1 0.8637031709790677 1.0347384508393525 1.1307522247329813 1.0143669103988258 0.3706663865749376 0.5451955545089692 0.16746726957206967 
23 -1 0.7396842541205348 0.8466041870503792 0.9058258687982745 0.7892167682198732 1.3388882408688823 0.6892094745679425 0.8939450023635834 
24 1 -0.9345711234696575 -1.1758391486810822 -1.2791730174245906 -1.4122512886409955 -1.310982097198756 -1.3269854062576838 -1.3185099111378449 
25 -1 1.3597788384131988 1.3169398465228122 1.4520755903539908 0.3138998013976402 0.7019001788333924 0.8332233946269159 0.8609232872366964 
26 1 -1.1205994987574568 -1.269906280575569 -1.1827760077382876 -1.3872346061766676 -1.310982097198756 -1.3269854062576838 -1.2524664808840709 
27 1 -0.8105522066111248 -0.6584699232614061 -0.7650556324309752 -1.2121178289263712 -1.1581049623102384 -0.8949436460807638 -1.15340133550341 
28 -1 0.6156653372620021 0.47033565947243294 0.5202378300530631 0.038716294290031594 0.1923097292050004 0.9772373146858891 0.1344455544451827 
29 1 -0.996580581898924 -1.3169398465228122 -1.2149083443003885 -1.4122512886409955 -1.3364616196801755 -1.3269854062576838 -1.2524664808840709 
30 -1 0.8016937125498013 0.8936377529976225 1.0022228784845775 0.1387830241473438 0.727379701314812 -0.8949436460807638 0.9599884326173574 
31 -1 0.7396842541205348 0.7525370551558926 0.616634839739366 0.714166720826889 0.3197073416120984 1.2652651548038358 0.2995541300796176 
32 -1 2.9720247575741245 2.6338796930456243 2.5124426969033222 1.064400275327482 1.6446425106459175 1.409279074862809 1.851574741043306 
33 -1 0.5536558788327357 0.5173692254196762 0.552370166615164 0.3639331663262963 0.6509411338705532 0.8332233946269159 0.6958147116022615 
34 1 0.24360858668640378 0.6114363573141628 0.2953114741183564 0.714166720826889 0.09039163927932199 0.5451955545089692 0.26653241495273067 
35 -1 0.925712629408334 0.8936377529976225 0.9700905419224765 1.139450322720466 0.5745025664262944 0.9772373146858891 1.3232272990131144 
36 1 -1.0585900403281903 -1.269906280575569 -1.2470406808624896 -1.4122512886409955 -1.3364616196801755 -1.1829714861987104 -1.2524664808840709 
37 1 -1.182608957186723 -1.269906280575569 -1.2149083443003885 -1.4122512886409955 -1.310982097198756 -1.470999326316657 -1.2524664808840709 
38 -1 0.05758021139860463 0.09406713189448658 0.038252781621548736 0.6891500383625611 0.49806399898203557 0.6892094745679425 0.26653241495273067 
39 -1 0.24360858668640378 0.32923496163070304 0.584502503177265 0.5640666260409207 -0.164403585534874 0.4011816344499959 -0.42692360271189617 
40 1 -1.1205994987574568 -1.269906280575569 -1.2149083443003885 -1.4372679711053236 -1.310982097198756 -1.3269854062576838 -1.2524664808840709 
41 -1 0.925712629408334 0.8936377529976225 0.8736935322361736 0.7391834032912171 0.5745025664262944 0.9772373146858891 1.0590535779980184 
