id label data 
0 1 -0.49894013981552043 -0.6322937424297643 -0.7704976449293914 -0.8596046515052753 -0.822264401101673 -0.4739498392300138 -0.7347230542604165 
1 1 -0.23028006453024027 0.20219374757920383 0.038524882246469556 0.974965275746374 0.40412426531417445 -0.3297042359860962 -0.09113469278971136 
2 -1 0.6428651801469202 0.7912437405267108 1.2696461192532145 1.1160860393811163 1.5078740650884372 0.6800149867213271 2.14448803652958 
3 1 -0.8347652339221207 -0.97590623831581 -0.7704976449293914 -0.9066449060501894 -0.8958477210866239 -0.9066866489617667 -0.8363422692294752 
4 1 -0.3646101021728803 -0.583206243017472 -0.5594482900139494 -0.6949637605980761 -0.7241533077884053 0.3915237802334918 -0.7008499826040636 
5 -1 3.5981260082850017 2.8038312164306927 2.5007673562599595 1.6805690939200852 1.5324018384167541 1.11275179645308 1.4331535317461692 
6 1 -0.6332701774581605 -0.6813812418420566 -0.8408474299012054 -0.8596046515052753 -0.822264401101673 -0.9066866489617667 -0.8024691975731223 
7 -1 2.187660613037281 1.9693437264217246 1.9731439689713544 0.9279250212014599 0.9437352785371473 1.6897342094287504 1.8057573199660513 
8 1 -0.7004351962794805 -0.7795562406666411 -0.7001478599575773 -0.8360845242328183 -0.84679217442999 -0.6181954424739314 -0.8363422692294752 
9 1 -0.4317751209942004 -0.583206243017472 -0.6297980749857633 -0.8125643969603613 -0.8713199477583069 -0.7624410457178491 -0.7685961259167694 
10 -1 0.9786902742535204 0.8894187393512952 0.9178971943941445 0.6927237484768896 0.9437352785371473 1.6897342094287504 1.196042030151699 
11 1 -0.7676002151008006 -0.8777312394912256 -0.8408474299012054 -0.9066449060501894 -0.8958477210866239 -0.9066866489617667 -0.8024691975731223 
12 -1 0.7100301989682403 1.1348562364127566 0.8827223019082375 1.2101665484709445 1.9003184383415086 1.6897342094287504 1.4331535317461692 
13 1 -0.7004351962794805 -0.7795562406666411 -0.7353227524434843 -0.9066449060501894 -0.9203754944149408 -0.9066866489617667 -0.8702153408858281 
14 1 -0.4317751209942004 -0.7795562406666411 -0.7704976449293914 -0.8596046515052753 -0.84679217442999 -0.7624410457178491 -0.7685961259167694 
15 -1 1.986165556573321 2.1166062246586015 2.1490184314008896 1.445367821195515 1.9984295316547764 0.6800149867213271 2.4493456814367565 
16 1 -0.7676002151008006 -0.8777312394912256 -0.8760223223871124 -0.9301650333226466 -0.8958477210866239 -1.0509322522056843 -0.8024691975731223 
17 1 -0.16311504570892021 0.3003687464037883 0.31992402213372556 1.3042470575607727 0.6984575452539779 0.9685061932091623 0.3830883103992293 
18 1 -0.5661051586368404 -0.7795562406666411 -0.8056725374152984 -0.9066449060501894 -0.84679217442999 -0.9066866489617667 -0.7347230542604165 
19 1 -0.5661051586368404 -0.7304687412543488 -0.8056725374152984 -0.8831247787777324 -0.84679217442999 -0.9066866489617667 -0.8024691975731223 
20 1 -0.7004351962794805 -0.8286437400789333 -0.8056725374152984 -0.9066449060501894 -0.8713199477583069 -0.9066866489617667 -0.8363422692294752 
21 -1 -0.23028006453024027 0.3494562458160806 0.35509891461963256 1.6805690939200852 1.139957465163683 0.24727817698957422 0.7556920986191112 
22 -1 0.5085351425042801 0.5458062434652495 0.6364980545068885 0.5986432393870613 0.8210964118955626 0.9685061932091623 0.8573113135881699 
23 1 -0.6332701774581605 -0.8286437400789333 -0.8760223223871124 -0.8831247787777324 -0.8713199477583069 -0.9066866489617667 -0.8363422692294752 
24 -1 0.7100301989682403 1.233031235237341 1.0937716568236795 1.1631262939260303 1.3116518784619016 1.2569973996969974 0.8573113135881699 
25 1 -0.7676002151008006 -0.7795562406666411 -0.8760223223871124 -0.9066449060501894 -0.8958477210866239 -0.9066866489617667 -0.8024691975731223 
26 -1 0.44137012368296014 0.840331239939003 0.7771976244505165 0.7397640030218036 1.2625963318052678 1.2569973996969974 1.2299151018080519 
27 1 -0.5661051586368404 -0.7795562406666411 -0.7001478599575773 -0.8831247787777324 -0.8713199477583069 -0.9066866489617667 -0.7685961259167694 
28 1 -0.3646101021728803 -0.33776874595601086 -0.5242733975280424 -0.7655241424154472 -0.84679217442999 -0.7624410457178491 -0.7685961259167694 
29 -1 2.3891556695012413 2.018431225834017 2.1841933238867965 0.8338445121116318 1.3116518784619016 1.6897342094287504 1.3992804600898163 
30 1 -0.5661051586368404 -0.043243749482257385 -0.2780491501266934 1.492408075740429 0.7229853185822949 1.2569973996969974 -0.057261621133358455 
31 -1 0.5757001613256002 0.6930687417021263 0.9178971943941445 0.1517608212103775 0.3305409453292236 1.2569973996969974 0.21372295211746475 
32 1 -0.7676002151008006 -0.8286437400789333 -0.8056725374152984 -0.9066449060501894 -0.8958477210866239 -0.9066866489617667 -0.8024691975731223 
33 1 -0.5661051586368404 -0.28868124654371863 -0.3483989350985074 0.9279250212014599 0.4777075852991253 -0.041213029498261 -0.09113469278971136 
34 1 -0.6332701774581605 -0.8777312394912256 -0.8408474299012054 -0.9536851605951036 -0.9203754944149408 -0.9066866489617667 -0.8363422692294752 
35 -1 0.038380010755039884 0.25128124699149607 0.5661482695350745 1.3983275666506008 1.0173185985220983 0.24727817698957422 0.7556920986191112 
36 1 -0.6332701774581605 -0.8286437400789333 -0.7353227524434843 -0.8831247787777324 -0.8713199477583069 -0.9066866489617667 -0.8702153408858281 
37 1 -0.7004351962794805 -0.7795562406666411 -0.8056725374152984 -0.8831247787777324 -0.84679217442999 -1.0509322522056843 -0.7685961259167694 
38 1 -0.7676002151008006 -0.8286437400789333 -0.8408474299012054 -0.9066449060501894 -0.8958477210866239 -0.7624410457178491 -0.8024691975731223 
39 -1 0.8443602366108803 0.9875937381758797 0.9882469793659585 1.1396061666535733 0.624874225269027 0.9685061932091623 0.5185805970246409 
40 1 -0.7004351962794805 -0.8777312394912256 -0.8056725374152984 -0.9301650333226466 -0.84679217442999 -1.0509322522056843 -0.8024691975731223 
41 -1 0.6428651801469202 0.840331239939003 0.7771976244505165 0.6927237484768896 0.9192075052088304 1.401243002940915 1.162168958495346 
