id label data 
0 1 -1.0756329534809594 -1.2435274446317464 -1.2973341961224572 -1.3311967509994258 -1.2689938474235802 -1.189989496164003 -1.156510805392581 
1 1 -0.9564335232799033 -1.197511451085902 -1.2662514601058323 -1.3568201531726505 -1.2689938474235802 -1.189989496164003 -1.2504633273006824 
2 -1 0.056761633429074164 0.4130483230186509 0.22571986869215588 0.6161818141656372 0.15840821971923955 1.0459381361020474 0.1275069940181375 
3 1 -1.1352326685814875 -0.7373515156274583 -0.800010419856461 0.3599477924333921 -0.2286838662855929 -0.9269391864856441 -0.530160659338572 
4 -1 0.29516049383118653 0.5050803101103396 0.4432990208085291 0.7186754228585353 1.1019451793560187 0.7828878264236886 1.0357147057964506 
5 -1 1.7255536562438607 1.7475121358481376 1.469029309357146 0.9492860424175559 1.0293654132301127 1.4405136006195858 1.4115247934288562 
6 -1 -0.30083665717409436 -0.0010956188939484264 0.598712700891653 0.4880648032995146 0.37614751809695784 0.5198375167453296 0.5659520962559439 
7 1 -0.7180346628777909 -0.7373515156274583 -0.7378449478232115 -1.1774563379600789 -1.2206073366729762 -0.9269391864856441 -1.1251932980898807 
8 1 -1.0160332383804314 -0.7373515156274583 -0.8310931558730857 0.4111945967798411 -0.37384339853740506 -0.2693134122897469 -0.7807007177601757 
9 -1 0.593159069333827 0.5971122972020284 0.4432990208085291 0.7186754228585353 0.4487272842228639 0.7828878264236886 0.28409453053163974 
10 1 -0.9564335232799033 -1.2435274446317464 -1.1730032520559581 -1.4080669575190994 -1.2689938474235802 -1.453039805842362 -1.219145819997982 
11 1 -1.0756329534809594 -1.2895434381775908 -1.2040859880725827 -1.3311967509994258 -1.3173803581741843 -1.189989496164003 -1.2504633273006824 
12 1 -0.00283808167145392 -0.0010956188939484264 -0.2716039075738402 -0.7674819031884865 -1.123834315171768 -1.189989496164003 -1.0312407761817792 
13 -1 -0.1220375118725101 0.09093636819774031 0.0703061886090321 0.7186754228585353 0.8358193702276964 0.38831236190615026 0.5972696035586443 
14 -1 0.6527587844343551 0.5971122972020284 0.6608781729249024 0.7955456293782088 0.5696935610993741 0.38831236190615026 0.28409453053163974 
15 -1 1.3679553656406922 1.2873522003896938 1.3136156292740222 0.9749094445907804 1.5616170314867572 1.0459381361020474 1.6933823591531603 
16 -1 -0.36043637227462244 0.09093636819774031 -0.022942019440842166 0.9492860424175559 0.30356775197105174 0.2567872070669708 0.1275069940181375 
17 -1 1.8447530864449169 1.7475121358481376 1.9041876135898925 0.6930520206853108 1.0293654132301127 1.7035639102979445 1.536794822639658 
18 1 -1.1352326685814875 -1.3355594317234352 -1.2973341961224572 -1.3568201531726505 -1.2689938474235802 -1.189989496164003 -1.156510805392581 
19 1 0.6527587844343551 0.5971122972020284 0.7230436449581519 0.206207379394045 0.42453402884756186 0.6513626715845091 0.7225396327694461 
20 1 -1.0160332383804314 -1.197511451085902 -1.2040859880725827 -1.3568201531726505 -1.2689938474235802 -1.189989496164003 -1.1878283126952816 
21 -1 1.8447530864449169 1.6094641552106044 1.593360253423645 0.6674286185120862 0.5938868164746761 1.3089884457804064 0.785174647374847 
22 -1 0.7123584995348832 0.7351602778395615 0.9406227970745252 0.12933717287437144 0.8600126256029984 1.1774632909412268 1.129667227704552 
23 1 -1.0160332383804314 -1.1514954575400576 -1.2040859880725827 -1.3568201531726505 -1.2931871027988822 -1.3215146510031825 -1.219145819997982 
24 1 -1.0756329534809594 -1.2435274446317464 -1.2040859880725827 -1.3568201531726505 -1.2689938474235802 -1.189989496164003 -1.1878283126952816 
25 -1 1.1295565052385796 1.057272232660472 0.9095400610579004 0.7442988250317598 1.1019451793560187 0.6513626715845091 1.192302242309953 
26 1 -0.777634377978319 -0.9674314833566802 -1.048672307989459 -1.2287031423065278 -1.2206073366729762 -1.0584643413248236 -1.1878283126952816 
27 -1 -0.4200360873751505 0.04492037465189594 -0.11619022749071642 0.9749094445907804 0.8358193702276964 0.6513626715845091 0.22145951592623886 
28 -1 1.4275550807412203 1.3793841874813826 1.4379465733405212 0.9236626402443314 0.9325923917289045 0.7828878264236886 1.1609847350072524 
29 -1 -0.1220375118725101 -0.0010956188939484264 0.00814071657578259 0.9749094445907804 0.6180800718499782 0.5198375167453296 0.19014200862353842 
30 -1 0.8315579297359393 0.8732082584770946 0.7541263809747767 0.8211690315514334 0.49711379497346797 0.7828878264236886 0.440682067045142 
31 -1 -0.5988352326767348 -0.23117558662317025 -0.3337693796070897 1.4873774880552708 0.52130705034877 0.38831236190615026 -0.02908054249536477 
32 1 -1.1948323836820156 -1.197511451085902 -1.1419205160393333 -1.3055733488262014 -1.244800592048278 -1.453039805842362 -1.219145819997982 
33 1 -1.1948323836820156 -1.2895434381775908 -1.1419205160393333 -1.3568201531726505 -1.2931871027988822 -1.189989496164003 -1.1878283126952816 
34 -1 0.11636134852960225 0.27500034238111776 0.41221628479190436 0.02684356418147339 0.6664665826005822 0.6513626715845091 1.0357147057964506 
35 -1 0.11636134852960225 0.18296835528942904 0.2878853407254054 1.1286498576301276 1.1261384347313208 0.7828878264236886 0.7225396327694461 
36 1 -1.0756329534809594 -1.2435274446317464 -1.1730032520559581 -1.3568201531726505 -1.2931871027988822 -1.3215146510031825 -1.1878283126952816 
37 1 -0.9564335232799033 -1.1054794639942134 -1.1419205160393333 -1.3055733488262014 -1.2689938474235802 -1.3215146510031825 -1.1878283126952816 
38 -1 0.7719582146354113 0.8732082584770946 1.0027882691077747 0.7699222272049843 0.8116261148523943 0.6513626715845091 0.9417621838883493 
39 -1 1.2487559354396358 0.9192242520229389 0.9717055330911499 0.257454183740494 1.1745249454819249 1.0459381361020474 1.00439719849375 
40 -1 1.8447530864449169 1.5174321681189158 1.3757811013072718 0.8211690315514334 0.6422733272252802 0.6513626715845091 0.6599046181640452 
41 -1 1.0699567901380516 1.0112562391146276 1.0649537411410241 1.0261562489372293 1.2712979669831328 0.5198375167453296 1.2236197496126533 
