id label data 
0 -1 0.600067779775143 0.6505428137418916 0.9299941576113218 0.7503499837134029 1.1812402139225366 1.4078090760702326 1.1771950080843643 
1 -1 1.3653060319749981 1.3906194394348468 1.463060047037209 1.0958712302445621 1.0599179364129272 0.7196468120486819 0.9913966785374367 
2 1 -0.9304087246245673 -0.8731443568024277 -0.9061216837445125 -1.051296516056213 -1.1238830587600415 -0.9319426216030399 -1.1143177229944092 
3 1 -0.7664290991531697 -0.916678275960837 -1.0541955419183702 -1.1993770502838528 -1.1481475142619633 -0.7943101687987297 -1.0523849464787667 
4 1 -0.8210889743103021 -1.1343478717528825 -1.1430398568226847 -1.2487372283597327 -1.196676425265807 -1.2072075272116602 -1.1143177229944092 
5 -1 1.9665646587034558 1.7388907927021198 1.5815191335762953 1.2192716754342618 1.7150582349648178 0.857279264852992 1.8584555497564321 
6 -1 0.600067779775143 0.43287321794984596 0.45615781145497747 0.4788690042960635 0.8658022923975522 0.857279264852992 0.9294639020217943 
7 -1 1.5292856574463958 1.3035516011180284 1.1965271023242654 0.8490703398651627 0.914331203401396 1.1325441704616124 0.9913966785374367 
8 1 -0.9304087246245673 -1.0908139525944733 -1.113425085187913 -1.2487372283597327 -1.172411969763885 -1.3448399800159703 -1.083351334736588 
9 -1 -0.43846984821037466 -0.002465973634245285 -0.0472933063361384 1.0711911412066222 0.7930089258917866 0.5820143592443717 0.6198000194435815 
10 -1 0.272108528832348 0.3458053796330277 0.3080839532811198 0.6516296275616431 0.33198427135527103 0.031484548027131125 0.37206891338101145 
11 -1 0.3267684039894805 0.5634749754250733 0.6634612128983781 0.28142829199254393 0.6231577373783335 1.2701766232659224 0.8365647372483305 
12 1 -0.6024494736817722 -0.30720340774310917 -0.5211296524924828 1.0958712302445621 0.526099915370646 0.031484548027131125 -0.15435968700195005 
13 1 -0.5477895985246396 -0.17660165026788177 -0.3730557943186251 0.725669894675463 0.06507526083413043 -0.6566777159944196 -0.4640235695801627 
14 -1 1.0920066561893356 1.129415924484392 0.9299941576113218 1.145231408320442 1.3268269469340679 0.9949117176573021 1.5487916671782196 
15 1 -0.9304087246245673 -1.1343478717528825 -1.1726546284574562 -1.2240571393217927 -1.196676425265807 -1.2072075272116602 -1.083351334736588 
16 -1 0.16278877851808296 0.3458053796330277 0.6634612128983781 0.8737504289031026 1.1569757584206146 0.3067494536357514 1.5797580554360409 
17 1 -0.3838099730532421 0.08460186468257297 0.21923963837680527 1.2192716754342618 1.108446847416771 0.031484548027131125 0.6817327959592241 
18 1 -0.7117692239960371 -0.48133908437674566 -0.5803591957620258 0.8243902508272227 -0.25036266069085394 -0.6566777159944196 0.00047225428715627724 
19 1 -1.0397284749388322 -1.2214157100697007 -1.0541955419183702 -1.2487372283597327 -1.2209408807677289 -1.2072075272116602 -1.1452841112522305 
20 -1 0.9280270307179381 0.8682124095339372 0.9003793859765502 0.3307884700684238 0.6231577373783335 0.857279264852992 0.8365647372483305 
21 1 -0.8210889743103021 -1.0908139525944733 -1.1430398568226847 -1.2487372283597327 -1.196676425265807 -1.2072075272116602 -1.1762504995100518 
22 1 -0.43846984821037466 -0.17660165026788177 -0.3434410226838536 1.6635132781171809 0.1863975383437398 0.3067494536357514 -0.24725885177541385 
23 1 -0.8757488494674347 -0.8731443568024277 -0.9061216837445125 -1.051296516056213 -1.002560781250432 0.857279264852992 -0.959485781705303 
24 1 -0.8210889743103021 -0.7860765184856096 -0.9653512270140555 -1.1746969612459128 -1.0753541477561976 0.3067494536357514 -1.0523849464787667 
25 1 -0.9304087246245673 -1.1778817909112917 -1.0541955419183702 -1.2487372283597327 -1.196676425265807 -1.3448399800159703 -1.1452841112522305 
26 1 -0.9304087246245673 -1.0472800334360644 -1.1430398568226847 -1.2487372283597327 -1.196676425265807 -1.2072075272116602 -1.1143177229944092 
27 1 -1.0943883500959648 -1.1343478717528825 -1.0541955419183702 -1.1993770502838528 -1.196676425265807 -1.2072075272116602 -1.083351334736588 
28 1 -0.8210889743103021 -1.0908139525944733 -1.113425085187913 -1.1746969612459128 -1.196676425265807 -1.2072075272116602 -1.1143177229944092 
29 -1 0.7640474052465406 0.6505428137418916 0.8411498427070072 0.5035490933340034 0.7687444703898647 0.857279264852992 0.8365647372483305 
30 1 -0.9850685997816997 -1.1343478717528825 -1.0838103135531416 -1.2487372283597327 -1.196676425265807 -1.2072075272116602 -1.1452841112522305 
31 -1 0.600067779775143 0.9117463286923463 0.9003793859765502 1.0958712302445621 0.6231577373783335 0.5820143592443717 0.8055983489905092 
32 -1 0.43608815430374553 0.4764071371082551 0.8115350710722357 0.8737504289031026 0.6474221928802554 0.7196468120486819 0.7126991842170454 
33 -1 0.43608815430374553 0.5634749754250733 0.545002126359292 0.40482873718224366 0.720215559386021 0.9949117176573021 0.9294639020217943 
34 1 -0.8210889743103021 -0.960212195119246 -0.876506912109741 -1.125336783170033 -1.172411969763885 -1.06957507440735 -1.0523849464787667 
35 1 -0.9850685997816997 -1.0037461142776551 -1.113425085187913 -1.1993770502838528 -1.172411969763885 -0.9319426216030399 -1.083351334736588 
36 1 -1.0943883500959648 -1.0908139525944733 -1.1430398568226847 -1.2980974064356126 -1.2452053362696507 -1.3448399800159703 -1.1762504995100518 
37 -1 0.10812890336095046 0.43287321794984596 0.2784691816463483 0.6516296275616431 0.23492644934758353 1.1325441704616124 0.18627058383408387 
38 1 -0.8210889743103021 -0.6119408418519731 -0.6692035106663403 1.0958712302445621 0.06507526083413043 -0.24378035758148917 -0.5878891226114478 
39 -1 1.583945532603528 1.6082890352268924 1.6703634484806098 0.7503499837134029 1.6180004129571304 1.683073981678853 1.7345899967251472 
40 1 -0.6571093488389047 -0.8731443568024277 -0.876506912109741 -1.0266164270182732 -1.0510896922542758 0.031484548027131125 -1.0214185582209454 
41 -1 0.9280270307179381 0.7376106520587098 0.8115350710722357 0.23206811391666404 0.5988932818764117 1.2701766232659224 1.3010605611156494 
42 -1 1.8572449083891907 1.8694925501773472 1.8184373066544675 1.4413924767757214 1.3996203134398335 0.7196468120486819 1.1771950080843643 
43 -1 0.8187072804036731 1.0423480861675738 1.0188384725156363 1.2933119425480817 1.2055046694244584 0.7196468120486819 1.2391277846000068 
44 -1 0.43608815430374553 0.4764071371082551 0.5746168979940636 0.8984305179410426 0.8658022923975522 -0.24378035758148917 0.9294639020217943 
45 1 -0.9850685997816997 -0.6554747610103822 -0.6988182823011119 0.40482873718224366 -0.15330483868316644 -0.9319426216030399 -0.4640235695801627 
46 -1 0.3267684039894805 0.5199410562666642 0.48577258308974897 0.7503499837134029 1.1812402139225366 0.857279264852992 1.0842958433109007 
47 -1 0.9280270307179381 0.8246784903755281 0.9003793859765502 0.9231106069789825 0.8658022923975522 0.857279264852992 0.8365647372483305 
48 1 -0.7664290991531697 -0.6554747610103822 -0.876506912109741 -1.100656694132093 -1.0996186032581194 -0.9319426216030399 -0.959485781705303 
49 -1 0.8187072804036731 1.0423480861675738 1.0780680157851794 0.3801486481443037 0.5503643708725678 -0.10614790477717902 0.6817327959592241 
50 -1 -0.2744902227389771 -0.17660165026788177 -0.195367164509996 1.169911497358382 0.5503643708725678 0.5820143592443717 0.18627058383408387 
51 1 0.9280270307179381 1.0858820053259828 1.1076827874199509 1.169911497358382 1.4238847689417553 0.031484548027131125 1.486858890662577 
52 -1 0.49074802946087803 0.7376106520587098 0.7226907561679211 0.8984305179410426 1.3025624914321459 0.857279264852992 0.9913966785374367 
53 1 -0.8757488494674347 -1.0037461142776551 -1.0838103135531416 -1.2240571393217927 -1.2209408807677289 -1.2072075272116602 -1.083351334736588 
54 -1 0.8187072804036731 0.8682124095339372 0.9299941576113218 0.4788690042960635 0.9385956589033179 0.857279264852992 1.2081613963421856 
55 -1 0.8187072804036731 0.8246784903755281 0.8115350710722357 0.2073880248787241 0.5018354598687241 0.9949117176573021 0.8055983489905092 
56 1 -0.9304087246245673 -1.1778817909112917 -1.1726546284574562 -1.2240571393217927 -1.196676425265807 -1.3448399800159703 -1.1762504995100518 
57 -1 0.600067779775143 0.6505428137418916 0.545002126359292 0.676309716599583 0.914331203401396 0.9949117176573021 0.5578672429279391 
58 1 0.9280270307179381 2.3483656609198476 2.2330441095412685 0.676309716599583 1.7878516014705834 -0.24378035758148917 2.2300522088502874 
59 -1 1.1466665313464681 1.129415924484392 0.8707646143417788 1.194591586396322 1.1569757584206146 1.5454415288745427 0.8675311255061517 
60 1 -0.9304087246245673 -1.1778817909112917 -1.0541955419183702 -1.2980974064356126 -1.2452053362696507 -1.2072075272116602 -1.1452841112522305 
61 -1 0.5454079046180106 0.8246784903755281 0.9003793859765502 0.6022694494857632 0.8415378368956303 0.16911700083144127 1.0842958433109007 
62 1 -0.6571093488389047 -0.8296104376440187 -0.9357364553792841 -1.125336783170033 -1.196676425265807 -1.06957507440735 -1.0523849464787667 
63 -1 0.9826869058750706 0.21520362215780034 1.344600960498123 0.700989805637523 0.6474221928802554 0.16911700083144127 0.7126991842170454 
64 1 -0.8757488494674347 -1.0908139525944733 -1.113425085187913 -1.2487372283597327 -1.2209408807677289 -1.2072075272116602 -1.083351334736588 
65 -1 -0.6024494736817722 -0.35073732690151826 -0.2842114794143106 0.676309716599583 0.5988932818764117 -0.10614790477717902 0.5578672429279391 
66 1 -0.7664290991531697 -0.5248730035351548 -0.6099739673967973 0.6022694494857632 0.40477763786103665 0.031484548027131125 -0.09242691048630752 
67 -1 0.16278877851808296 0.3458053796330277 0.2488544100115768 1.0218309631307423 0.1863975383437398 -0.10614790477717902 -0.21629246351759257 
68 -1 1.037346781032203 0.9988141670091646 0.9596089292460933 0.5775893604478233 0.720215559386021 1.1325441704616124 0.8675311255061517 
69 1 -0.3838099730532421 -0.13306773110947265 -0.254596707779539 0.5529092714098833 -0.1775692941850883 -0.6566777159944196 -0.494989957837984 
70 1 -0.8757488494674347 -0.4378051652183365 -0.6099739673967973 1.3920322986998415 0.526099915370646 0.4443819064400616 0.031438642544977545 
71 1 -0.9850685997816997 -0.7860765184856096 -0.7580478255706549 -0.5576947352974142 -0.42021384920430704 0.5820143592443717 -0.43305718132234144 
72 -1 0.43608815430374553 0.6505428137418916 0.48577258308974897 0.6022694494857632 0.720215559386021 0.857279264852992 0.6507664077014028 
73 -1 1.0920066561893356 1.0423480861675738 1.1965271023242654 0.676309716599583 0.6474221928802554 0.857279264852992 0.7746319607326879 
74 1 -0.3291500978961096 -0.08953381195106354 -0.13613762124045298 1.0465110521686822 0.4775710043668023 0.4443819064400616 0.12433780731844134 
75 -1 -0.001190846953314559 0.25873754131620946 1.6999782201153812 1.169911497358382 0.8900667478994742 0.7196468120486819 0.9604302902796155 
76 1 -0.9304087246245673 -1.1778817909112917 -1.1430398568226847 -1.2240571393217927 -1.196676425265807 -1.2072075272116602 -1.207216887767873 
77 -1 2.5678232854319134 2.1306960651278017 1.6999782201153812 1.4660725658136613 1.1812402139225366 0.7196468120486819 0.9294639020217943 
78 1 -1.0397284749388322 -1.1778817909112917 -1.0541955419183702 -1.2487372283597327 -1.2452053362696507 -1.2072075272116602 -1.1762504995100518 
79 -1 0.381428279146613 0.25873754131620946 0.2488544100115768 0.23206811391666404 0.526099915370646 0.4443819064400616 0.6817327959592241 
80 1 -0.8757488494674347 -0.960212195119246 -1.113425085187913 -1.1993770502838528 -1.1481475142619633 -1.2072075272116602 -1.1143177229944092 
81 -1 0.43608815430374553 0.43287321794984596 0.48577258308974897 0.3307884700684238 0.4290420933629585 0.857279264852992 0.4649680781544753 
82 -1 1.2013264065036007 1.0423480861675738 1.166912330689494 0.6516296275616431 1.5694715019532866 1.5454415288745427 1.486858890662577 
83 1 -0.8757488494674347 -1.0037461142776551 -1.0838103135531416 -1.2487372283597327 -1.172411969763885 -1.3448399800159703 -1.1762504995100518 
84 1 -0.9304087246245673 -0.960212195119246 -1.0541955419183702 -1.2487372283597327 -1.196676425265807 -1.2072075272116602 -1.0523849464787667 
85 1 -1.0397284749388322 -1.0472800334360644 -1.113425085187913 -1.2487372283597327 -1.196676425265807 -1.2072075272116602 -1.1143177229944092 
86 -1 1.6386054077606607 1.6953568735437106 1.463060047037209 0.9724707850548624 1.108446847416771 1.5454415288745427 1.4558925024047558 
87 1 -0.8210889743103021 -1.0472800334360644 -1.0838103135531416 -1.2487372283597327 -1.196676425265807 -1.2072075272116602 -1.0523849464787667 
88 1 -0.8757488494674347 -1.1343478717528825 -1.113425085187913 -1.2487372283597327 -1.2209408807677289 -1.2072075272116602 -1.1143177229944092 
89 -1 -0.21983034758184458 0.04106794552416384 0.6338464412636066 0.5282291823719434 0.4533065488648804 0.5820143592443717 0.6198000194435815 
90 1 -0.8757488494674347 -1.1343478717528825 -1.113425085187913 -1.2487372283597327 -1.196676425265807 -1.2072075272116602 -1.1452841112522305 
91 -1 0.43608815430374553 0.4764071371082551 0.45615781145497747 1.3673522096619015 1.3268269469340679 0.857279264852992 0.9604302902796155 
92 1 -0.8210889743103021 -1.0472800334360644 -1.0541955419183702 -1.2240571393217927 -1.172411969763885 -1.2072075272116602 -1.083351334736588 
93 -1 0.9280270307179381 0.7376106520587098 0.7819202994374642 0.10866766872696432 0.4290420933629585 0.7196468120486819 0.6198000194435815 
94 -1 0.5454079046180106 0.3022714604746186 0.4265430398202059 0.23206811391666404 0.23492644934758353 0.857279264852992 0.4030353016388327 
95 1 -0.9304087246245673 -1.0908139525944733 -1.0541955419183702 -1.2487372283597327 -1.196676425265807 -1.2072075272116602 -1.1452841112522305 
96 -1 2.075884409017721 1.825958631018938 1.907281621558782 0.7750300727513428 0.9628601144052398 1.683073981678853 1.2081613963421856 
97 -1 2.4038436599605157 1.8694925501773472 1.8184373066544675 0.700989805637523 0.914331203401396 0.031484548027131125 1.2081613963421856 
98 1 -0.5477895985246396 -0.35073732690151826 -0.3138262510490821 0.6269495385237032 0.21066199384566167 -0.10614790477717902 0.00047225428715627724 
99 1 -0.9304087246245673 -1.0908139525944733 -0.9949659986488271 -1.2487372283597327 -1.196676425265807 -1.3448399800159703 -1.083351334736588 
100 1 -0.6024494736817722 -0.6554747610103822 -0.6395887390315688 -1.075976605094153 -1.1481475142619633 -0.9319426216030399 -1.0523849464787667 
101 -1 1.4199659071321307 1.3906194394348468 1.2557566455938085 0.676309716599583 0.5988932818764117 1.2701766232659224 1.270094172857828 
102 1 -0.9304087246245673 -1.0472800334360644 -0.9949659986488271 -1.1746969612459128 -1.172411969763885 -0.9319426216030399 -1.1452841112522305 
103 -1 0.272108528832348 0.38933929879143686 0.7523055278026927 0.3801486481443037 0.6716866483821773 0.857279264852992 0.9294639020217943 
104 1 -0.9304087246245673 -1.1343478717528825 -1.0541955419183702 -1.2240571393217927 -1.1481475142619633 -1.3448399800159703 -1.083351334736588 
105 1 -0.9850685997816997 -1.0908139525944733 -1.0838103135531416 -1.1993770502838528 -1.2209408807677289 -1.3448399800159703 -1.083351334736588 
106 1 -0.9304087246245673 -0.960212195119246 -1.0245807702835985 -1.2487372283597327 -1.2209408807677289 -1.2072075272116602 -1.083351334736588 
107 1 -0.7117692239960371 -0.48133908437674566 -0.6395887390315688 1.4167123877377814 0.33198427135527103 0.5820143592443717 -0.3401580165488776 
108 1 -0.8210889743103021 -1.0472800334360644 -1.113425085187913 -1.2487372283597327 -1.196676425265807 -1.2072075272116602 -1.1762504995100518 
109 1 -0.8757488494674347 -1.1343478717528825 -1.0838103135531416 -1.2980974064356126 -1.2209408807677289 -1.2072075272116602 -1.1762504995100518 
110 1 -0.8757488494674347 -0.6554747610103822 -0.7284330539358834 0.45418891525812355 -0.29889157169469766 -0.24378035758148917 -0.7117546756427329 
111 1 -0.9304087246245673 -1.0472800334360644 -1.0838103135531416 -1.2240571393217927 -1.172411969763885 -1.06957507440735 -1.1143177229944092 
112 1 -0.8757488494674347 -1.0037461142776551 -1.113425085187913 -1.2240571393217927 -1.172411969763885 -1.2072075272116602 -1.1762504995100518 
113 -1 4.0436399146744915 3.3931797207216663 2.7364952273323846 1.2192716754342618 1.1327113029186928 1.5454415288745427 1.1771950080843643 
114 -1 0.9826869058750706 0.781144571217119 0.8707646143417788 0.1580278468028442 0.28345536035142727 0.857279264852992 0.49593446641229655 
115 -1 0.600067779775143 0.6070088945834825 0.48577258308974897 0.7503499837134029 0.526099915370646 0.857279264852992 0.3411025251231902 
116 1 -0.7117692239960371 -0.8731443568024277 -0.9357364553792841 -1.1500168722079729 -1.196676425265807 -1.06957507440735 -1.083351334736588 
117 -1 -0.001190846953314559 0.08460186468257297 0.011936236933404636 0.9231106069789825 0.5988932818764117 0.5820143592443717 0.21723697209190512 
118 1 -0.7664290991531697 -0.916678275960837 -1.0838103135531416 -1.2240571393217927 -1.196676425265807 -1.06957507440735 -1.0523849464787667 
119 -1 0.16278877851808296 0.38933929879143686 0.3080839532811198 0.28142829199254393 0.6716866483821773 1.4078090760702326 0.6198000194435815 
120 1 -0.7117692239960371 -0.7425425993272003 -0.876506912109741 -1.1500168722079729 -1.1481475142619633 -0.9319426216030399 -1.1452841112522305 
121 1 -0.8757488494674347 -1.0908139525944733 -1.0245807702835985 -1.1993770502838528 -1.172411969763885 -1.2072075272116602 -1.1452841112522305 
122 -1 1.1466665313464681 1.3035516011180284 1.463060047037209 0.4295088262201836 0.6716866483821773 2.095971340091783 0.9604302902796155 
123 -1 -0.6024494736817722 -0.08953381195106354 -0.16575239287522447 1.2192716754342618 0.6474221928802554 0.4443819064400616 0.18627058383408387 
124 -1 1.1466665313464681 1.0858820053259828 1.226141873959037 0.7503499837134029 1.2540335804283023 0.857279264852992 1.270094172857828 
125 1 -0.5477895985246396 -0.08953381195106354 -0.195367164509996 1.0958712302445621 0.526099915370646 -0.10614790477717902 -0.061460522228486254 
126 -1 -0.05585072211044707 0.17166970299939122 0.1007805518377192 1.145231408320442 0.6959511038840991 0.5820143592443717 0.5578672429279391 
127 1 -0.8757488494674347 -1.0472800334360644 -1.0838103135531416 -1.1993770502838528 -1.196676425265807 -1.06957507440735 -1.1452841112522305 
128 1 -0.8757488494674347 -1.0472800334360644 -1.0541955419183702 -1.2487372283597327 -1.196676425265807 -1.2072075272116602 -1.1452841112522305 
129 -1 0.43608815430374553 0.43287321794984596 0.36731349655066287 0.4295088262201836 0.5988932818764117 1.2701766232659224 0.7126991842170454 
130 1 -0.9304087246245673 -0.6990086801687913 -0.7580478255706549 0.9971508740928023 0.016546349830286678 -0.38141281038579933 -0.618855510869269 
131 -1 0.2174486536752155 0.4764071371082551 0.45615781145497747 0.9477906960169225 0.6474221928802554 0.4443819064400616 0.4649680781544753 
132 1 -0.8757488494674347 -1.0908139525944733 -1.0541955419183702 -1.2487372283597327 -1.2209408807677289 -1.2072075272116602 -1.083351334736588 
133 1 -0.7664290991531697 -1.0472800334360644 -1.0838103135531416 -1.2487372283597327 -1.196676425265807 -1.2072075272116602 -1.1143177229944092 
134 1 -0.8757488494674347 -0.48133908437674566 -0.6099739673967973 1.0218309631307423 -0.007718105671635195 -0.38141281038579933 -0.2782252400332351 
135 1 -0.9850685997816997 -1.0472800334360644 -1.0838103135531416 -1.2487372283597327 -1.196676425265807 -1.3448399800159703 -1.0214185582209454 
136 -1 0.5454079046180106 0.21520362215780034 0.3969282681854344 0.23206811391666404 0.016546349830286678 0.3067494536357514 0.031438642544977545 
137 1 -0.9850685997816997 -1.1343478717528825 -1.113425085187913 -1.2487372283597327 -1.2209408807677289 -1.2072075272116602 -1.1143177229944092 
138 -1 0.5454079046180106 0.5634749754250733 0.48577258308974897 0.2073880248787241 0.4533065488648804 1.1325441704616124 0.5578672429279391 
139 -1 0.16278877851808296 0.3458053796330277 0.3080839532811198 0.8737504289031026 0.40477763786103665 0.857279264852992 0.31013613686536895 
140 -1 0.2174486536752155 0.6505428137418916 0.33769872491589137 0.9724707850548624 1.5452070464513648 1.2701766232659224 0.9294639020217943 
141 1 -0.8210889743103021 -1.1343478717528825 -1.0541955419183702 -1.2980974064356126 -1.196676425265807 -1.4824724328202805 -1.1452841112522305 
142 1 -0.9304087246245673 -1.1778817909112917 -1.0838103135531416 -1.2240571393217927 -1.2452053362696507 -1.2072075272116602 -1.1762504995100518 
143 -1 0.7640474052465406 0.9988141670091646 1.226141873959037 0.4788690042960635 0.7444800148879429 0.7196468120486819 0.8675311255061517 
144 1 -0.9304087246245673 -1.0037461142776551 -1.0541955419183702 -1.2240571393217927 -1.172411969763885 -1.3448399800159703 -1.0523849464787667 
145 -1 1.0920066561893356 0.9552802478507555 0.9596089292460933 0.5035490933340034 0.6231577373783335 0.5820143592443717 0.8675311255061517 
146 -1 -0.3291500978961096 -0.04599989279265441 0.07116578020294767 0.6269495385237032 0.5018354598687241 0.857279264852992 0.37206891338101145 
147 1 0.05346902820381795 0.04106794552416384 -0.195367164509996 -0.6810951804871139 -1.0510896922542758 -1.2072075272116602 -0.959485781705303 
148 -1 -0.001190846953314559 0.17166970299939122 0.13039532347249072 0.8737504289031026 0.8172733813937085 0.7196468120486819 0.5578672429279391 
149 1 -0.9304087246245673 -1.0472800334360644 -1.0245807702835985 -1.2487372283597327 -1.2452053362696507 -1.2072075272116602 -1.1762504995100518 
150 -1 0.7640474052465406 1.0858820053259828 1.166912330689494 1.4167123877377814 1.2297691249263802 0.16911700083144127 1.3320269493734707 
151 -1 0.6547276549322756 0.6505428137418916 0.7226907561679211 0.2073880248787241 0.5018354598687241 1.820706434483163 0.6507664077014028 
152 -1 0.5454079046180106 0.5199410562666642 0.5746168979940636 0.4295088262201836 1.0356534809110054 0.7196468120486819 1.270094172857828 
153 1 -0.7664290991531697 -0.48133908437674566 -0.46190010922293967 0.3061083810304839 -0.25036266069085394 -0.9319426216030399 -0.5569227343536265 
154 -1 0.2174486536752155 0.4764071371082551 0.36731349655066287 1.0465110521686822 0.9385956589033179 0.857279264852992 0.8675311255061517 
155 1 -0.7664290991531697 -1.1343478717528825 -1.113425085187913 -1.2487372283597327 -1.2209408807677289 -1.3448399800159703 -1.1762504995100518 
156 1 -0.9850685997816997 -1.2214157100697007 -1.1726546284574562 -1.2734173173976726 -1.196676425265807 -1.2072075272116602 -1.1143177229944092 
157 -1 0.49074802946087803 0.5199410562666642 0.9003793859765502 0.40482873718224366 0.4533065488648804 0.857279264852992 0.6198000194435815 
158 -1 -0.05585072211044707 0.1281357838409821 0.13039532347249072 0.7503499837134029 0.914331203401396 0.4443819064400616 0.6507664077014028 
159 1 -0.8757488494674347 -0.960212195119246 -0.9949659986488271 -1.1993770502838528 -1.196676425265807 -1.06957507440735 -1.1143177229944092 
160 1 -0.9304087246245673 -1.0472800334360644 -1.0541955419183702 -1.2240571393217927 -1.2209408807677289 -1.2072075272116602 -1.1762504995100518 
161 -1 0.10812890336095046 0.21520362215780034 0.2784691816463483 0.059307490651084434 0.1863975383437398 0.5820143592443717 -0.12339329874412878 
162 -1 0.9280270307179381 0.8682124095339372 0.9299941576113218 0.23206811391666404 0.28345536035142727 1.9583388872874732 0.49593446641229655 
163 -1 -0.11051059726757957 0.08460186468257297 0.011936236933404636 0.9971508740928023 0.5746288263744898 0.857279264852992 0.2482033603497264 
164 -1 0.9826869058750706 1.0423480861675738 1.226141873959037 0.3801486481443037 0.720215559386021 1.5454415288745427 0.7126991842170454 
165 1 -0.7664290991531697 -1.1343478717528825 -1.0838103135531416 -1.2240571393217927 -1.2209408807677289 -1.2072075272116602 -1.1452841112522305 
166 -1 0.8733671555608056 0.9988141670091646 0.9003793859765502 0.40482873718224366 1.0599179364129272 1.1325441704616124 1.4249261141469345 
167 1 -0.3291500978961096 0.17166970299939122 0.04155100856817616 0.725669894675463 0.21066199384566167 0.7196468120486819 0.00047225428715627724 
168 -1 2.349183784803383 2.261297822603029 2.1738145662717256 1.120551319282502 1.5694715019532866 0.9949117176573021 1.8894219380142534 
169 1 0.43608815430374553 0.38933929879143686 0.36731349655066287 0.059307490651084434 0.11360417183797417 0.857279264852992 -0.061460522228486254 
170 -1 0.9826869058750706 1.0858820053259828 1.5815191335762953 0.8490703398651627 2.4915208110263176 -0.38141281038579933 2.9422791387801763 
171 -1 0.3267684039894805 0.43287321794984596 0.2488544100115768 0.2073880248787241 0.526099915370646 0.4443819064400616 0.6507664077014028 
172 1 -0.9304087246245673 -1.0908139525944733 -1.0838103135531416 -1.2487372283597327 -1.196676425265807 -1.06957507440735 -1.0523849464787667 
173 -1 1.6386054077606607 1.3470855202764376 1.28537141722858 0.5282291823719434 1.1569757584206146 0.9949117176573021 1.4249261141469345 
174 1 -0.8757488494674347 -1.0908139525944733 -1.0245807702835985 -1.1993770502838528 -1.196676425265807 -1.3448399800159703 -1.1143177229944092 
175 1 -0.9304087246245673 -1.0472800334360644 -1.0245807702835985 -1.1993770502838528 -1.1481475142619633 -1.2072075272116602 -1.1143177229944092 
176 -1 0.6547276549322756 0.6070088945834825 0.6930759845331496 0.8243902508272227 0.6474221928802554 0.4443819064400616 0.3411025251231902 
177 1 1.4199659071321307 1.5212211969100742 1.6999782201153812 0.6022694494857632 1.9577027899840365 -0.7943101687987297 2.1061866558190023 
178 1 -0.8210889743103021 -0.960212195119246 -1.0838103135531416 -1.1500168722079729 -1.196676425265807 -1.06957507440735 -1.083351334736588 
179 1 -0.9304087246245673 -0.6990086801687913 -0.817277368840198 0.13334775776490426 -0.49300721571007267 0.9949117176573021 -0.7736874521583753 
180 1 -0.9304087246245673 -1.0472800334360644 -1.0541955419183702 -1.2240571393217927 -1.2209408807677289 -1.2072075272116602 -1.083351334736588 
181 -1 0.9280270307179381 0.781144571217119 0.8411498427070072 0.2073880248787241 0.4775710043668023 0.7196468120486819 0.7126991842170454 
182 1 -1.0397284749388322 -1.2214157100697007 -1.0838103135531416 -1.2487372283597327 -1.196676425265807 -1.2072075272116602 -1.1762504995100518 
183 -1 2.349183784803383 2.1306960651278017 1.9961259364630966 1.6881933671551208 2.224611800505177 1.1325441704616124 1.9823211027877172 
184 1 -0.9850685997816997 -1.0908139525944733 -1.1430398568226847 -1.1993770502838528 -1.196676425265807 -1.2072075272116602 -1.0523849464787667 
185 1 -0.8210889743103021 -1.0472800334360644 -1.0541955419183702 -1.2734173173976726 -1.196676425265807 -1.2072075272116602 -1.083351334736588 
186 -1 0.9280270307179381 0.8246784903755281 0.9299941576113218 0.5775893604478233 1.3268269469340679 1.1325441704616124 1.2391277846000068 
187 -1 0.05346902820381795 0.3022714604746186 0.4265430398202059 -0.21217348876625494 -0.20183374968701018 1.820706434483163 0.00047225428715627724 
188 1 -0.9850685997816997 -0.6554747610103822 -0.7580478255706549 0.5035490933340034 0.016546349830286678 -0.10614790477717902 -0.618855510869269 
189 -1 1.3106461568178656 1.2600176819596194 1.3149861888633516 0.9971508740928023 1.6422648684590522 1.1325441704616124 1.7345899967251472 
190 -1 0.3267684039894805 0.43287321794984596 0.45615781145497747 1.2686318535101417 1.0113890254090834 -0.24378035758148917 0.9913966785374367 
191 -1 0.43608815430374553 0.43287321794984596 0.604231669628835 0.23206811391666404 0.3562487268571929 1.1325441704616124 0.3411025251231902 
192 1 -1.1490482252530974 -1.1778817909112917 -1.2022694000922276 -1.2487372283597327 -1.2209408807677289 -1.3448399800159703 -1.1143177229944092 
193 1 -0.9304087246245673 -1.0472800334360644 -1.0245807702835985 -1.2487372283597327 -1.196676425265807 -1.2072075272116602 -1.1143177229944092 
194 -1 -0.43846984821037466 -0.2636694885847 -0.3434410226838536 1.145231408320442 0.6716866483821773 0.857279264852992 0.18627058383408387 
195 1 -0.9850685997816997 -1.0908139525944733 -1.0541955419183702 -1.1993770502838528 -1.172411969763885 -1.2072075272116602 -1.1762504995100518 
196 1 -0.7664290991531697 -0.6554747610103822 -0.6692035106663403 -0.9032159818285733 -0.7356517707292914 0.4443819064400616 -0.7736874521583753 
197 1 -0.43846984821037466 -0.5248730035351548 -0.6692035106663403 -1.0266164270182732 -1.1238830587600415 -0.9319426216030399 -1.0214185582209454 
198 1 -0.8210889743103021 -1.1343478717528825 -1.0245807702835985 -1.2240571393217927 -1.196676425265807 -1.3448399800159703 -1.1452841112522305 
199 -1 0.3267684039894805 0.43287321794984596 0.2784691816463483 0.6022694494857632 0.40477763786103665 1.4078090760702326 0.4030353016388327 
200 1 -0.9850685997816997 -1.0472800334360644 -1.113425085187913 -1.2734173173976726 -1.2209408807677289 -1.2072075272116602 -1.083351334736588 
201 1 0.9826869058750706 0.9988141670091646 1.0188384725156363 0.3061083810304839 1.3025624914321459 0.857279264852992 1.3320269493734707 
202 -1 1.037346781032203 1.2600176819596194 1.2557566455938085 0.725669894675463 0.9628601144052398 0.857279264852992 1.1771950080843643 
203 -1 0.7640474052465406 0.5634749754250733 0.5153873547245205 0.4788690042960635 0.5988932818764117 1.1325441704616124 0.5269008546701178 
204 -1 0.709387530089408 0.6940767329003007 0.9003793859765502 0.4295088262201836 0.9871245699071616 0.9949117176573021 1.3939597258891132 
205 -1 0.5454079046180106 0.5634749754250733 0.7523055278026927 0.256748202954604 0.4533065488648804 1.4078090760702326 0.8675311255061517 
206 1 -0.9850685997816997 -1.1343478717528825 -1.2022694000922276 -1.2980974064356126 -1.2209408807677289 -1.2072075272116602 -1.1762504995100518 
207 -1 1.037346781032203 0.9988141670091646 1.0780680157851794 0.23206811391666404 0.526099915370646 2.095971340091783 0.7436655724748666 
208 -1 0.6547276549322756 0.8246784903755281 0.9003793859765502 0.2073880248787241 0.016546349830286678 1.2701766232659224 0.12433780731844134 
209 1 -0.7117692239960371 -1.0472800334360644 -1.0541955419183702 -1.1993770502838528 -1.172411969763885 -1.06957507440735 -1.083351334736588 
210 -1 1.2559862816607332 1.5212211969100742 1.4038305037676662 1.2192716754342618 1.6422648684590522 0.3067494536357514 1.8584555497564321 
211 1 -0.6571093488389047 -0.8731443568024277 -0.9061216837445125 -1.1500168722079729 -1.172411969763885 -1.2072075272116602 -1.083351334736588 
212 -1 1.0920066561893356 1.2164837628012102 1.1076827874199509 0.7997101617892828 0.914331203401396 0.7196468120486819 1.270094172857828 
213 1 -1.0397284749388322 -1.0472800334360644 -1.0245807702835985 -1.2487372283597327 -1.1481475142619633 -1.2072075272116602 -1.1143177229944092 
214 1 -0.8757488494674347 -0.4378051652183365 -0.5803591957620258 1.3673522096619015 0.1621330828418179 0.3067494536357514 -0.3401580165488776 
215 -1 -0.2744902227389771 0.1281357838409821 0.04155100856817616 0.9724707850548624 0.3805131823591148 0.3067494536357514 0.18627058383408387 
216 1 -0.8210889743103021 -0.7425425993272003 -0.9653512270140555 -1.1746969612459128 -1.1238830587600415 -0.9319426216030399 -1.1143177229944092 
217 -1 0.272108528832348 0.17166970299939122 0.1007805518377192 0.4295088262201836 0.4533065488648804 0.9949117176573021 0.37206891338101145 
218 -1 3.879660289203094 2.957840529137575 2.4403475109846693 1.6635132781171809 1.108446847416771 0.3067494536357514 0.9604302902796155 
219 1 -0.9850685997816997 -1.1343478717528825 -1.1430398568226847 -1.2734173173976726 -1.2209408807677289 -1.3448399800159703 -1.1143177229944092 
220 -1 1.7479251580749258 1.6953568735437106 1.8776668499240103 0.725669894675463 1.108446847416771 1.820706434483163 1.5797580554360409 
221 -1 0.600067779775143 0.6940767329003007 1.166912330689494 0.9477906960169225 0.8415378368956303 0.7196468120486819 0.37206891338101145 
222 1 -0.9850685997816997 -1.2214157100697007 -1.1726546284574562 -1.2487372283597327 -1.196676425265807 -1.2072075272116602 -1.083351334736588 
223 1 0.6547276549322756 0.6070088945834825 0.7523055278026927 0.256748202954604 0.5018354598687241 0.7196468120486819 0.7746319607326879 
224 -1 0.381428279146613 0.6940767329003007 0.6338464412636066 0.8490703398651627 0.720215559386021 0.857279264852992 0.7746319607326879 
225 1 -1.0397284749388322 -1.0472800334360644 -1.113425085187913 -1.1993770502838528 -1.196676425265807 -1.2072075272116602 -1.1143177229944092 
226 1 -0.9850685997816997 -0.960212195119246 -1.0245807702835985 -1.2240571393217927 -1.196676425265807 -1.06957507440735 -1.083351334736588 
227 1 -0.8210889743103021 -1.1343478717528825 -1.0541955419183702 -1.2240571393217927 -1.2209408807677289 -1.2072075272116602 -1.1143177229944092 
228 -1 1.4199659071321307 1.3470855202764376 2.1145850230021828 0.9724707850548624 1.5209425909494427 0.9949117176573021 1.7655563849829685 
229 -1 -0.11051059726757957 0.1281357838409821 0.36731349655066287 0.5775893604478233 0.6716866483821773 0.4443819064400616 0.6817327959592241 
230 1 -0.49312972336750716 -0.08953381195106354 -0.13613762124045298 1.0711911412066222 0.3562487268571929 0.5820143592443717 -0.03049413397066499 
231 -1 0.8187072804036731 0.8246784903755281 0.6930759845331496 0.3801486481443037 0.7687444703898647 1.820706434483163 1.0223630667952581 
232 1 -0.8757488494674347 -1.0908139525944733 -1.0838103135531416 -1.2487372283597327 -1.196676425265807 -1.2072075272116602 -1.1143177229944092 
233 1 -0.9304087246245673 -1.0472800334360644 -1.1430398568226847 -1.2240571393217927 -1.2209408807677289 -1.2072075272116602 -1.1143177229944092 
234 -1 5.246157168131406 4.3509259422066675 3.62493837637553 1.4167123877377814 1.0113890254090834 0.9949117176573021 1.3010605611156494 
235 -1 0.9826869058750706 1.129415924484392 1.2557566455938085 0.8243902508272227 1.3268269469340679 0.857279264852992 1.0842958433109007 
236 -1 1.7479251580749258 1.5647551160684832 1.5815191335762953 0.700989805637523 0.6716866483821773 1.4078090760702326 0.8365647372483305 
237 1 -0.9304087246245673 -0.8731443568024277 -0.9061216837445125 -1.051296516056213 -1.1238830587600415 -0.9319426216030399 -1.1143177229944092 
238 1 -1.0943883500959648 -1.1343478717528825 -1.113425085187913 -1.2487372283597327 -1.172411969763885 -1.2072075272116602 -1.1762504995100518 
239 -1 0.272108528832348 0.25873754131620946 0.36731349655066287 1.614153100041301 1.2055046694244584 0.9949117176573021 1.0533294550530794 
240 -1 1.2013264065036007 1.172949843642801 1.0188384725156363 0.7997101617892828 0.6959511038840991 0.857279264852992 0.8675311255061517 
241 1 -0.8210889743103021 -1.0472800334360644 -1.0838103135531416 -1.2487372283597327 -1.172411969763885 -1.2072075272116602 -1.0523849464787667 
242 -1 0.43608815430374553 0.4764071371082551 0.5153873547245205 0.3061083810304839 0.6959511038840991 0.031484548027131125 0.8365647372483305 
243 1 -0.8757488494674347 -0.8296104376440187 -1.0245807702835985 -1.1500168722079729 -1.172411969763885 -0.5190452631901095 -1.0523849464787667 
244 1 -0.5477895985246396 -0.04599989279265441 -0.195367164509996 1.3179920315860216 0.5746288263744898 0.3067494536357514 0.06240503080279881 
245 1 -0.8210889743103021 -0.8296104376440187 -0.9357364553792841 -1.051296516056213 -1.0996186032581194 0.5820143592443717 -1.0214185582209454 
246 1 -0.8757488494674347 -0.916678275960837 -1.0541955419183702 -1.1746969612459128 -1.172411969763885 -0.38141281038579933 -1.1143177229944092 
247 1 -0.8757488494674347 -0.5684069226935639 -0.7876625972054264 1.2933119425480817 0.21066199384566167 -0.24378035758148917 -0.3711244048066989 
248 1 -0.8210889743103021 -1.0037461142776551 -1.0838103135531416 -1.2240571393217927 -1.172411969763885 -1.2072075272116602 -1.1143177229944092 
249 1 -1.0397284749388322 -1.0472800334360644 -1.0245807702835985 -1.2487372283597327 -1.2209408807677289 -1.3448399800159703 -1.1452841112522305 
250 1 -0.8757488494674347 -1.0037461142776551 -1.0245807702835985 -1.2240571393217927 -1.196676425265807 -1.2072075272116602 -1.0214185582209454 
251 -1 0.709387530089408 0.7376106520587098 0.604231669628835 0.4295088262201836 0.720215559386021 0.7196468120486819 0.9604302902796155 
252 1 -0.8757488494674347 -1.0037461142776551 -1.0838103135531416 -1.1746969612459128 -1.196676425265807 -0.9319426216030399 -1.1143177229944092 
253 1 -0.9304087246245673 -1.0908139525944733 -1.0838103135531416 -1.2487372283597327 -1.196676425265807 -1.2072075272116602 -1.1452841112522305 
254 1 -0.9304087246245673 -0.960212195119246 -1.0838103135531416 -1.1993770502838528 -1.172411969763885 -1.2072075272116602 -1.1452841112522305 
255 1 -1.1490482252530974 -1.0908139525944733 -0.9357364553792841 -0.8785358927906335 -0.7841806817331352 -1.2072075272116602 -0.9285193934474817 
256 1 -1.0397284749388322 -0.916678275960837 -0.9653512270140555 -1.1993770502838528 -1.196676425265807 -0.7943101687987297 -1.083351334736588 
257 -1 1.9665646587034558 1.6082890352268924 1.5519043619415238 0.725669894675463 1.1569757584206146 1.1325441704616124 1.3010605611156494 
258 -1 0.600067779775143 0.6070088945834825 0.6634612128983781 0.03462740161314449 0.21066199384566167 1.4078090760702326 0.4030353016388327 
259 1 -0.9304087246245673 -1.1343478717528825 -1.0541955419183702 -1.2487372283597327 -1.2209408807677289 -1.2072075272116602 -1.0523849464787667 
260 -1 0.9280270307179381 1.0858820053259828 1.166912330689494 0.35546855910636377 0.6231577373783335 1.9583388872874732 0.898497513763973 
261 -1 0.709387530089408 0.7376106520587098 0.9596089292460933 0.18270793584078415 0.9385956589033179 1.2701766232659224 1.1771950080843643 
262 -1 0.16278877851808296 0.781144571217119 0.9003793859765502 0.9231106069789825 0.3805131823591148 -0.10614790477717902 0.2791697486075477 
263 1 -0.7664290991531697 -1.0908139525944733 -1.0245807702835985 -1.2487372283597327 -1.172411969763885 -1.3448399800159703 -1.1452841112522305 
264 -1 0.381428279146613 0.3022714604746186 0.1007805518377192 0.8984305179410426 0.40477763786103665 0.7196468120486819 0.2791697486075477 
265 -1 -0.5477895985246396 -0.04599989279265441 -0.10652284960568145 1.4660725658136613 0.7930089258917866 -0.10614790477717902 0.31013613686536895 
266 -1 0.381428279146613 0.5199410562666642 0.4265430398202059 0.4788690042960635 0.28345536035142727 0.7196468120486819 0.3411025251231902 
267 1 -0.8757488494674347 -1.0472800334360644 -1.0838103135531416 -1.2487372283597327 -1.2209408807677289 -1.3448399800159703 -1.1452841112522305 
268 1 0.49074802946087803 0.3458053796330277 0.2488544100115768 -0.187493399728315 1.448149224443677 0.3067494536357514 1.5178252789203983 
269 1 0.5454079046180106 0.17166970299939122 0.07116578020294767 -0.5083345572215343 -0.5900650377177602 0.3067494536357514 -0.6807882873849116 
270 -1 1.2559862816607332 1.2164837628012102 1.166912330689494 0.6269495385237032 0.8172733813937085 0.7196468120486819 0.898497513763973 
271 1 -0.8757488494674347 -0.960212195119246 -0.9061216837445125 -1.125336783170033 -1.0510896922542758 -0.9319426216030399 -1.083351334736588 
272 1 -0.9850685997816997 -1.0908139525944733 -1.113425085187913 -1.2734173173976726 -1.2209408807677289 -1.2072075272116602 -1.1452841112522305 
273 -1 0.10812890336095046 0.5199410562666642 0.3080839532811198 1.614153100041301 1.0356534809110054 0.857279264852992 0.5578672429279391 
274 -1 0.05346902820381795 0.1281357838409821 0.13039532347249072 0.3307884700684238 0.4775710043668023 0.5820143592443717 0.4030353016388327 
275 1 -1.0397284749388322 -1.0908139525944733 -1.0245807702835985 -1.2734173173976726 -1.2452053362696507 -1.2072075272116602 -1.083351334736588 
276 1 -0.05585072211044707 0.25873754131620946 0.2784691816463483 1.2439517644722018 0.6959511038840991 0.5820143592443717 0.4649680781544753 
277 -1 0.7640474052465406 0.7376106520587098 1.3742157321328945 0.7997101617892828 1.496678135447521 0.9949117176573021 1.703623608467326 
278 1 -0.9304087246245673 -1.0908139525944733 -1.0541955419183702 -1.2240571393217927 -1.2209408807677289 -1.2072075272116602 -1.1143177229944092 
279 1 -0.9850685997816997 -0.6119408418519731 -0.6395887390315688 1.0711911412066222 0.23492644934758353 0.7196468120486819 -0.3091916282910564 
280 1 -1.0397284749388322 -1.0908139525944733 -1.1430398568226847 -1.2734173173976726 -1.2209408807677289 -1.2072075272116602 -1.1452841112522305 
281 -1 -0.05585072211044707 0.21520362215780034 0.33769872491589137 0.40482873718224366 0.06507526083413043 0.857279264852992 0.031438642544977545 
282 -1 0.5454079046180106 0.781144571217119 0.6634612128983781 0.8243902508272227 0.720215559386021 1.820706434483163 0.31013613686536895 
283 1 -0.3291500978961096 -0.13306773110947265 -0.13613762124045298 1.2686318535101417 0.21066199384566167 0.16911700083144127 -0.18532607525977132 
284 1 -0.49312972336750716 -0.48133908437674566 -0.5507444241272542 -0.8785358927906335 -1.0268252367523538 0.857279264852992 -0.959485781705303 
285 -1 0.272108528832348 0.43287321794984596 0.7523055278026927 0.3307884700684238 0.7930089258917866 0.3067494536357514 1.0223630667952581 
286 -1 0.3267684039894805 0.43287321794984596 0.5746168979940636 0.5282291823719434 0.5503643708725678 0.857279264852992 0.5578672429279391 
287 1 -0.9304087246245673 -1.1343478717528825 -1.0838103135531416 -1.2487372283597327 -1.196676425265807 -1.2072075272116602 -1.1143177229944092 
288 -1 0.7640474052465406 0.9988141670091646 1.0780680157851794 1.145231408320442 0.3805131823591148 0.5820143592443717 0.21723697209190512 
289 1 -0.8757488494674347 -1.0908139525944733 -1.1430398568226847 -1.2240571393217927 -1.196676425265807 -1.2072075272116602 -1.1452841112522305 
290 1 -0.16517047242471208 -0.04599989279265441 -0.0472933063361384 -0.5330146462594743 -0.10477592767932269 -1.2072075272116602 0.21723697209190512 
291 -1 0.2174486536752155 0.7376106520587098 0.5153873547245205 0.9231106069789825 0.9628601144052398 0.857279264852992 0.4030353016388327 
292 -1 1.0920066561893356 1.0423480861675738 0.9299941576113218 0.7750300727513428 1.1812402139225366 0.7196468120486819 1.2391277846000068 
293 1 -0.9850685997816997 -1.0472800334360644 -1.1430398568226847 -1.2487372283597327 -1.2209408807677289 -1.2072075272116602 -1.1143177229944092 
294 -1 2.2945239096462506 2.1742299842862107 1.966511164828325 1.2933119425480817 1.8363805124744272 0.857279264852992 1.9823211027877172 
295 -1 0.6547276549322756 0.8246784903755281 0.8707646143417788 0.9231106069789825 1.3025624914321459 0.7196468120486819 0.898497513763973 
296 1 -0.8210889743103021 -1.0472800334360644 -1.1430398568226847 -1.2487372283597327 -1.2209408807677289 -1.2072075272116602 -1.1762504995100518 
297 -1 0.272108528832348 0.3022714604746186 0.21923963837680527 1.564792921965421 0.720215559386021 0.9949117176573021 0.18627058383408387 
298 1 -0.6571093488389047 -0.8731443568024277 -0.9357364553792841 -1.125336783170033 -1.1481475142619633 -1.06957507440735 -1.1143177229944092 
299 1 -0.9850685997816997 -1.0908139525944733 -1.0838103135531416 -1.2487372283597327 -1.196676425265807 -1.3448399800159703 -1.1143177229944092 
300 -1 1.6386054077606607 1.477687277751665 0.6634612128983781 0.4295088262201836 1.2540335804283023 1.5454415288745427 1.5797580554360409 
301 -1 0.05346902820381795 0.21520362215780034 0.3080839532811198 0.23206811391666404 0.5503643708725678 1.1325441704616124 0.6817327959592241 
302 -1 1.2559862816607332 0.9117463286923463 0.9003793859765502 0.3307884700684238 0.7444800148879429 0.9949117176573021 0.8675311255061517 
303 -1 -0.001190846953314559 0.38933929879143686 0.2488544100115768 0.4788690042960635 0.914331203401396 0.857279264852992 0.7436655724748666 
304 -1 -0.3291500978961096 0.08460186468257297 -0.0472933063361384 0.9971508740928023 0.914331203401396 0.7196468120486819 0.2791697486075477 
305 1 -0.8210889743103021 -1.2214157100697007 -1.113425085187913 -1.2487372283597327 -1.2209408807677289 -1.2072075272116602 -1.1452841112522305 
306 -1 0.709387530089408 0.6505428137418916 0.7523055278026927 0.08398757968902437 0.28345536035142727 0.857279264852992 0.434001689896654 
307 -1 1.2013264065036007 1.2600176819596194 1.3742157321328945 0.45418891525812355 0.6959511038840991 0.857279264852992 0.8675311255061517 
308 -1 0.9280270307179381 0.8246784903755281 0.9003793859765502 0.28142829199254393 0.5018354598687241 0.3067494536357514 0.6817327959592241 
309 -1 0.381428279146613 0.5634749754250733 0.3969282681854344 1.2439517644722018 1.2540335804283023 -0.10614790477717902 0.9294639020217943 
310 -1 0.381428279146613 0.6505428137418916 0.604231669628835 1.0711911412066222 1.0113890254090834 0.857279264852992 0.5888336311857604 
311 1 -0.8757488494674347 -1.0908139525944733 -1.0838103135531416 -1.2487372283597327 -1.2209408807677289 -1.2072075272116602 -1.083351334736588 
312 1 -0.9850685997816997 -1.1778817909112917 -1.0838103135531416 -1.2487372283597327 -1.196676425265807 -1.2072075272116602 -1.1143177229944092 
313 1 -0.8210889743103021 -1.0472800334360644 -0.9949659986488271 -1.2240571393217927 -1.196676425265807 -1.2072075272116602 -1.083351334736588 
314 -1 0.381428279146613 0.5634749754250733 0.5746168979940636 0.2073880248787241 0.33198427135527103 1.1325441704616124 0.5269008546701178 
315 1 -0.8757488494674347 -1.0908139525944733 -1.0245807702835985 -1.2240571393217927 -1.196676425265807 -1.2072075272116602 -1.1143177229944092 
316 1 -0.8757488494674347 -0.35073732690151826 -0.3434410226838536 1.0218309631307423 0.6474221928802554 0.3067494536357514 0.12433780731844134 
317 1 -0.9850685997816997 -1.1343478717528825 -1.0541955419183702 -1.2240571393217927 -1.2209408807677289 -1.2072075272116602 -1.1143177229944092 
318 1 -0.6024494736817722 -0.8731443568024277 -0.9061216837445125 -1.0019363379803332 -0.6871228597254476 -0.7943101687987297 -0.618855510869269 
319 -1 -0.21983034758184458 -0.04599989279265441 -0.017678534701366884 0.725669894675463 0.40477763786103665 -0.10614790477717902 0.434001689896654 
320 1 -0.8210889743103021 -0.5684069226935639 -0.7580478255706549 0.8490703398651627 -0.03198256117355707 -0.10614790477717902 -0.5878891226114478 
321 -1 0.272108528832348 0.3458053796330277 0.33769872491589137 0.8490703398651627 0.720215559386021 1.1325441704616124 0.6198000194435815 
322 -1 0.709387530089408 0.6940767329003007 0.7226907561679211 0.4295088262201836 0.526099915370646 0.4443819064400616 0.4649680781544753 
323 -1 0.5454079046180106 0.781144571217119 0.8707646143417788 1.169911497358382 0.914331203401396 0.9949117176573021 0.7746319607326879 
324 1 -0.6571093488389047 -0.6554747610103822 -0.8468921404749694 -1.100656694132093 -1.172411969763885 -1.06957507440735 -1.083351334736588 
325 -1 1.3653060319749981 1.3470855202764376 1.4334452754024376 0.9477906960169225 1.0113890254090834 0.857279264852992 1.2081613963421856 
326 1 0.16278877851808296 0.3458053796330277 0.2784691816463483 0.6516296275616431 0.40477763786103665 0.7196468120486819 0.12433780731844134 
327 -1 -0.05585072211044707 0.04106794552416384 0.07116578020294767 0.9971508740928023 0.6959511038840991 0.5820143592443717 0.2482033603497264 
328 -1 1.583945532603528 1.4341533585932558 1.4334452754024376 0.5775893604478233 0.9628601144052398 1.2701766232659224 0.898497513763973 
329 -1 1.4746257822892632 1.129415924484392 1.1372975590547225 0.1580278468028442 0.720215559386021 1.1325441704616124 1.0533294550530794 
330 1 -1.0397284749388322 -1.0037461142776551 -0.9653512270140555 -1.1993770502838528 -1.196676425265807 -1.2072075272116602 -1.1452841112522305 
331 1 -0.7664290991531697 -0.48133908437674566 -0.6099739673967973 1.3179920315860216 0.2591909048495054 -0.24378035758148917 -0.3401580165488776 
332 -1 1.037346781032203 1.0858820053259828 1.226141873959037 0.5529092714098833 0.720215559386021 0.5820143592443717 0.7436655724748666 
333 1 -0.9304087246245673 -1.1343478717528825 -1.0541955419183702 -1.2487372283597327 -1.2452053362696507 -1.3448399800159703 -1.207216887767873 
334 -1 0.709387530089408 0.8246784903755281 1.1372975590547225 0.8737504289031026 1.4238847689417553 0.9949117176573021 1.7965227732407896 
335 1 -0.7117692239960371 -0.5684069226935639 -0.6692035106663403 -1.051296516056213 -1.0753541477561976 -0.7943101687987297 -1.0214185582209454 
336 -1 1.1466665313464681 1.129415924484392 1.0188384725156363 0.7997101617892828 0.914331203401396 0.857279264852992 0.8365647372483305 
337 -1 0.8187072804036731 0.8682124095339372 0.7819202994374642 0.8490703398651627 0.5746288263744898 0.857279264852992 0.49593446641229655 
338 -1 -0.49312972336750716 -0.17660165026788177 -0.254596707779539 1.4907526548516012 0.5988932818764117 0.4443819064400616 0.031438642544977545 
339 -1 1.6932652829177932 1.4341533585932558 1.5519043619415238 0.6022694494857632 1.2540335804283023 1.1325441704616124 1.5178252789203983 
340 -1 0.600067779775143 0.5634749754250733 0.45615781145497747 0.5035490933340034 0.6959511038840991 0.9949117176573021 0.5888336311857604 
341 1 -0.9304087246245673 -1.0472800334360644 -1.0541955419183702 -1.2240571393217927 -1.196676425265807 -1.2072075272116602 -1.1452841112522305 
342 1 -0.9850685997816997 -0.7860765184856096 -0.8468921404749694 0.1580278468028442 -0.4444783047062289 -0.10614790477717902 -0.6807882873849116 
343 1 -1.0397284749388322 -1.0908139525944733 -1.0245807702835985 -1.1993770502838528 -1.172411969763885 -1.4824724328202805 -1.1452841112522305 
344 -1 0.43608815430374553 0.43287321794984596 0.5153873547245205 0.700989805637523 0.8172733813937085 0.857279264852992 0.4030353016388327 
345 -1 0.272108528832348 0.21520362215780034 0.7819202994374642 0.2073880248787241 0.04081080533220855 1.5454415288745427 0.031438642544977545 
346 1 -0.49312972336750716 -0.35073732690151826 -0.3434410226838536 0.5282291823719434 0.11360417183797417 0.16911700083144127 -0.15435968700195005 
347 1 -0.8210889743103021 -0.3942712460599274 -0.6395887390315688 1.2686318535101417 0.3805131823591148 0.857279264852992 -0.43305718132234144 
348 -1 1.2559862816607332 1.5212211969100742 1.344600960498123 1.3920322986998415 1.3268269469340679 0.5820143592443717 1.3010605611156494 
349 -1 -0.16517047242471208 0.6940767329003007 0.8115350710722357 0.3801486481443037 0.40477763786103665 -0.38141281038579933 0.4649680781544753 
350 -1 0.7640474052465406 0.781144571217119 0.5153873547245205 0.5035490933340034 0.5018354598687241 0.3067494536357514 0.3411025251231902 
351 -1 0.43608815430374553 0.6505428137418916 0.9003793859765502 0.28142829199254393 0.8172733813937085 0.5820143592443717 1.0533294550530794 
352 1 -0.8210889743103021 -1.1778817909112917 -1.0838103135531416 -1.2240571393217927 -1.2209408807677289 -1.06957507440735 -1.1143177229944092 
353 -1 -0.001190846953314559 0.3458053796330277 0.3080839532811198 0.9231106069789825 0.8900667478994742 0.4443819064400616 0.7126991842170454 
354 -1 0.10812890336095046 0.25873754131620946 0.36731349655066287 -0.1381332216524351 -0.007718105671635195 0.857279264852992 -0.18532607525977132 
355 -1 0.600067779775143 0.7376106520587098 0.7226907561679211 0.4295088262201836 0.6231577373783335 0.9949117176573021 0.8055983489905092 
356 -1 0.10812890336095046 0.17166970299939122 0.1007805518377192 1.3673522096619015 0.3077198158533492 0.4443819064400616 -0.24725885177541385 
357 -1 0.9826869058750706 0.9117463286923463 0.9299941576113218 1.5154327438895412 2.248876256007099 0.3067494536357514 2.632615256201964 
358 1 -1.0397284749388322 -1.1778817909112917 -1.0245807702835985 -1.2487372283597327 -1.2209408807677289 -1.2072075272116602 -1.1143177229944092 
359 -1 0.6547276549322756 0.6505428137418916 0.9299941576113218 0.8243902508272227 1.2297691249263802 0.4443819064400616 1.5487916671782196 
360 1 -0.7117692239960371 -0.5684069226935639 -0.7876625972054264 -0.9772562489423932 -1.0996186032581194 0.5820143592443717 -1.083351334736588 
361 -1 1.4199659071321307 1.0858820053259828 1.0188384725156363 0.2073880248787241 0.526099915370646 0.857279264852992 0.6198000194435815 
362 1 -0.9850685997816997 -1.0908139525944733 -1.0838103135531416 -1.2487372283597327 -1.2209408807677289 -1.2072075272116602 -1.1143177229944092 
363 -1 0.5454079046180106 0.4764071371082551 0.5153873547245205 0.18270793584078415 0.21066199384566167 0.9949117176573021 0.18627058383408387 
364 1 -0.16517047242471208 -0.002465973634245285 0.07116578020294767 0.5035490933340034 0.8415378368956303 0.031484548027131125 0.8365647372483305 
365 1 -0.9850685997816997 -1.0472800334360644 -1.1430398568226847 -1.2487372283597327 -1.2209408807677289 -1.2072075272116602 -1.1762504995100518 
366 1 -0.8757488494674347 -1.0472800334360644 -1.1430398568226847 -1.2240571393217927 -1.172411969763885 -1.2072075272116602 -1.1452841112522305 
367 1 -0.8210889743103021 -0.916678275960837 -0.9061216837445125 -1.1500168722079729 -1.172411969763885 -1.06957507440735 -1.0523849464787667 
368 1 -0.8210889743103021 -0.6119408418519731 -0.6988182823011119 0.676309716599583 0.13786862733989605 -0.38141281038579933 -0.4640235695801627 
369 -1 1.4199659071321307 1.0858820053259828 0.9892237008808649 0.3307884700684238 0.9871245699071616 1.1325441704616124 1.2391277846000068 
370 -1 0.9826869058750706 1.2600176819596194 1.907281621558782 1.3179920315860216 0.6716866483821773 0.3067494536357514 1.4558925024047558 
371 -1 1.7479251580749258 1.3906194394348468 1.9368963931935534 0.8490703398651627 1.4238847689417553 1.9583388872874732 1.362993337631292 
372 1 0.49074802946087803 0.6070088945834825 0.36731349655066287 0.8984305179410426 0.04081080533220855 0.031484548027131125 0.031438642544977545 
373 -1 1.6932652829177932 1.6082890352268924 1.4926748186719807 0.7750300727513428 0.9628601144052398 0.7196468120486819 1.2081613963421856 
374 1 -0.8757488494674347 -1.1343478717528825 -1.0838103135531416 -1.2734173173976726 -1.2209408807677289 -1.3448399800159703 -1.1143177229944092 
375 1 -0.8757488494674347 -1.0908139525944733 -1.0245807702835985 -1.2487372283597327 -1.2209408807677289 -1.2072075272116602 -1.1143177229944092 
376 -1 0.8187072804036731 0.8682124095339372 0.8115350710722357 0.13334775776490426 0.5503643708725678 -1.2072075272116602 0.6507664077014028 
377 1 -0.8757488494674347 -1.1343478717528825 -1.113425085187913 -1.2980974064356126 -1.2452053362696507 -1.2072075272116602 -1.1452841112522305 
378 -1 0.3267684039894805 0.5634749754250733 0.48577258308974897 0.3307884700684238 0.1863975383437398 0.7196468120486819 0.4030353016388327 
379 1 -0.9850685997816997 -1.0908139525944733 -1.0245807702835985 -1.2487372283597327 -1.196676425265807 -1.2072075272116602 -1.1762504995100518 
380 -1 0.6547276549322756 0.6070088945834825 0.6338464412636066 0.8984305179410426 0.5746288263744898 0.857279264852992 0.8365647372483305 
381 1 -0.9304087246245673 -1.1343478717528825 -1.0541955419183702 -1.2487372283597327 -1.2209408807677289 -1.2072075272116602 -1.1452841112522305 
382 -1 -0.3291500978961096 -0.13306773110947265 0.07116578020294767 1.169911497358382 0.6716866483821773 -0.10614790477717902 0.31013613686536895 
383 1 -0.9304087246245673 -0.6119408418519731 -0.7284330539358834 1.3920322986998415 0.40477763786103665 -0.38141281038579933 -0.3711244048066989 
384 1 -0.9304087246245673 -1.2214157100697007 -1.113425085187913 -1.2487372283597327 -1.2209408807677289 -1.2072075272116602 -1.083351334736588 
385 1 -0.8757488494674347 -1.0908139525944733 -1.0245807702835985 -1.2240571393217927 -1.196676425265807 -1.2072075272116602 -1.1762504995100518 
386 -1 0.9280270307179381 0.8682124095339372 0.8115350710722357 0.45418891525812355 1.1327113029186928 0.857279264852992 1.362993337631292 
387 1 -0.9304087246245673 -1.0472800334360644 -1.0838103135531416 -1.2240571393217927 -1.172411969763885 -1.3448399800159703 -1.083351334736588 
388 1 -0.43846984821037466 -0.2201355694262909 -0.22498193614476752 1.4413924767757214 0.8172733813937085 -0.10614790477717902 0.18627058383408387 
389 -1 0.05346902820381795 0.3458053796330277 0.16001009510726225 1.3179920315860216 0.7444800148879429 0.7196468120486819 0.37206891338101145 
390 1 -0.8757488494674347 -1.1778817909112917 -1.0838103135531416 -1.2487372283597327 -1.2452053362696507 -1.2072075272116602 -1.1143177229944092 
391 1 -0.8757488494674347 -1.2214157100697007 -1.0838103135531416 -1.2734173173976726 -1.2209408807677289 -1.2072075272116602 -1.1143177229944092 
392 -1 0.600067779775143 0.6505428137418916 0.45615781145497747 0.5775893604478233 0.1863975383437398 0.7196468120486819 0.06240503080279881 
393 1 -0.8757488494674347 -1.0908139525944733 -1.0541955419183702 -1.2487372283597327 -1.2209408807677289 -1.2072075272116602 -1.0523849464787667 
394 -1 0.8187072804036731 0.7376106520587098 0.9003793859765502 0.725669894675463 1.0356534809110054 0.5820143592443717 1.2081613963421856 
395 -1 0.709387530089408 0.8682124095339372 0.9596089292460933 0.28142829199254393 0.720215559386021 -0.7943101687987297 0.9604302902796155 
396 -1 0.16278877851808296 0.3022714604746186 0.45615781145497747 0.08398757968902437 0.7444800148879429 0.7196468120486819 1.0842958433109007 
397 1 -0.8757488494674347 -1.0908139525944733 -1.0541955419183702 -1.2487372283597327 -1.172411969763885 -1.2072075272116602 -1.1452841112522305 
398 -1 0.2174486536752155 0.17166970299939122 0.13039532347249072 0.3061083810304839 0.13786862733989605 0.5820143592443717 0.06240503080279881 
399 -1 2.0212245338605883 2.21776390344462 2.5588065975237555 1.3673522096619015 2.685636455041693 0.16911700083144127 3.004211915295819 
400 1 -1.0397284749388322 -1.2214157100697007 -1.1430398568226847 -1.2240571393217927 -1.2209408807677289 -1.2072075272116602 -1.1762504995100518 
401 -1 1.583945532603528 1.3470855202764376 1.1965271023242654 0.5775893604478233 0.7930089258917866 0.7196468120486819 0.9604302902796155 
402 1 -0.9850685997816997 -1.1343478717528825 -1.0541955419183702 -1.1993770502838528 -1.2209408807677289 -1.2072075272116602 -1.1452841112522305 
403 1 -0.9850685997816997 -0.916678275960837 -1.0541955419183702 -1.1500168722079729 -1.196676425265807 -0.9319426216030399 -1.083351334736588 
404 -1 1.5292856574463958 1.6082890352268924 1.2557566455938085 1.3179920315860216 1.5694715019532866 0.7196468120486819 1.6107244436938621 
405 -1 0.16278877851808296 0.21520362215780034 0.33769872491589137 1.145231408320442 1.2055046694244584 0.857279264852992 0.7746319607326879 
406 -1 0.6547276549322756 0.7376106520587098 0.604231669628835 0.8490703398651627 0.33198427135527103 1.2701766232659224 0.3411025251231902 
407 -1 0.9280270307179381 0.3022714604746186 0.6338464412636066 0.6269495385237032 0.5503643708725678 0.7196468120486819 0.7436655724748666 
408 1 -0.49312972336750716 -0.2636694885847 -0.4026705659533967 1.4907526548516012 0.5988932818764117 -0.5190452631901095 -0.12339329874412878 
409 1 -0.2744902227389771 -0.5248730035351548 -0.4026705659533967 -0.8044956256768137 -0.614329493219682 -0.6566777159944196 -0.4640235695801627 
410 1 -0.8757488494674347 -0.960212195119246 -0.9061216837445125 -1.1993770502838528 -1.172411969763885 -1.2072075272116602 -1.083351334736588 
411 1 -0.9304087246245673 -1.1343478717528825 -1.0541955419183702 -1.2487372283597327 -1.2209408807677289 -1.3448399800159703 -1.1143177229944092 
412 -1 1.1466665313464681 1.2164837628012102 1.1372975590547225 1.0465110521686822 0.9385956589033179 0.3067494536357514 0.898497513763973 
413 -1 -0.3838099730532421 -0.08953381195106354 -0.2842114794143106 0.9971508740928023 0.4775710043668023 0.3067494536357514 -0.061460522228486254 
414 -1 0.3267684039894805 0.4764071371082551 0.5746168979940636 0.3061083810304839 0.5988932818764117 0.9949117176573021 0.6817327959592241 
415 -1 -0.001190846953314559 0.4764071371082551 0.48577258308974897 0.9724707850548624 1.448149224443677 1.2701766232659224 1.0842958433109007 
416 -1 2.622483160589046 2.478967418395075 2.3515031960803547 1.194591586396322 1.5937359574552084 1.4078090760702326 1.7965227732407896 
417 1 -0.8210889743103021 -1.0037461142776551 -1.0245807702835985 -1.1993770502838528 -1.196676425265807 -1.3448399800159703 -1.1143177229944092 
418 -1 0.49074802946087803 0.5199410562666642 0.545002126359292 0.5035490933340034 0.6474221928802554 0.857279264852992 0.7126991842170454 
419 -1 0.43608815430374553 0.9552802478507555 1.2557566455938085 0.8737504289031026 0.9628601144052398 1.4078090760702326 1.0842958433109007 
420 1 0.2174486536752155 0.6070088945834825 0.3080839532811198 0.8490703398651627 0.11360417183797417 0.5820143592443717 0.31013613686536895 
421 1 -0.9304087246245673 -1.0908139525944733 -1.113425085187913 -1.1993770502838528 -1.2209408807677289 -1.2072075272116602 -1.083351334736588 
422 1 -1.0397284749388322 -1.1343478717528825 -1.1430398568226847 -1.2487372283597327 -1.196676425265807 -1.2072075272116602 -1.083351334736588 
423 -1 1.7479251580749258 1.477687277751665 1.3742157321328945 0.9724707850548624 0.8658022923975522 1.2701766232659224 0.8675311255061517 
424 -1 0.8187072804036731 0.8682124095339372 0.9299941576113218 1.2686318535101417 0.5746288263744898 0.9949117176573021 1.3010605611156494 
425 -1 0.7640474052465406 0.8682124095339372 1.0188384725156363 0.7997101617892828 0.8900667478994742 0.7196468120486819 0.9913966785374367 
426 -1 0.8733671555608056 0.8246784903755281 1.1076827874199509 0.4295088262201836 0.914331203401396 1.4078090760702326 1.0223630667952581 
427 -1 0.6547276549322756 0.781144571217119 0.9892237008808649 0.676309716599583 0.7930089258917866 0.4443819064400616 0.6198000194435815 
428 -1 4.972857792345744 4.176790265573031 3.269561116758272 1.4167123877377814 1.3025624914321459 1.4078090760702326 1.6416908319516834 
429 1 -0.3291500978961096 -0.30720340774310917 -0.22498193614476752 -0.5083345572215343 -0.5172716712119946 0.4443819064400616 -0.3711244048066989 
430 -1 1.2013264065036007 0.9117463286923463 0.9892237008808649 0.3061083810304839 1.2540335804283023 1.1325441704616124 1.0533294550530794 
431 1 -0.7664290991531697 -0.35073732690151826 -0.4915148808577112 1.2686318535101417 0.3805131823591148 -0.10614790477717902 -0.21629246351759257 
432 -1 -0.001190846953314559 0.1281357838409821 0.07116578020294767 0.5775893604478233 0.5988932818764117 0.9949117176573021 0.49593446641229655 
433 1 -0.9304087246245673 -1.1343478717528825 -1.113425085187913 -1.2487372283597327 -1.2452053362696507 -1.06957507440735 -1.1143177229944092 
434 1 -0.8757488494674347 -0.8296104376440187 -0.6988182823011119 -0.3355739339559547 0.2591909048495054 -0.10614790477717902 -1.0214185582209454 
435 1 -0.9850685997816997 -1.0908139525944733 -1.113425085187913 -1.2487372283597327 -1.2209408807677289 -1.06957507440735 -1.1143177229944092 
436 1 -0.9850685997816997 -1.0472800334360644 -1.0838103135531416 -1.2240571393217927 -1.196676425265807 -1.2072075272116602 -1.0523849464787667 
437 1 -0.8757488494674347 -0.8731443568024277 -1.0838103135531416 -1.1746969612459128 -1.1481475142619633 -1.06957507440735 -1.083351334736588 
438 -1 0.272108528832348 0.38933929879143686 0.545002126359292 0.10866766872696432 0.40477763786103665 0.857279264852992 0.5888336311857604 
439 1 -0.8210889743103021 -0.916678275960837 -1.0838103135531416 -1.2240571393217927 -1.172411969763885 -1.06957507440735 -1.1762504995100518 
440 1 -1.0397284749388322 -1.1343478717528825 -1.0838103135531416 -1.2487372283597327 -1.2209408807677289 -1.3448399800159703 -1.1143177229944092 
441 -1 0.05346902820381795 0.1281357838409821 0.07116578020294767 0.8243902508272227 0.5018354598687241 0.7196468120486819 0.31013613686536895 
442 1 -0.2744902227389771 0.25873754131620946 0.16001009510726225 1.169911497358382 0.9871245699071616 0.4443819064400616 0.7746319607326879 
443 -1 0.2174486536752155 0.3458053796330277 0.5746168979940636 0.700989805637523 -0.12904038318124456 0.4443819064400616 -0.3401580165488776 
444 1 -0.9850685997816997 -1.0472800334360644 -1.1430398568226847 -1.2734173173976726 -1.2209408807677289 -1.3448399800159703 -1.1452841112522305 
445 1 -0.9850685997816997 -0.7425425993272003 -0.817277368840198 0.7503499837134029 -0.15330483868316644 0.16911700083144127 -0.5569227343536265 
446 -1 1.5292856574463958 1.5647551160684832 1.7592077633849244 0.7503499837134029 1.3753558579379115 0.857279264852992 1.6416908319516834 
447 -1 3.169081912160371 2.6966370141871203 2.144199794636954 1.7128734561930608 1.4238847689417553 0.5820143592443717 1.270094172857828 
448 -1 0.709387530089408 0.5634749754250733 0.5153873547245205 -0.03941286550067534 0.3077198158533492 0.031484548027131125 0.4030353016388327 
449 -1 1.7479251580749258 1.477687277751665 1.3742157321328945 0.8490703398651627 0.720215559386021 0.7196468120486819 0.7126991842170454 
450 1 -0.9304087246245673 -1.1343478717528825 -1.0838103135531416 -1.2487372283597327 -1.2209408807677289 -1.2072075272116602 -1.1143177229944092 
451 1 -0.9850685997816997 -1.1778817909112917 -1.1726546284574562 -1.2734173173976726 -1.2452053362696507 -1.2072075272116602 -1.207216887767873 
452 -1 1.037346781032203 0.9988141670091646 1.0780680157851794 1.0465110521686822 1.3510914024359897 0.5820143592443717 1.270094172857828 
453 -1 0.2174486536752155 0.4764071371082551 0.48577258308974897 0.7503499837134029 1.1569757584206146 0.857279264852992 0.8055983489905092 
454 -1 0.3267684039894805 0.5199410562666642 0.4265430398202059 0.8984305179410426 0.28345536035142727 0.5820143592443717 0.09337141906062008 
455 1 -0.9304087246245673 -1.1343478717528825 -1.0838103135531416 -1.2734173173976726 -1.172411969763885 -1.3448399800159703 -1.1143177229944092 
456 1 -0.9850685997816997 -1.1343478717528825 -1.0838103135531416 -1.2734173173976726 -1.2209408807677289 -1.2072075272116602 -1.1143177229944092 
457 -1 0.16278877851808296 0.38933929879143686 0.2488544100115768 0.4295088262201836 0.5746288263744898 0.9949117176573021 0.6817327959592241 
458 -1 0.8187072804036731 0.8682124095339372 0.8411498427070072 0.8737504289031026 0.5746288263744898 0.9949117176573021 1.0533294550530794 
