id label data 
0 -1 0.5590865016789242 0.6157227266265862 0.8901965560284177 0.7307685828837239 1.160985884804992 1.3779648743729356 1.1458666276524592 
1 -1 1.3104725106425088 1.3486408048278704 1.4188890427295398 1.0772918896024368 1.0394027835015014 0.692276138537642 0.9605098173870391 
2 1 -0.9436855162482453 -0.8932262579054694 -0.9308553426087807 -1.0761029450067083 -1.149093039961332 -0.9533768274670626 -1.1402006989543896 
3 1 -0.836344657824876 -1.1519032266823932 -1.1658297811426128 -1.2741162631316871 -1.2220429007434264 -1.2276523218011801 -1.1402006989543896 
4 -1 1.9008472319710397 1.6935434298637688 1.5363762619964558 1.2010502134305487 1.6959515305403516 0.8294138857047006 1.8255082652923333 
5 -1 0.5590865016789242 0.4001585859791497 0.4202476789607536 0.45850027046187797 0.8448698214159163 0.8294138857047006 0.8987242139652324 
6 -1 1.4714837982775626 1.2624151485688957 1.1545427993789787 0.8297752419462133 0.8935030619373125 1.1036893800388181 0.9605098173870391 
7 1 -0.9436855162482453 -1.108790398552906 -1.1364579763258837 -1.2741162631316871 -1.1977262804827282 -1.3647900689682388 -1.1093078972434862 
8 -1 -0.46065165334308367 -0.03096969531572335 -0.07907300292363952 1.0525402248368145 0.7719199606338218 0.5551383913705833 0.5897961968561987 
9 -1 0.23706392640881638 0.3139329297201751 0.27338865487710856 0.6317619238212345 0.309904175680557 0.006587402702348377 0.3426537831689718 
10 -1 0.290734355620501 0.5294970703676116 0.6258503126778566 0.2604869523368991 0.6017036188089347 1.2408271272058768 0.8060458088325223 
11 1 -0.6216629409781376 -0.33275949222213447 -0.5490218799913036 1.0772918896024368 0.5044371377661422 0.006587402702348377 -0.1825238459163854 
12 -1 1.0421203645840857 1.0899638360509465 0.8901965560284177 1.1267952191336816 1.306885606369181 0.9665516328717594 1.5165802481832997 
13 1 -0.9436855162482453 -1.1519032266823932 -1.1952015859593417 -1.2493645983660648 -1.2220429007434264 -1.2276523218011801 -1.1093078972434862 
14 1 -0.4069812241313991 0.05525596094325126 0.18527324042692153 1.2010502134305487 1.0880360240228977 0.006587402702348377 0.6515818002780054 
15 1 -0.7290037994015068 -0.5052108047400837 -0.6077654896247616 0.805023577180591 -0.27369471057619854 -0.6791013331329452 -0.028059837361868567 
16 -1 0.8811090769490318 0.8312868672740228 0.8608247512116887 0.3099902818681438 0.6017036188089347 0.8294138857047006 0.8060458088325223 
17 1 -0.836344657824876 -1.108790398552906 -1.1658297811426128 -1.2741162631316871 -1.2220429007434264 -1.2276523218011801 -1.2019863023761963 
18 1 -0.46065165334308367 -0.20342100783367256 -0.3727910510909296 1.6465801792117511 0.1640044541163681 0.28086289703646583 -0.27520225104909546 
19 1 -0.8900150870365606 -0.8932262579054694 -0.9308553426087807 -1.0761029450067083 -1.027509938657841 0.8294138857047006 -0.9857366903998729 
20 1 -0.836344657824876 -0.8070006016464948 -0.9895989522422387 -1.19986126883482 -1.1004597994399357 0.28086289703646583 -1.0784150955325829 
21 1 -0.9436855162482453 -1.1950160548118807 -1.0777143666924258 -1.2741162631316871 -1.2220429007434264 -1.3647900689682388 -1.171093500665293 
22 1 -0.9436855162482453 -1.0656775704234187 -1.1658297811426128 -1.2741162631316871 -1.2220429007434264 -1.2276523218011801 -1.1402006989543896 
23 1 -1.1046968038832992 -1.1519032266823932 -1.0777143666924258 -1.2246129336004423 -1.2220429007434264 -1.2276523218011801 -1.1093078972434862 
24 1 -0.836344657824876 -1.108790398552906 -1.1364579763258837 -1.19986126883482 -1.2220429007434264 -1.2276523218011801 -1.1402006989543896 
25 -1 0.7200977893139779 0.6157227266265862 0.8020811415782306 0.4832519352275003 0.7476033403731237 0.8294138857047006 0.8060458088325223 
26 1 -0.9973559454599299 -1.1519032266823932 -1.1070861715091547 -1.2741162631316871 -1.2220429007434264 -1.2276523218011801 -1.171093500665293 
27 -1 0.5590865016789242 0.87439969540351 0.8608247512116887 1.0772918896024368 0.6017036188089347 0.5551383913705833 0.7751530071216189 
28 -1 0.39807521404387025 0.443271414108637 0.7727093367615017 0.8545269067118357 0.6260202390696329 0.692276138537642 0.6824746019889089 
29 -1 0.39807521404387025 0.5294970703676116 0.5083630934109407 0.3842452761650109 0.6989700998517273 0.9665516328717594 0.8987242139652324 
30 1 -0.836344657824876 -0.9794519141644441 -0.9014835377920517 -1.1503579393035752 -1.1977262804827282 -1.0905145746341214 -1.0784150955325829 
31 1 -0.9973559454599299 -1.0225647422939315 -1.1364579763258837 -1.2246129336004423 -1.1977262804827282 -0.9533768274670626 -1.1093078972434862 
32 1 -1.1046968038832992 -1.108790398552906 -1.1658297811426128 -1.3236195926629317 -1.2706761412648226 -1.3647900689682388 -1.2019863023761963 
33 -1 0.07605263877376252 0.4001585859791497 0.24401685006037954 0.6317619238212345 0.2126376946377644 1.1036893800388181 0.15729697290355163 
34 1 -0.836344657824876 -0.6345492891285456 -0.6958809040749486 1.0772918896024368 0.04242135281287737 -0.26768809163176904 -0.6150230698690324 
35 -1 1.5251542274892473 1.5642049454753069 1.6244916764466428 0.7307685828837239 1.598685049497559 1.652240368707053 1.70193705844872 
36 -1 0.8811090769490318 0.7019483828855608 0.7727093367615017 0.21098362280565439 0.5773869985482366 1.2408271272058768 1.2694378344960726 
37 -1 1.7935063735476704 1.8228819142522308 1.771350700530288 1.4238151963211498 1.3798354671512756 0.692276138537642 1.1458666276524592 
38 -1 0.7737682185256626 1.003738179791972 0.9783119704786047 1.2753052077274158 1.1853025050656902 0.692276138537642 1.207652231074266 
39 -1 0.39807521404387025 0.443271414108637 0.5377348982276696 0.879278571477458 0.8448698214159163 -0.26768809163176904 0.8987242139652324 
40 1 -0.9973559454599299 -0.6776621172580329 -0.7252527088916777 0.3842452761650109 -0.17642822953340595 -0.9533768274670626 -0.49145186302541904 
41 -1 0.290734355620501 0.4863842422381243 0.4496194837774826 0.7307685828837239 1.160985884804992 0.8294138857047006 1.053188222519749 
42 -1 0.8811090769490318 0.7881740391445354 0.8608247512116887 0.9040302362430804 0.8448698214159163 0.8294138857047006 0.8060458088325223 
43 -1 0.7200977893139779 0.8312868672740228 0.6845939223113147 1.00303689530557 0.9421363024587088 0.006587402702348377 0.6515818002780054 
44 1 -0.7826742286131915 -0.6776621172580329 -0.9014835377920517 -1.125606274537953 -1.1247764197006338 -0.9533768274670626 -0.9857366903998729 
45 -1 0.7737682185256626 1.003738179791972 1.0370555801120627 0.3594936113993885 0.5287537580268403 -0.13055034446471034 0.6515818002780054 
46 -1 -0.2996403657080298 -0.20342100783367256 -0.22593202700728454 1.151546883899304 0.5287537580268403 0.5551383913705833 0.15729697290355163 
47 1 0.8811090769490318 1.0468510079214592 1.0664273849287917 1.151546883899304 1.4041520874119737 0.006587402702348377 1.454794644761493 
48 -1 0.4517456432555549 0.7019483828855608 0.6845939223113147 0.879278571477458 1.2825689861084828 0.8294138857047006 0.9605098173870391 
49 1 -0.8900150870365606 -1.0225647422939315 -1.1070861715091547 -1.2493645983660648 -1.2463595210041245 -1.2276523218011801 -1.1093078972434862 
50 -1 0.7737682185256626 0.8312868672740228 0.8901965560284177 0.45850027046187797 0.9178196821980107 0.8294138857047006 1.1767594293633625 
51 -1 0.7737682185256626 0.7881740391445354 0.7727093367615017 0.18623195804003204 0.48012051750544404 0.9665516328717594 0.7751530071216189 
52 1 -0.9436855162482453 -1.1950160548118807 -1.1952015859593417 -1.2493645983660648 -1.2220429007434264 -1.3647900689682388 -1.2019863023761963 
53 -1 0.5590865016789242 0.6157227266265862 0.5083630934109407 0.6565135885868568 0.8935030619373125 0.9665516328717594 0.5280105934343919 
54 1 0.8811090769490318 2.297123023676591 2.182555967964494 0.6565135885868568 1.768901391322446 -0.26768809163176904 2.1962218858231735 
55 -1 1.0957907937957703 1.0899638360509465 0.8314529463949597 1.1762985486649264 1.136669264544294 1.5151026215399943 0.8369386105434257 
56 1 -0.9436855162482453 -1.1950160548118807 -1.0777143666924258 -1.3236195926629317 -1.2706761412648226 -1.2276523218011801 -1.171093500665293 
57 -1 0.5054160724672395 0.7881740391445354 0.8608247512116887 0.5822585942899897 0.8205532011552181 0.1437251498694071 1.053188222519749 
58 1 -0.6753333701898222 -0.8501134297759821 -0.9602271474255097 -1.1503579393035752 -1.2220429007434264 -1.0905145746341214 -1.0784150955325829 
59 -1 0.9347795061607165 0.18459444533171318 1.301401823462624 0.6812652533524792 0.6260202390696329 0.1437251498694071 0.6824746019889089 
60 1 -0.8900150870365606 -1.108790398552906 -1.1364579763258837 -1.2741162631316871 -1.2463595210041245 -1.2276523218011801 -1.1093078972434862 
61 -1 -0.6216629409781376 -0.37587232035162177 -0.3140474414574716 0.6565135885868568 0.5773869985482366 -0.13055034446471034 0.5280105934343919 
62 1 -0.7826742286131915 -0.548323632869571 -0.6371372944414907 0.5822585942899897 0.3828540364626514 0.006587402702348377 -0.12073824249457867 
63 -1 0.12972306798544714 0.3139329297201751 0.21464504524365055 1.00303689530557 0.1640044541163681 -0.13055034446471034 -0.24430944933819213 
64 1 -1.2120376623066684 -0.8932262579054694 -0.8427399281585937 0.11197696374316496 -0.7357104955294633 -0.5419635859658865 -0.8621654835562594 
65 -1 0.9884499353724011 0.9606253516624846 0.9195683608451467 0.5575069295243674 0.6989700998517273 1.1036893800388181 0.8369386105434257 
66 1 -0.4069812241313991 -0.16030817970418526 -0.2846756366407426 0.532755264758745 -0.20074484979410412 -0.6791013331329452 -0.5223446647363224 
67 1 -0.8900150870365606 -0.4620979766105964 -0.6371372944414907 1.3743118667899052 0.5044371377661422 0.41800064420352456 0.0028329643490347957 
68 1 -0.9973559454599299 -0.8070006016464948 -0.7839963185251356 -0.5810696496942611 -0.4439110524010856 0.5551383913705833 -0.4605590613145157 
69 -1 0.39807521404387025 0.6157227266265862 0.4496194837774826 0.5822585942899897 0.6989700998517273 0.8294138857047006 0.620688998567102 
70 -1 1.0421203645840857 1.003738179791972 1.1545427993789787 0.6565135885868568 0.6260202390696329 0.8294138857047006 0.7442602054107156 
71 1 -0.35331079491971445 -0.11719535157469796 -0.16718841737382653 1.0277885600711922 0.4558038972447459 0.41800064420352456 0.09551136948174489 
72 -1 -0.03128821964960672 0.22770727346120048 1.653863481263372 1.151546883899304 0.8691864416766144 0.692276138537642 0.9296170156761357 
73 1 -0.9436855162482453 -1.1950160548118807 -1.1658297811426128 -1.2493645983660648 -1.2220429007434264 -1.2276523218011801 -1.2328791040870997 
74 1 -1.0510263746716144 -1.1950160548118807 -1.0777143666924258 -1.2741162631316871 -1.2706761412648226 -1.2276523218011801 -1.2019863023761963 
75 -1 0.3444047848321856 0.22770727346120048 0.21464504524365055 0.21098362280565439 0.5044371377661422 0.41800064420352456 0.6515818002780054 
76 1 -0.9973559454599299 -1.0656775704234187 -1.0777143666924258 -1.2246129336004423 -1.1977262804827282 -1.0905145746341214 -1.1402006989543896 
77 1 -0.8900150870365606 -1.0656775704234187 -1.0777143666924258 -1.2741162631316871 -1.1977262804827282 -1.2276523218011801 -1.171093500665293 
78 -1 0.39807521404387025 0.4001585859791497 0.4496194837774826 0.3099902818681438 0.40717065672334957 0.8294138857047006 0.4353321883016819 
79 -1 1.149461223007455 1.003738179791972 1.1251709945622497 0.6317619238212345 1.5500518089761626 1.5151026215399943 1.454794644761493 
80 1 -0.8900150870365606 -1.0225647422939315 -1.1070861715091547 -1.2741162631316871 -1.1977262804827282 -1.3647900689682388 -1.2019863023761963 
81 1 -0.9436855162482453 -0.9794519141644441 -1.0777143666924258 -1.2741162631316871 -1.2220429007434264 -1.2276523218011801 -1.0784150955325829 
82 1 -1.0510263746716144 -1.0656775704234187 -1.1364579763258837 -1.2741162631316871 -1.2220429007434264 -1.2276523218011801 -1.1402006989543896 
83 -1 1.5788246567009319 1.6504306017342816 1.4188890427295398 0.9535335657743251 1.0880360240228977 1.5151026215399943 1.4239018430505896 
84 -1 0.39807521404387025 0.443271414108637 0.7139657271280436 0.1367286285087873 0.48012051750544404 0.692276138537642 0.6515818002780054 
85 1 -0.836344657824876 -1.0656775704234187 -1.1070861715091547 -1.2741162631316871 -1.2220429007434264 -1.2276523218011801 -1.0784150955325829 
86 1 -0.8900150870365606 -1.1519032266823932 -1.1364579763258837 -1.2741162631316871 -1.2463595210041245 -1.2276523218011801 -1.1402006989543896 
87 1 -0.836344657824876 -0.41898514848110907 -0.6665090992582197 0.9040302362430804 -0.20074484979410412 0.28086289703646583 -0.6459158715799358 
88 1 -0.8900150870365606 -1.108790398552906 -1.1364579763258837 -1.2741162631316871 -1.2463595210041245 -1.2276523218011801 -1.1402006989543896 
89 -1 -0.24596993649634522 0.012143132813763956 0.5964785078611277 0.5080035999931227 0.4314872769840477 0.5551383913705833 0.5897961968561987 
90 1 -0.8900150870365606 -1.1519032266823932 -1.1364579763258837 -1.2741162631316871 -1.2220429007434264 -1.2276523218011801 -1.171093500665293 
91 -1 0.12972306798544714 0.3570457578496624 0.21464504524365055 1.2753052077274158 0.7719199606338218 0.692276138537642 0.5589033951452953 
92 -1 0.39807521404387025 0.443271414108637 0.4202476789607536 1.349560202024283 1.306885606369181 0.8294138857047006 0.9296170156761357 
93 1 -0.836344657824876 -1.0656775704234187 -1.0777143666924258 -1.2493645983660648 -1.1977262804827282 -1.2276523218011801 -1.1093078972434862 
94 -1 0.8811090769490318 0.7019483828855608 0.7433375319447727 0.0872252989775426 0.40717065672334957 0.692276138537642 0.5897961968561987 
95 -1 0.5054160724672395 0.27082010159068776 0.3908758741440246 0.21098362280565439 0.2126376946377644 0.8294138857047006 0.3735465848798752 
96 1 -0.9436855162482453 -1.108790398552906 -1.0777143666924258 -1.2741162631316871 -1.2220429007434264 -1.2276523218011801 -1.171093500665293 
97 -1 2.008188090394409 1.7797690861227435 1.859466114980475 0.7555202476493462 0.9421363024587088 1.652240368707053 1.1767594293633625 
98 -1 2.3302106656645165 1.8228819142522308 1.771350700530288 0.6812652533524792 0.8935030619373125 0.006587402702348377 1.1767594293633625 
99 1 -0.5679925117664529 -0.37587232035162177 -0.34341924627420056 0.6070102590556121 0.18832107437706624 -0.13055034446471034 -0.028059837361868567 
100 1 -0.9436855162482453 -1.108790398552906 -1.0189707570589677 -1.2741162631316871 -1.2220429007434264 -1.3647900689682388 -1.1093078972434862 
101 1 -0.6216629409781376 -0.6776621172580329 -0.6665090992582197 -1.1008546097723306 -1.17340966022203 -0.9533768274670626 -1.0784150955325829 
102 -1 0.23706392640881638 0.3570457578496624 0.7139657271280436 0.3594936113993885 0.650336859330331 0.8294138857047006 0.8987242139652324 
103 1 -0.9436855162482453 -1.1519032266823932 -1.0777143666924258 -1.2493645983660648 -1.17340966022203 -1.3647900689682388 -1.1093078972434862 
104 1 -0.9973559454599299 -1.108790398552906 -1.1070861715091547 -1.2246129336004423 -1.2463595210041245 -1.3647900689682388 -1.1093078972434862 
105 1 -0.9436855162482453 -0.9794519141644441 -1.0483425618756967 -1.2741162631316871 -1.2463595210041245 -1.2276523218011801 -1.1093078972434862 
106 1 -0.7290037994015068 -0.5052108047400837 -0.6665090992582197 1.3990635315555275 0.309904175680557 0.5551383913705833 -0.3678806561818056 
107 1 -0.836344657824876 -1.0656775704234187 -1.1364579763258837 -1.2741162631316871 -1.2220429007434264 -1.2276523218011801 -1.2019863023761963 
108 1 -0.8900150870365606 -1.1519032266823932 -1.1070861715091547 -1.3236195926629317 -1.2463595210041245 -1.2276523218011801 -1.2019863023761963 
109 1 -0.8900150870365606 -0.6776621172580329 -0.7546245137084067 0.4337486056962556 -0.3223279510975948 -0.26768809163176904 -0.738594276712646 
110 1 -0.9436855162482453 -1.0656775704234187 -1.1070861715091547 -1.2493645983660648 -1.1977262804827282 -1.0905145746341214 -1.1402006989543896 
111 1 -0.8900150870365606 -1.0225647422939315 -1.1364579763258837 -1.2493645983660648 -1.1977262804827282 -1.2276523218011801 -1.2019863023761963 
112 -1 0.39807521404387025 0.3570457578496624 0.36150406932729556 0.11197696374316496 0.309904175680557 1.3779648743729356 0.3735465848798752 
113 -1 3.9403235420150553 3.3318308987842866 2.681876649848887 1.2010502134305487 1.1123526442835958 1.5151026215399943 1.1458666276524592 
114 -1 0.9347795061607165 0.7450612110150482 0.8314529463949597 0.1367286285087873 0.2612709351591607 0.8294138857047006 0.46622499001258527 
115 -1 0.5590865016789242 0.5726098984970989 0.4496194837774826 0.7307685828837239 0.5044371377661422 0.8294138857047006 0.3117609814580684 
116 -1 -0.03128821964960672 0.05525596094325126 -0.02032939329018151 0.9040302362430804 0.5773869985482366 0.5551383913705833 0.188189774614455 
117 1 -0.7826742286131915 -0.9363390860349567 -1.1070861715091547 -1.2493645983660648 -1.2220429007434264 -1.0905145746341214 -1.0784150955325829 
118 -1 0.12972306798544714 0.3570457578496624 0.27338865487710856 0.2604869523368991 0.650336859330331 1.3779648743729356 0.5897961968561987 
119 1 -0.7290037994015068 -0.7638877735170075 -0.9014835377920517 -1.1751096040691977 -1.17340966022203 -0.9533768274670626 -1.171093500665293 
120 1 -0.8900150870365606 -1.108790398552906 -1.0483425618756967 -1.2246129336004423 -1.1977262804827282 -1.2276523218011801 -1.171093500665293 
121 -1 1.149461223007455 0.87439969540351 1.0664273849287917 0.5575069295243674 0.7232867201124255 0.8294138857047006 1.1149738259415558 
122 -1 1.0957907937957703 1.2624151485688957 1.4188890427295398 0.40899694093063327 0.650336859330331 2.0636536102082292 0.9296170156761357 
123 -1 -0.6216629409781376 -0.11719535157469796 -0.19656022219055555 1.2010502134305487 0.6260202390696329 0.41800064420352456 0.15729697290355163 
124 -1 1.0957907937957703 1.0468510079214592 1.1839146041957078 0.7307685828837239 1.2339357455870865 0.8294138857047006 1.2385450327851693 
125 1 -0.5679925117664529 -0.11719535157469796 -0.22593202700728454 1.0772918896024368 0.5044371377661422 -0.13055034446471034 -0.08984544078367529 
126 -1 -0.08495864886129134 0.14148161720222588 0.06778602116000551 1.1267952191336816 0.6746534795910292 0.5551383913705833 0.5280105934343919 
127 1 -0.8900150870365606 -1.0656775704234187 -1.1070861715091547 -1.2246129336004423 -1.2220429007434264 -1.0905145746341214 -1.171093500665293 
128 1 -0.8900150870365606 -1.0656775704234187 -1.0777143666924258 -1.2741162631316871 -1.2220429007434264 -1.2276523218011801 -1.171093500665293 
129 1 -0.9436855162482453 -0.7207749453875202 -0.7839963185251356 0.9782852305399475 -0.006211887708518923 -0.4048258387988278 -0.6459158715799358 
130 -1 0.18339349719713177 0.443271414108637 0.4202476789607536 0.9287819010087027 0.6260202390696329 0.41800064420352456 0.4353321883016819 
131 1 -0.8900150870365606 -1.108790398552906 -1.0777143666924258 -1.2741162631316871 -1.2463595210041245 -1.2276523218011801 -1.1093078972434862 
132 -1 1.7398359443359859 1.6073177736047943 1.5363762619964558 0.8545269067118357 1.4284687076726719 0.8294138857047006 1.547473049894203 
133 1 -0.7826742286131915 -1.0656775704234187 -1.1070861715091547 -1.2741162631316871 -1.2220429007434264 -1.2276523218011801 -1.1402006989543896 
134 1 -0.8900150870365606 -0.5052108047400837 -0.6371372944414907 1.00303689530557 -0.03052850796921707 -0.4048258387988278 -0.3060950527599988 
135 1 -0.9973559454599299 -1.0656775704234187 -1.1070861715091547 -1.2741162631316871 -1.2220429007434264 -1.3647900689682388 -1.0475222938216795 
136 -1 0.5054160724672395 0.18459444533171318 0.36150406932729556 0.21098362280565439 -0.006211887708518923 0.28086289703646583 0.0028329643490347957 
137 -1 -0.2996403657080298 0.14148161720222588 0.009042411526547499 1.7950901678054854 0.48012051750544404 0.28086289703646583 0.09551136948174489 
138 -1 0.5054160724672395 0.5294970703676116 0.4496194837774826 0.18623195804003204 0.4314872769840477 1.1036893800388181 0.5280105934343919 
139 -1 0.12972306798544714 0.3139329297201751 0.27338865487710856 0.8545269067118357 0.3828540364626514 0.8294138857047006 0.28086817974716505 
140 1 -0.836344657824876 -1.1519032266823932 -1.0777143666924258 -1.3236195926629317 -1.2220429007434264 -1.5019278161352976 -1.171093500665293 
141 1 -0.9436855162482453 -1.1950160548118807 -1.1070861715091547 -1.2493645983660648 -1.2706761412648226 -1.2276523218011801 -1.2019863023761963 
142 -1 0.7200977893139779 0.9606253516624846 1.1839146041957078 0.45850027046187797 0.7232867201124255 0.692276138537642 0.8369386105434257 
143 1 -0.9436855162482453 -1.0225647422939315 -1.0777143666924258 -1.2493645983660648 -1.1977262804827282 -1.3647900689682388 -1.0784150955325829 
144 -1 1.0421203645840857 0.9175125235329974 0.9195683608451467 0.4832519352275003 0.6017036188089347 0.5551383913705833 0.8369386105434257 
145 -1 -0.35331079491971445 -0.07408252344521066 0.038414216343276505 0.6070102590556121 0.48012051750544404 0.8294138857047006 0.3426537831689718 
146 1 0.0223822095620779 0.012143132813763956 -0.22593202700728454 -0.7048279735223728 -1.0761431791792375 -1.2276523218011801 -0.9857366903998729 
147 -1 -0.03128821964960672 0.14148161720222588 0.09715782597673452 0.8545269067118357 0.79623658089452 0.692276138537642 0.5280105934343919 
148 -1 0.7200977893139779 1.0468510079214592 1.1251709945622497 1.3990635315555275 1.2096191253263884 0.1437251498694071 1.300330636206976 
149 -1 0.6127569308906088 0.6157227266265862 0.6845939223113147 0.18623195804003204 0.48012051750544404 1.7893781158741118 0.620688998567102 
150 -1 0.5054160724672395 0.4863842422381243 0.5377348982276696 0.40899694093063327 1.0150861632408033 0.692276138537642 1.2385450327851693 
151 1 -0.7826742286131915 -0.5052108047400837 -0.4902782703578456 0.28523861710252146 -0.27369471057619854 -0.9533768274670626 -0.5841302681581291 
152 -1 0.18339349719713177 0.443271414108637 0.33213226451056654 1.0277885600711922 0.9178196821980107 0.8294138857047006 0.8369386105434257 
153 1 -0.7826742286131915 -1.1519032266823932 -1.1364579763258837 -1.2741162631316871 -1.2463595210041245 -1.3647900689682388 -1.2019863023761963 
154 1 -0.9973559454599299 -1.238128882941368 -1.1952015859593417 -1.2988679278973094 -1.2220429007434264 -1.2276523218011801 -1.1402006989543896 
155 1 -1.0510263746716144 -1.1519032266823932 -1.1364579763258837 -1.2493645983660648 -1.2463595210041245 -1.2276523218011801 -1.1402006989543896 
156 -1 0.4517456432555549 0.4863842422381243 0.8608247512116887 0.3842452761650109 0.4314872769840477 0.8294138857047006 0.5897961968561987 
157 -1 -0.08495864886129134 0.09836878907273856 0.09715782597673452 0.7307685828837239 0.8935030619373125 0.41800064420352456 0.620688998567102 
158 1 -0.8900150870365606 -0.9794519141644441 -1.0189707570589677 -1.2246129336004423 -1.2220429007434264 -1.0905145746341214 -1.1402006989543896 
159 1 -0.9436855162482453 -1.0656775704234187 -1.0777143666924258 -1.2493645983660648 -1.2463595210041245 -1.2276523218011801 -1.2019863023761963 
160 -1 0.07605263877376252 0.18459444533171318 0.24401685006037954 0.03772196944629788 0.1640044541163681 0.5551383913705833 -0.151631044205482 
161 -1 0.8811090769490318 0.8312868672740228 0.8901965560284177 0.21098362280565439 0.2612709351591607 1.9265158630411705 0.46622499001258527 
162 -1 -0.13862907807297598 0.05525596094325126 -0.02032939329018151 0.9782852305399475 0.5530703782875385 0.8294138857047006 0.21908257632535835 
163 -1 0.9347795061607165 1.003738179791972 1.1839146041957078 0.3594936113993885 0.6989700998517273 1.5151026215399943 0.6824746019889089 
164 -1 0.07605263877376252 0.012143132813763956 0.06778602116000551 0.3099902818681438 0.09105459333427367 0.9665516328717594 -0.028059837361868567 
165 1 -0.7826742286131915 -1.1519032266823932 -1.1070861715091547 -1.2493645983660648 -1.2463595210041245 -1.2276523218011801 -1.171093500665293 
166 -1 3.9403235420150553 3.2024924143958247 2.5937612353987003 1.1762985486649264 0.9907695429801051 1.9265158630411705 1.1458666276524592 
167 -1 0.8274386477373472 0.9606253516624846 0.8608247512116887 0.3842452761650109 1.0394027835015014 1.1036893800388181 1.3930090413396863 
168 1 -0.35331079491971445 0.14148161720222588 0.009042411526547499 0.7060169181181015 0.18832107437706624 0.692276138537642 -0.028059837361868567 
169 -1 2.276540236452832 2.2108973674176164 2.123812358331036 1.1020435543680593 1.5500518089761626 0.9665516328717594 1.8564010670032367 
170 1 0.39807521404387025 0.3570457578496624 0.33213226451056654 0.03772196944629788 0.09105459333427367 0.8294138857047006 -0.08984544078367529 
171 -1 0.9347795061607165 1.0468510079214592 1.5363762619964558 0.8297752419462133 2.474083378882692 -0.4048258387988278 2.906756325173951 
172 -1 0.290734355620501 0.4001585859791497 0.21464504524365055 0.18623195804003204 0.5044371377661422 0.41800064420352456 0.620688998567102 
173 1 -0.9436855162482453 -1.108790398552906 -1.1070861715091547 -1.2741162631316871 -1.2220429007434264 -1.0905145746341214 -1.0784150955325829 
174 -1 1.5788246567009319 1.3055279766983832 1.2426582138291657 0.5080035999931227 1.136669264544294 0.9665516328717594 1.3930090413396863 
175 1 -0.8900150870365606 -1.108790398552906 -1.0483425618756967 -1.2246129336004423 -1.2220429007434264 -1.3647900689682388 -1.1402006989543896 
176 1 -0.9436855162482453 -1.0656775704234187 -1.0483425618756967 -1.2246129336004423 -1.17340966022203 -1.2276523218011801 -1.1402006989543896 
177 -1 0.6127569308906088 0.5726098984970989 0.6552221174945856 0.805023577180591 0.6260202390696329 0.41800064420352456 0.3117609814580684 
178 1 1.3641429398541933 1.4779792892163324 1.653863481263372 0.5822585942899897 1.939117733147333 -0.8162390803000039 2.07265067897956 
179 1 -0.836344657824876 -0.9794519141644441 -1.1070861715091547 -1.1751096040691977 -1.2220429007434264 -1.0905145746341214 -1.1093078972434862 
180 1 -0.9436855162482453 -0.7207749453875202 -0.8427399281585937 0.11197696374316496 -0.5168609131831801 0.9665516328717594 -0.8003798801344527 
181 1 -0.9436855162482453 -1.0656775704234187 -1.0777143666924258 -1.2493645983660648 -1.2463595210041245 -1.2276523218011801 -1.1093078972434862 
182 -1 0.8811090769490318 0.7450612110150482 0.8020811415782306 0.18623195804003204 0.4558038972447459 0.692276138537642 0.6824746019889089 
183 1 -1.0510263746716144 -1.238128882941368 -1.1070861715091547 -1.2741162631316871 -1.2220429007434264 -1.2276523218011801 -1.2019863023761963 
184 -1 2.276540236452832 2.0815588830291545 1.947581529430662 1.6713318439773734 2.2066005560150126 1.1036893800388181 1.9490794721359468 
185 1 -0.9973559454599299 -1.108790398552906 -1.1658297811426128 -1.2246129336004423 -1.2220429007434264 -1.2276523218011801 -1.0784150955325829 
186 1 -0.836344657824876 -1.0656775704234187 -1.0777143666924258 -1.2988679278973094 -1.2220429007434264 -1.2276523218011801 -1.1093078972434862 
187 -1 0.8811090769490318 0.7881740391445354 0.8901965560284177 0.5575069295243674 1.306885606369181 1.1036893800388181 1.207652231074266 
188 -1 0.0223822095620779 0.27082010159068776 0.3908758741440246 -0.23454634297554805 -0.22506147005480226 1.7893781158741118 -0.028059837361868567 
189 -1 0.8811090769490318 0.8312868672740228 0.8020811415782306 0.7060169181181015 0.7719199606338218 1.5151026215399943 0.9296170156761357 
190 1 -0.9973559454599299 -0.6776621172580329 -0.7839963185251356 0.4832519352275003 -0.006211887708518923 -0.13055034446471034 -0.6459158715799358 
191 -1 1.2568020814308243 1.2193023204394084 1.2720300186458948 0.9782852305399475 1.6230016697582572 1.1036893800388181 1.70193705844872 
192 -1 0.290734355620501 0.4001585859791497 0.4202476789607536 1.2505535429617933 0.9907695429801051 -0.26768809163176904 0.9605098173870391 
193 1 -0.9436855162482453 -1.1950160548118807 -1.1070861715091547 -1.2988679278973094 -1.2706761412648226 -1.2276523218011801 -1.2019863023761963 
194 -1 0.39807521404387025 0.4001585859791497 0.5671067030443986 0.21098362280565439 0.33422079594125514 1.1036893800388181 0.3117609814580684 
195 1 -1.1583672330949837 -1.1950160548118807 -1.2245733907760707 -1.2741162631316871 -1.2463595210041245 -1.3647900689682388 -1.1402006989543896 
196 1 -0.9436855162482453 -1.0656775704234187 -1.0483425618756967 -1.2741162631316871 -1.2220429007434264 -1.2276523218011801 -1.1402006989543896 
197 -1 -0.46065165334308367 -0.28964666409264717 -0.3727910510909296 1.1267952191336816 0.650336859330331 0.8294138857047006 0.15729697290355163 
198 1 -0.9973559454599299 -1.108790398552906 -1.0777143666924258 -1.2246129336004423 -1.1977262804827282 -1.2276523218011801 -1.2019863023761963 
199 1 -0.7826742286131915 -0.6776621172580329 -0.6958809040749486 -0.9275929564129741 -0.7600271157901615 0.41800064420352456 -0.8003798801344527 
200 1 -0.46065165334308367 -0.548323632869571 -0.6958809040749486 -1.0513512802410858 -1.149093039961332 -0.9533768274670626 -1.0475222938216795 
201 1 -0.836344657824876 -1.1519032266823932 -1.0483425618756967 -1.2493645983660648 -1.2220429007434264 -1.3647900689682388 -1.171093500665293 
202 -1 0.290734355620501 0.4001585859791497 0.24401685006037954 0.5822585942899897 0.3828540364626514 1.3779648743729356 0.3735465848798752 
203 1 -0.9973559454599299 -1.0656775704234187 -1.1364579763258837 -1.2988679278973094 -1.2463595210041245 -1.2276523218011801 -1.1093078972434862 
204 1 0.9347795061607165 0.9606253516624846 0.9783119704786047 0.28523861710252146 1.2825689861084828 0.8294138857047006 1.300330636206976 
205 -1 0.9884499353724011 1.2193023204394084 1.2132864090124367 0.7060169181181015 0.9421363024587088 0.8294138857047006 1.1458666276524592 
206 -1 0.7200977893139779 0.5294970703676116 0.4789912885942116 0.45850027046187797 0.5773869985482366 1.1036893800388181 0.49711779172348863 
207 -1 0.6664273601022933 0.6588355547560735 0.8608247512116887 0.40899694093063327 0.966452922719407 0.9665516328717594 1.362116239628783 
208 -1 0.5054160724672395 0.5294970703676116 0.7139657271280436 0.23573528757127674 0.4314872769840477 1.3779648743729356 0.8369386105434257 
209 1 -0.9973559454599299 -1.1519032266823932 -1.2245733907760707 -1.3236195926629317 -1.2463595210041245 -1.2276523218011801 -1.2019863023761963 
210 -1 0.9884499353724011 0.9606253516624846 1.0370555801120627 0.21098362280565439 0.5044371377661422 2.0636536102082292 0.7133674036998122 
211 -1 0.6127569308906088 0.7881740391445354 0.8608247512116887 0.18623195804003204 -0.006211887708518923 1.2408271272058768 0.09551136948174489 
212 1 -0.9436855162482453 -1.108790398552906 -1.1658297811426128 -1.2988679278973094 -1.1977262804827282 -1.2276523218011801 -1.2328791040870997 
213 1 -0.6753333701898222 -0.8932262579054694 -0.9308553426087807 -1.1751096040691977 -1.1977262804827282 -1.2276523218011801 -1.1093078972434862 
214 -1 1.0421203645840857 1.1761894923099212 1.0664273849287917 0.7802719124149686 0.8935030619373125 0.692276138537642 1.2385450327851693 
215 1 -1.0510263746716144 -1.0656775704234187 -1.0483425618756967 -1.2741162631316871 -1.17340966022203 -1.2276523218011801 -1.1402006989543896 
216 1 -0.8900150870365606 -0.4620979766105964 -0.6077654896247616 1.349560202024283 0.13968783385566996 0.28086289703646583 -0.3678806561818056 
217 -1 -0.2996403657080298 0.09836878907273856 0.009042411526547499 0.9535335657743251 0.3585374162019533 0.28086289703646583 0.15729697290355163 
218 1 -0.836344657824876 -0.7638877735170075 -0.9895989522422387 -1.19986126883482 -1.149093039961332 -0.9533768274670626 -1.1402006989543896 
219 -1 0.23706392640881638 0.14148161720222588 0.06778602116000551 0.40899694093063327 0.4314872769840477 0.9665516328717594 0.3426537831689718 
220 -1 3.7793122543800015 2.9007026174894133 2.388158601681597 1.6465801792117511 1.0880360240228977 0.28086289703646583 0.9296170156761357 
221 -1 1.6861655151243011 1.6504306017342816 1.830094310163746 0.7060169181181015 1.0880360240228977 1.7893781158741118 1.547473049894203 
222 -1 0.5590865016789242 0.6588355547560735 1.1251709945622497 0.9287819010087027 0.8205532011552181 0.692276138537642 0.3426537831689718 
223 1 -0.9973559454599299 -1.238128882941368 -1.1952015859593417 -1.2741162631316871 -1.2220429007434264 -1.2276523218011801 -1.1093078972434862 
224 1 0.6127569308906088 0.5726098984970989 0.7139657271280436 0.23573528757127674 0.48012051750544404 0.692276138537642 0.7442602054107156 
225 -1 0.3444047848321856 0.6588355547560735 0.5964785078611277 0.8297752419462133 0.6989700998517273 0.8294138857047006 0.7442602054107156 
226 1 -1.0510263746716144 -1.0656775704234187 -1.1364579763258837 -1.2246129336004423 -1.2220429007434264 -1.2276523218011801 -1.1402006989543896 
227 1 -0.9973559454599299 -0.9794519141644441 -1.0483425618756967 -1.2493645983660648 -1.2220429007434264 -1.0905145746341214 -1.1093078972434862 
228 1 -0.836344657824876 -1.1519032266823932 -1.0777143666924258 -1.2493645983660648 -1.2463595210041245 -1.2276523218011801 -1.1402006989543896 
229 -1 1.3641429398541933 1.3055279766983832 2.065068748697578 0.9535335657743251 1.5014185684547663 0.9665516328717594 1.7328298601596233 
230 -1 -0.13862907807297598 0.09836878907273856 0.33213226451056654 0.5575069295243674 0.650336859330331 0.41800064420352456 0.6515818002780054 
231 -1 0.7737682185256626 0.7881740391445354 0.6552221174945856 0.3594936113993885 0.7476033403731237 1.7893781158741118 0.9914026190979425 
232 1 -0.8900150870365606 -1.108790398552906 -1.1070861715091547 -1.2741162631316871 -1.2220429007434264 -1.2276523218011801 -1.1402006989543896 
233 1 -0.9436855162482453 -1.0656775704234187 -1.1658297811426128 -1.2493645983660648 -1.2463595210041245 -1.2276523218011801 -1.1402006989543896 
234 -1 5.121072984672117 4.280313117633007 3.563030794350757 1.3990635315555275 0.9907695429801051 0.9665516328717594 1.2694378344960726 
235 -1 0.9347795061607165 1.0899638360509465 1.2132864090124367 0.805023577180591 1.306885606369181 0.8294138857047006 1.053188222519749 
236 -1 1.6861655151243011 1.5210921173458196 1.5363762619964558 0.6812652533524792 0.650336859330331 1.3779648743729356 0.8060458088325223 
237 1 -0.9436855162482453 -0.8932262579054694 -0.9308553426087807 -1.0761029450067083 -1.149093039961332 -0.9533768274670626 -1.1402006989543896 
238 1 -0.8900150870365606 -1.0225647422939315 -1.1070861715091547 -1.2493645983660648 -1.1977262804827282 -1.3647900689682388 -1.171093500665293 
239 1 -1.1046968038832992 -1.1519032266823932 -1.1364579763258837 -1.2741162631316871 -1.1977262804827282 -1.2276523218011801 -1.2019863023761963 
240 -1 0.23706392640881638 0.22770727346120048 0.33213226451056654 1.5970768496805063 1.1853025050656902 0.9665516328717594 1.0222954208088457 
241 -1 1.149461223007455 1.133076664180434 0.9783119704786047 0.7802719124149686 0.6746534795910292 0.8294138857047006 0.8369386105434257 
242 -1 0.39807521404387025 0.443271414108637 0.4789912885942116 0.28523861710252146 0.6746534795910292 0.006587402702348377 0.8060458088325223 
243 1 -1.0510263746716144 -1.0656775704234187 -1.0483425618756967 -1.2493645983660648 -1.2220429007434264 -1.2276523218011801 -1.171093500665293 
244 1 -0.8900150870365606 -0.8501134297759821 -1.0483425618756967 -1.1751096040691977 -1.1977262804827282 -0.5419635859658865 -1.0784150955325829 
245 1 -0.5679925117664529 -0.07408252344521066 -0.22593202700728454 1.3000568724930381 0.5530703782875385 0.28086289703646583 0.03372576605993816 
246 1 -0.836344657824876 -0.8501134297759821 -0.9602271474255097 -1.0761029450067083 -1.1247764197006338 0.5551383913705833 -1.0475222938216795 
247 1 -0.8900150870365606 -0.9363390860349567 -1.0777143666924258 -1.19986126883482 -1.1977262804827282 -0.4048258387988278 -1.1402006989543896 
248 -1 0.9884499353724011 0.9175125235329974 0.9783119704786047 0.45850027046187797 0.8205532011552181 1.1036893800388181 1.053188222519749 
249 1 -0.8900150870365606 -0.5914364609990583 -0.8133681233418647 1.2753052077274158 0.18832107437706624 -0.26768809163176904 -0.39877345789270896 
250 1 -1.0510263746716144 -1.0656775704234187 -1.0483425618756967 -1.2741162631316871 -1.2463595210041245 -1.3647900689682388 -1.171093500665293 
251 1 -0.8900150870365606 -1.0225647422939315 -1.0483425618756967 -1.2493645983660648 -1.2220429007434264 -1.2276523218011801 -1.0475222938216795 
252 -1 0.6664273601022933 0.7019483828855608 0.5671067030443986 0.40899694093063327 0.6989700998517273 0.692276138537642 0.9296170156761357 
253 1 -0.8900150870365606 -1.0225647422939315 -1.1070861715091547 -1.19986126883482 -1.2220429007434264 -0.9533768274670626 -1.1402006989543896 
254 1 -0.9436855162482453 -0.9794519141644441 -1.1070861715091547 -1.2246129336004423 -1.1977262804827282 -1.2276523218011801 -1.171093500665293 
255 1 -1.1583672330949837 -1.108790398552906 -0.9602271474255097 -0.9028412916473517 -0.8086603563115577 -1.2276523218011801 -0.9548438886889695 
256 1 -1.0510263746716144 -0.9363390860349567 -0.9895989522422387 -1.2246129336004423 -1.2220429007434264 -0.8162390803000039 -1.1093078972434862 
257 -1 1.9008472319710397 1.5642049454753069 1.5070044571797268 0.7060169181181015 1.136669264544294 1.1036893800388181 1.2694378344960726 
258 -1 0.12972306798544714 0.6157227266265862 0.5671067030443986 1.1762985486649264 1.1123526442835958 0.5551383913705833 1.1149738259415558 
259 -1 0.5590865016789242 0.5726098984970989 0.6258503126778566 0.012970304680675523 0.18832107437706624 1.3779648743729356 0.3735465848798752 
260 1 -0.9436855162482453 -1.1519032266823932 -1.0777143666924258 -1.2741162631316871 -1.2463595210041245 -1.2276523218011801 -1.0784150955325829 
261 -1 0.8811090769490318 1.0468510079214592 1.1251709945622497 0.33474194663376616 0.6017036188089347 1.9265158630411705 0.867831412254329 
262 -1 0.6664273601022933 0.7019483828855608 0.9195683608451467 0.16148029327440966 0.9178196821980107 1.2408271272058768 1.1458666276524592 
263 -1 0.12972306798544714 0.7450612110150482 0.8608247512116887 0.9040302362430804 0.3585374162019533 -0.13055034446471034 0.24997537803626171 
264 1 -0.7826742286131915 -1.108790398552906 -1.0483425618756967 -1.2741162631316871 -1.1977262804827282 -1.3647900689682388 -1.171093500665293 
265 -1 0.3444047848321856 0.27082010159068776 0.06778602116000551 0.879278571477458 0.3828540364626514 0.692276138537642 0.24997537803626171 
266 -1 0.3444047848321856 0.4863842422381243 0.3908758741440246 0.45850027046187797 0.2612709351591607 0.692276138537642 0.3117609814580684 
267 1 -0.8900150870365606 -1.0656775704234187 -1.1070861715091547 -1.2741162631316871 -1.2463595210041245 -1.3647900689682388 -1.171093500665293 
268 1 0.4517456432555549 0.3139329297201751 0.21464504524365055 -0.2097946782099257 1.4284687076726719 0.28086289703646583 1.4856874464723964 
269 1 0.5054160724672395 0.14148161720222588 0.038414216343276505 -0.5315663201630163 -0.6141273942259726 0.28086289703646583 -0.7077014750017426 
270 -1 1.2031316522191395 1.1761894923099212 1.1251709945622497 0.6070102590556121 0.79623658089452 0.692276138537642 0.867831412254329 
271 1 -0.8900150870365606 -0.9794519141644441 -0.9308553426087807 -1.1503579393035752 -1.0761431791792375 -0.9533768274670626 -1.1093078972434862 
272 1 -0.9973559454599299 -1.108790398552906 -1.1364579763258837 -1.2988679278973094 -1.2463595210041245 -1.2276523218011801 -1.171093500665293 
273 -1 0.07605263877376252 0.4863842422381243 0.27338865487710856 1.5970768496805063 1.0150861632408033 0.8294138857047006 0.5280105934343919 
274 1 -1.0510263746716144 -1.108790398552906 -1.0483425618756967 -1.2988679278973094 -1.2706761412648226 -1.2276523218011801 -1.1093078972434862 
275 1 -0.08495864886129134 0.22770727346120048 0.24401685006037954 1.225801878196171 0.6746534795910292 0.5551383913705833 0.4353321883016819 
276 -1 0.7200977893139779 0.7019483828855608 1.3307736282793527 0.7802719124149686 1.4771019481940681 0.9665516328717594 1.6710442567378165 
277 1 -0.9436855162482453 -1.108790398552906 -1.0777143666924258 -1.2493645983660648 -1.2463595210041245 -1.2276523218011801 -1.1402006989543896 
278 1 -0.9973559454599299 -0.6345492891285456 -0.6665090992582197 1.0525402248368145 0.2126376946377644 0.692276138537642 -0.3369878544709022 
279 1 -1.0510263746716144 -1.108790398552906 -1.1658297811426128 -1.2988679278973094 -1.2463595210041245 -1.2276523218011801 -1.171093500665293 
280 -1 -0.08495864886129134 0.18459444533171318 0.3027604596938376 0.3842452761650109 0.04242135281287737 0.8294138857047006 0.0028329643490347957 
281 1 -0.9973559454599299 -1.1519032266823932 -1.0777143666924258 -1.2988679278973094 -1.2463595210041245 -1.2276523218011801 -1.2019863023761963 
282 -1 0.6127569308906088 0.6157227266265862 0.7139657271280436 0.3842452761650109 0.09105459333427367 0.28086289703646583 0.0028329643490347957 
283 -1 0.5054160724672395 0.7450612110150482 0.6258503126778566 0.805023577180591 0.6989700998517273 1.7893781158741118 0.28086817974716505 
284 1 -0.35331079491971445 -0.16030817970418526 -0.16718841737382653 1.2505535429617933 0.18832107437706624 0.1437251498694071 -0.21341664762728876 
285 1 -0.5143220825547683 -0.5052108047400837 -0.5783936848080327 -0.9028412916473517 -1.0518265589185394 0.8294138857047006 -0.9857366903998729 
286 -1 0.23706392640881638 0.4001585859791497 0.7139657271280436 0.3099902818681438 0.7719199606338218 0.28086289703646583 0.9914026190979425 
287 -1 0.290734355620501 0.4001585859791497 0.5377348982276696 0.5080035999931227 0.5287537580268403 0.8294138857047006 0.5280105934343919 
288 1 -0.9436855162482453 -1.1519032266823932 -1.1070861715091547 -1.2741162631316871 -1.2220429007434264 -1.2276523218011801 -1.1402006989543896 
289 -1 0.7200977893139779 0.9606253516624846 1.0370555801120627 1.1267952191336816 0.3585374162019533 0.5551383913705833 0.188189774614455 
290 1 -0.19229950728466058 -0.07408252344521066 -0.07907300292363952 -0.5563179849286387 -0.12779498901200967 -1.2276523218011801 0.188189774614455 
291 -1 1.0421203645840857 1.003738179791972 0.8901965560284177 0.7555202476493462 1.160985884804992 0.692276138537642 1.207652231074266 
292 -1 2.2228698072411475 2.124671711158642 1.918209724613933 1.2753052077274158 1.8175346318438423 0.8294138857047006 1.9490794721359468 
293 -1 0.6127569308906088 0.7881740391445354 0.8314529463949597 0.9040302362430804 1.2825689861084828 0.692276138537642 0.867831412254329 
294 1 -0.836344657824876 -1.0656775704234187 -1.1658297811426128 -1.2741162631316871 -1.2463595210041245 -1.2276523218011801 -1.2019863023761963 
295 -1 0.23706392640881638 0.27082010159068776 0.18527324042692153 1.5475735201492617 0.6989700998517273 0.9665516328717594 0.15729697290355163 
296 1 -0.6753333701898222 -0.8932262579054694 -0.9602271474255097 -1.1503579393035752 -1.17340966022203 -1.0905145746341214 -1.1402006989543896 
297 1 -0.9973559454599299 -1.108790398552906 -1.1070861715091547 -1.2741162631316871 -1.2220429007434264 -1.3647900689682388 -1.1402006989543896 
298 1 -0.9436855162482453 -1.1950160548118807 -1.1070861715091547 -1.2741162631316871 -1.2463595210041245 -1.3647900689682388 -1.171093500665293 
299 -1 1.5788246567009319 1.434866461086845 0.6258503126778566 0.40899694093063327 1.2339357455870865 1.5151026215399943 1.547473049894203 
300 -1 0.0223822095620779 0.18459444533171318 0.27338865487710856 0.21098362280565439 0.5287537580268403 1.1036893800388181 0.6515818002780054 
301 -1 1.2031316522191395 0.87439969540351 0.8608247512116887 0.3099902818681438 0.7232867201124255 0.9665516328717594 0.8369386105434257 
302 -1 -0.35331079491971445 0.05525596094325126 -0.07907300292363952 0.9782852305399475 0.8935030619373125 0.692276138537642 0.24997537803626171 
303 1 -0.836344657824876 -1.238128882941368 -1.1364579763258837 -1.2741162631316871 -1.2463595210041245 -1.2276523218011801 -1.171093500665293 
304 -1 0.6664273601022933 0.6157227266265862 0.7139657271280436 0.06247363421192024 0.2612709351591607 0.8294138857047006 0.40443938659077855 
305 -1 1.149461223007455 1.2193023204394084 1.3307736282793527 0.4337486056962556 0.6746534795910292 0.8294138857047006 0.8369386105434257 
306 -1 0.8811090769490318 0.7881740391445354 0.8608247512116887 0.2604869523368991 0.48012051750544404 0.28086289703646583 0.6515818002780054 
307 -1 0.39807521404387025 0.4863842422381243 0.7727093367615017 0.6070102590556121 0.9178196821980107 0.692276138537642 0.8369386105434257 
308 -1 0.3444047848321856 0.5294970703676116 0.36150406932729556 1.225801878196171 1.2339357455870865 -0.13055034446471034 0.8987242139652324 
309 -1 0.3444047848321856 0.6157227266265862 0.5671067030443986 1.0525402248368145 0.9907695429801051 0.8294138857047006 0.5589033951452953 
310 1 -0.8900150870365606 -1.108790398552906 -1.1070861715091547 -1.2741162631316871 -1.2463595210041245 -1.2276523218011801 -1.1093078972434862 
311 1 -0.9973559454599299 -1.1950160548118807 -1.1070861715091547 -1.2741162631316871 -1.2220429007434264 -1.2276523218011801 -1.1402006989543896 
312 -1 0.3444047848321856 0.5294970703676116 0.5377348982276696 0.18623195804003204 0.309904175680557 1.1036893800388181 0.49711779172348863 
313 -1 1.5251542274892473 1.5642049454753069 1.4188890427295398 0.7802719124149686 1.136669264544294 0.8294138857047006 1.2694378344960726 
314 1 -0.8900150870365606 -1.108790398552906 -1.0483425618756967 -1.2493645983660648 -1.2220429007434264 -1.2276523218011801 -1.1402006989543896 
315 1 -0.8900150870365606 -0.37587232035162177 -0.3727910510909296 1.00303689530557 0.6260202390696329 0.28086289703646583 0.09551136948174489 
316 1 -0.9973559454599299 -1.1519032266823932 -1.0777143666924258 -1.2493645983660648 -1.2463595210041245 -1.2276523218011801 -1.1402006989543896 
317 1 -0.6216629409781376 -0.8932262579054694 -0.9308553426087807 -1.0265996154754635 -0.7113938752687652 -0.8162390803000039 -0.6459158715799358 
318 -1 -0.24596993649634522 -0.07408252344521066 -0.04970119810691052 0.7060169181181015 0.3828540364626514 -0.13055034446471034 0.40443938659077855 
319 1 -0.836344657824876 -0.5914364609990583 -0.7839963185251356 0.8297752419462133 -0.05484512822991522 -0.13055034446471034 -0.6150230698690324 
320 -1 0.23706392640881638 0.3139329297201751 0.3027604596938376 0.8297752419462133 0.6989700998517273 1.1036893800388181 0.5897961968561987 
321 -1 0.8811090769490318 0.9175125235329974 0.8608247512116887 0.3842452761650109 1.160985884804992 0.692276138537642 1.2385450327851693 
322 -1 0.6664273601022933 0.6588355547560735 0.6845939223113147 0.40899694093063327 0.5044371377661422 0.41800064420352456 0.4353321883016819 
323 -1 0.5054160724672395 0.7450612110150482 0.8314529463949597 1.151546883899304 0.8935030619373125 0.9665516328717594 0.7442602054107156 
324 -1 1.3104725106425088 1.3055279766983832 1.389517237912811 0.9287819010087027 0.9907695429801051 0.8294138857047006 1.1767594293633625 
325 1 0.12972306798544714 0.3139329297201751 0.24401685006037954 0.6317619238212345 0.3828540364626514 0.692276138537642 0.09551136948174489 
326 -1 -0.08495864886129134 0.012143132813763956 0.038414216343276505 0.9782852305399475 0.6746534795910292 0.5551383913705833 0.21908257632535835 
327 -1 0.7737682185256626 0.7019483828855608 0.7139657271280436 0.1367286285087873 0.40717065672334957 1.5151026215399943 0.6824746019889089 
328 -1 1.417813369065878 1.0899638360509465 1.0957991897455208 0.1367286285087873 0.6989700998517273 1.1036893800388181 1.0222954208088457 
329 1 -1.0510263746716144 -1.0225647422939315 -0.9895989522422387 -1.2246129336004423 -1.2220429007434264 -1.2276523218011801 -1.171093500665293 
330 1 -0.7826742286131915 -0.5052108047400837 -0.6371372944414907 1.3000568724930381 0.23695431489846255 -0.26768809163176904 -0.3678806561818056 
331 -1 0.9884499353724011 1.0468510079214592 1.1839146041957078 0.532755264758745 0.6989700998517273 0.5551383913705833 0.7133674036998122 
332 1 -0.9436855162482453 -1.1519032266823932 -1.0777143666924258 -1.2741162631316871 -1.2706761412648226 -1.3647900689682388 -1.2328791040870997 
333 -1 0.6664273601022933 0.7881740391445354 1.0957991897455208 0.8545269067118357 1.4041520874119737 0.9665516328717594 1.7637226618705266 
334 1 -0.7290037994015068 -0.5914364609990583 -0.6958809040749486 -1.0761029450067083 -1.1004597994399357 -0.8162390803000039 -1.0475222938216795 
335 -1 1.0957907937957703 1.0899638360509465 0.9783119704786047 0.7802719124149686 0.8935030619373125 0.8294138857047006 0.8060458088325223 
336 -1 0.7737682185256626 0.8312868672740228 0.7433375319447727 0.8297752419462133 0.5530703782875385 0.8294138857047006 0.46622499001258527 
337 -1 -0.5143220825547683 -0.20342100783367256 -0.2846756366407426 1.4733185258523946 0.5773869985482366 0.41800064420352456 0.0028329643490347957 
338 -1 1.6324950859126166 1.3917536329573577 1.5070044571797268 0.5822585942899897 1.2339357455870865 1.1036893800388181 1.4856874464723964 
339 1 -0.9973559454599299 -1.0225647422939315 -1.0777143666924258 -1.2741162631316871 -1.2463595210041245 -1.3647900689682388 -1.171093500665293 
340 -1 0.5590865016789242 0.5294970703676116 0.4202476789607536 0.4832519352275003 0.6746534795910292 0.9665516328717594 0.5589033951452953 
341 1 -0.9436855162482453 -1.0656775704234187 -1.0777143666924258 -1.2493645983660648 -1.2220429007434264 -1.2276523218011801 -1.171093500665293 
342 1 -0.9973559454599299 -0.8070006016464948 -0.8721117329753227 0.1367286285087873 -0.4682276726617837 -0.13055034446471034 -0.7077014750017426 
343 1 -1.0510263746716144 -1.0656775704234187 -1.1364579763258837 -1.2493645983660648 -1.2220429007434264 -1.2276523218011801 -1.1402006989543896 
344 1 -1.0510263746716144 -1.108790398552906 -1.0483425618756967 -1.2246129336004423 -1.1977262804827282 -1.5019278161352976 -1.171093500665293 
345 -1 0.39807521404387025 0.4001585859791497 0.4789912885942116 0.6812652533524792 0.79623658089452 0.8294138857047006 0.3735465848798752 
346 -1 0.23706392640881638 0.18459444533171318 0.7433375319447727 0.18623195804003204 0.018104732552179224 1.5151026215399943 0.0028329643490347957 
347 1 -0.5143220825547683 -0.37587232035162177 -0.3727910510909296 0.5080035999931227 0.09105459333427367 0.1437251498694071 -0.1825238459163854 
348 -1 1.2031316522191395 1.4779792892163324 1.301401823462624 1.3743118667899052 1.306885606369181 0.5551383913705833 1.2694378344960726 
349 -1 -0.19229950728466058 0.6588355547560735 0.7727093367615017 0.3594936113993885 0.3828540364626514 -0.4048258387988278 0.4353321883016819 
350 -1 0.7200977893139779 0.7450612110150482 0.4789912885942116 0.4832519352275003 0.48012051750544404 0.28086289703646583 0.3117609814580684 
351 -1 0.39807521404387025 0.6157227266265862 0.8608247512116887 0.2604869523368991 0.79623658089452 0.5551383913705833 1.0222954208088457 
352 1 -0.836344657824876 -1.1950160548118807 -1.1070861715091547 -1.2493645983660648 -1.2463595210041245 -1.0905145746341214 -1.1402006989543896 
353 1 -0.24596993649634522 -0.03096969531572335 -0.16718841737382653 1.572325184914884 0.8205532011552181 0.692276138537642 0.188189774614455 
354 -1 -0.03128821964960672 0.3139329297201751 0.27338865487710856 0.9040302362430804 0.8691864416766144 0.41800064420352456 0.6824746019889089 
355 -1 0.5590865016789242 0.7019483828855608 0.6845939223113147 0.40899694093063327 0.6017036188089347 0.9665516328717594 0.7751530071216189 
356 -1 0.07605263877376252 0.14148161720222588 0.06778602116000551 1.349560202024283 0.28558755541985886 0.41800064420352456 -0.27520225104909546 
357 -1 0.9347795061607165 0.87439969540351 0.8901965560284177 1.498070190618017 2.2309171762757107 0.28086289703646583 2.597828308064917 
358 1 -1.0510263746716144 -1.1950160548118807 -1.0483425618756967 -1.2741162631316871 -1.2463595210041245 -1.2276523218011801 -1.1402006989543896 
359 -1 0.6127569308906088 0.6157227266265862 0.8901965560284177 0.805023577180591 1.2096191253263884 0.41800064420352456 1.5165802481832997 
360 1 -0.7290037994015068 -0.5914364609990583 -0.8133681233418647 -1.0018479507098412 -1.1247764197006338 0.5551383913705833 -1.1093078972434862 
361 -1 1.3641429398541933 1.0468510079214592 0.9783119704786047 0.18623195804003204 0.5044371377661422 0.8294138857047006 0.5897961968561987 
362 -1 0.5054160724672395 0.443271414108637 0.4789912885942116 0.16148029327440966 0.18832107437706624 0.9665516328717594 0.15729697290355163 
363 1 -0.19229950728466058 -0.03096969531572335 0.038414216343276505 0.4832519352275003 0.8205532011552181 0.006587402702348377 0.8060458088325223 
364 1 -0.9973559454599299 -1.0656775704234187 -1.1658297811426128 -1.2741162631316871 -1.2463595210041245 -1.2276523218011801 -1.2019863023761963 
365 1 -0.8900150870365606 -1.0656775704234187 -1.1658297811426128 -1.2493645983660648 -1.1977262804827282 -1.2276523218011801 -1.171093500665293 
366 1 -0.836344657824876 -0.9363390860349567 -0.9308553426087807 -1.1751096040691977 -1.1977262804827282 -1.0905145746341214 -1.0784150955325829 
367 -1 1.3641429398541933 1.0468510079214592 0.9489401656618757 0.3099902818681438 0.966452922719407 1.1036893800388181 1.207652231074266 
368 -1 0.9347795061607165 1.2193023204394084 1.859466114980475 1.3000568724930381 0.650336859330331 0.28086289703646583 1.4239018430505896 
369 -1 1.6861655151243011 1.3486408048278704 1.8888379197972038 0.8297752419462133 1.4041520874119737 1.9265158630411705 1.3312234379178796 
370 1 0.4517456432555549 0.5726098984970989 0.33213226451056654 0.879278571477458 0.018104732552179224 0.006587402702348377 0.0028329643490347957 
371 -1 1.6324950859126166 1.5642049454753069 1.4482608475462688 0.7555202476493462 0.9421363024587088 0.692276138537642 1.1767594293633625 
372 1 -0.8900150870365606 -1.1519032266823932 -1.1070861715091547 -1.2988679278973094 -1.2463595210041245 -1.3647900689682388 -1.1402006989543896 
373 1 -0.8900150870365606 -1.108790398552906 -1.0483425618756967 -1.2741162631316871 -1.2463595210041245 -1.2276523218011801 -1.1402006989543896 
374 -1 0.7737682185256626 0.8312868672740228 0.7727093367615017 0.11197696374316496 0.5287537580268403 -1.2276523218011801 0.620688998567102 
375 -1 0.290734355620501 0.5294970703676116 0.4496194837774826 0.3099902818681438 0.1640044541163681 0.692276138537642 0.3735465848798752 
376 1 -0.9973559454599299 -1.108790398552906 -1.0483425618756967 -1.2741162631316871 -1.2220429007434264 -1.2276523218011801 -1.2019863023761963 
377 -1 0.6127569308906088 0.5726098984970989 0.5964785078611277 0.879278571477458 0.5530703782875385 0.8294138857047006 0.8060458088325223 
378 1 -0.9436855162482453 -1.1519032266823932 -1.0777143666924258 -1.2741162631316871 -1.2463595210041245 -1.2276523218011801 -1.171093500665293 
379 1 -0.9436855162482453 -0.6345492891285456 -0.7546245137084067 1.3743118667899052 0.3828540364626514 -0.4048258387988278 -0.39877345789270896 
380 1 -0.9436855162482453 -1.238128882941368 -1.1364579763258837 -1.2741162631316871 -1.2463595210041245 -1.2276523218011801 -1.1093078972434862 
381 -1 0.8811090769490318 0.8312868672740228 0.7727093367615017 0.4337486056962556 1.1123526442835958 0.8294138857047006 1.3312234379178796 
382 1 -0.46065165334308367 -0.24653383596315986 -0.25530383182401356 1.4238151963211498 0.79623658089452 -0.13055034446471034 0.15729697290355163 
383 -1 0.0223822095620779 0.3139329297201751 0.12652963079346352 1.3000568724930381 0.7232867201124255 0.692276138537642 0.3426537831689718 
384 1 -0.8900150870365606 -1.1950160548118807 -1.1070861715091547 -1.2741162631316871 -1.2706761412648226 -1.2276523218011801 -1.1402006989543896 
385 1 -0.8900150870365606 -1.238128882941368 -1.1070861715091547 -1.2988679278973094 -1.2463595210041245 -1.2276523218011801 -1.1402006989543896 
386 -1 0.5590865016789242 0.6157227266265862 0.4202476789607536 0.5575069295243674 0.1640044541163681 0.692276138537642 0.03372576605993816 
387 1 -0.8900150870365606 -1.108790398552906 -1.0777143666924258 -1.2741162631316871 -1.2463595210041245 -1.2276523218011801 -1.0784150955325829 
388 -1 0.7737682185256626 0.7019483828855608 0.8608247512116887 0.7060169181181015 1.0150861632408033 0.5551383913705833 1.1767594293633625 
389 -1 0.6664273601022933 0.8312868672740228 0.9195683608451467 0.2604869523368991 0.6989700998517273 -0.8162390803000039 0.9296170156761357 
390 -1 0.12972306798544714 0.27082010159068776 0.4202476789607536 0.06247363421192024 0.7232867201124255 0.692276138537642 1.053188222519749 
391 1 -0.8900150870365606 -1.108790398552906 -1.0777143666924258 -1.2741162631316871 -1.1977262804827282 -1.2276523218011801 -1.171093500665293 
392 -1 0.18339349719713177 0.14148161720222588 0.09715782597673452 0.28523861710252146 0.11537121359497181 0.5551383913705833 0.03372576605993816 
393 -1 1.9545176611827242 2.167784539288129 2.505645820948513 1.349560202024283 2.6686163409682777 0.1437251498694071 2.9685419285957577 
394 1 -1.0510263746716144 -1.238128882941368 -1.1658297811426128 -1.2493645983660648 -1.2463595210041245 -1.2276523218011801 -1.2019863023761963 
395 -1 1.5251542274892473 1.3055279766983832 1.1545427993789787 0.5575069295243674 0.7719199606338218 0.692276138537642 0.9296170156761357 
396 1 -0.9436855162482453 -1.1519032266823932 -1.1364579763258837 -1.2988679278973094 -1.2463595210041245 -1.2276523218011801 -1.171093500665293 
397 1 -0.9973559454599299 -1.1519032266823932 -1.0777143666924258 -1.2246129336004423 -1.2463595210041245 -1.2276523218011801 -1.171093500665293 
398 1 -0.9973559454599299 -0.9363390860349567 -1.0777143666924258 -1.1751096040691977 -1.2220429007434264 -0.9533768274670626 -1.1093078972434862 
399 -1 1.4714837982775626 1.5642049454753069 1.2132864090124367 1.3000568724930381 1.5500518089761626 0.692276138537642 1.5783658516051065 
400 -1 0.12972306798544714 0.18459444533171318 0.3027604596938376 1.1267952191336816 1.1853025050656902 0.8294138857047006 0.7442602054107156 
401 -1 0.6127569308906088 0.7019483828855608 0.5671067030443986 0.8297752419462133 0.309904175680557 1.2408271272058768 0.3117609814580684 
402 -1 0.8811090769490318 0.27082010159068776 0.5964785078611277 0.6070102590556121 0.5287537580268403 0.692276138537642 0.7133674036998122 
403 1 -0.5143220825547683 -0.28964666409264717 -0.4315346607243876 1.4733185258523946 0.5773869985482366 -0.5419635859658865 -0.151631044205482 
404 -1 0.4517456432555549 0.7881740391445354 1.0076837752953338 0.6812652533524792 0.7476033403731237 0.5551383913705833 0.8060458088325223 
405 1 -0.2996403657080298 -0.548323632869571 -0.4315346607243876 -0.8285862973504846 -0.6384440144866708 -0.6791013331329452 -0.49145186302541904 
406 1 -0.8900150870365606 -0.9794519141644441 -0.9308553426087807 -1.2246129336004423 -1.1977262804827282 -1.2276523218011801 -1.1093078972434862 
407 1 -0.9436855162482453 -1.1519032266823932 -1.0777143666924258 -1.2741162631316871 -1.2463595210041245 -1.3647900689682388 -1.1402006989543896 
408 -1 1.0957907937957703 1.1761894923099212 1.0957991897455208 1.0277885600711922 0.9178196821980107 0.28086289703646583 0.867831412254329 
409 -1 -0.4069812241313991 -0.11719535157469796 -0.3140474414574716 0.9782852305399475 0.4558038972447459 0.28086289703646583 -0.08984544078367529 
410 -1 0.290734355620501 0.443271414108637 0.5377348982276696 0.28523861710252146 0.5773869985482366 0.9665516328717594 0.6515818002780054 
411 -1 -0.03128821964960672 0.443271414108637 0.4496194837774826 0.9535335657743251 1.4284687076726719 1.2408271272058768 1.053188222519749 
412 -1 2.544892382511255 2.426461508065053 2.30004318723141 1.1762985486649264 1.574368429236861 1.3779648743729356 1.7637226618705266 
413 1 -0.836344657824876 -1.0225647422939315 -1.0483425618756967 -1.2246129336004423 -1.2220429007434264 -1.3647900689682388 -1.1402006989543896 
414 -1 0.4517456432555549 0.4863842422381243 0.5083630934109407 0.4832519352275003 0.6260202390696329 0.8294138857047006 0.6824746019889089 
415 -1 0.39807521404387025 0.9175125235329974 1.2132864090124367 0.8545269067118357 0.9421363024587088 1.3779648743729356 1.053188222519749 
416 1 -0.9973559454599299 -1.108790398552906 -1.2245733907760707 -1.2741162631316871 -1.2463595210041245 -1.2276523218011801 -1.0784150955325829 
417 1 0.18339349719713177 0.5726098984970989 0.27338865487710856 0.8297752419462133 0.09105459333427367 0.5551383913705833 0.28086817974716505 
418 1 -0.9436855162482453 -1.108790398552906 -1.1364579763258837 -1.2246129336004423 -1.2463595210041245 -1.2276523218011801 -1.1093078972434862 
419 1 -1.0510263746716144 -1.1519032266823932 -1.1658297811426128 -1.2741162631316871 -1.2220429007434264 -1.2276523218011801 -1.1093078972434862 
420 -1 1.6861655151243011 1.434866461086845 1.3307736282793527 0.9535335657743251 0.8448698214159163 1.2408271272058768 0.8369386105434257 
421 -1 0.7737682185256626 0.8312868672740228 0.8901965560284177 1.2505535429617933 0.5530703782875385 0.9665516328717594 1.2694378344960726 
422 1 -0.9436855162482453 -1.1519032266823932 -1.1070861715091547 -1.2988679278973094 -1.2463595210041245 -1.2276523218011801 -1.1093078972434862 
423 -1 0.7200977893139779 0.8312868672740228 0.9783119704786047 0.7802719124149686 0.8691864416766144 0.692276138537642 0.9605098173870391 
424 1 -1.1046968038832992 -1.1950160548118807 -1.1658297811426128 -1.2988679278973094 -1.2463595210041245 -1.2276523218011801 -1.1402006989543896 
425 -1 0.8274386477373472 0.7881740391445354 1.0664273849287917 0.40899694093063327 0.8935030619373125 1.3779648743729356 0.9914026190979425 
426 -1 0.6127569308906088 0.7450612110150482 0.9489401656618757 0.6565135885868568 0.7719199606338218 0.41800064420352456 0.5897961968561987 
427 -1 0.5054160724672395 0.5294970703676116 0.8314529463949597 0.40899694093063327 0.79623658089452 -0.13055034446471034 1.0222954208088457 
428 -1 4.852720838613694 4.107861805115058 3.210569136550009 1.3990635315555275 1.2825689861084828 1.3779648743729356 1.6092586533160098 
429 1 -0.35331079491971445 -0.33275949222213447 -0.25530383182401356 -0.5315663201630163 -0.5411775334438782 0.41800064420352456 -0.39877345789270896 
430 -1 1.149461223007455 0.87439969540351 0.9489401656618757 0.28523861710252146 1.2339357455870865 1.1036893800388181 1.0222954208088457 
431 1 -0.7826742286131915 -0.37587232035162177 -0.5196500751745746 1.2505535429617933 0.3585374162019533 -0.13055034446471034 -0.24430944933819213 
432 -1 -0.03128821964960672 0.09836878907273856 0.038414216343276505 0.5575069295243674 0.5773869985482366 0.9665516328717594 0.46622499001258527 
433 1 -0.9436855162482453 -1.1519032266823932 -1.1364579763258837 -1.2741162631316871 -1.2706761412648226 -1.0905145746341214 -1.1402006989543896 
434 1 -0.8900150870365606 -0.8501134297759821 -0.7252527088916777 -0.35830466680365985 0.23695431489846255 -0.13055034446471034 -1.0475222938216795 
435 1 -0.9973559454599299 -1.0656775704234187 -1.1070861715091547 -1.2493645983660648 -1.2220429007434264 -1.2276523218011801 -1.0784150955325829 
436 1 -0.8900150870365606 -0.8932262579054694 -1.1070861715091547 -1.19986126883482 -1.17340966022203 -1.0905145746341214 -1.1093078972434862 
437 -1 0.23706392640881638 0.3570457578496624 0.5083630934109407 0.0872252989775426 0.3828540364626514 0.8294138857047006 0.5589033951452953 
438 1 -0.836344657824876 -0.9363390860349567 -1.1070861715091547 -1.2493645983660648 -1.1977262804827282 -1.0905145746341214 -1.2019863023761963 
439 1 -1.0510263746716144 -1.1519032266823932 -1.1070861715091547 -1.2741162631316871 -1.2463595210041245 -1.3647900689682388 -1.1402006989543896 
440 -1 0.0223822095620779 0.09836878907273856 0.038414216343276505 0.805023577180591 0.48012051750544404 0.692276138537642 0.28086817974716505 
441 1 -0.2996403657080298 0.22770727346120048 0.12652963079346352 1.151546883899304 0.966452922719407 0.41800064420352456 0.7442602054107156 
442 -1 0.18339349719713177 0.3139329297201751 0.5377348982276696 0.6812652533524792 -0.1521116092727078 0.41800064420352456 -0.3678806561818056 
443 1 -1.1583672330949837 -1.0656775704234187 -1.0777143666924258 -1.2741162631316871 -1.2463595210041245 -1.2276523218011801 -1.1402006989543896 
444 1 -0.9973559454599299 -1.0656775704234187 -1.1658297811426128 -1.2988679278973094 -1.2463595210041245 -1.3647900689682388 -1.171093500665293 
445 1 -0.9973559454599299 -0.7638877735170075 -0.8427399281585937 0.7307685828837239 -0.17642822953340595 0.1437251498694071 -0.5841302681581291 
446 -1 1.4714837982775626 1.5210921173458196 1.7126070908968298 0.7307685828837239 1.3555188468905774 0.8294138857047006 1.6092586533160098 
447 -1 3.081596674628101 2.6420256487124893 2.094440553514307 1.696083508742996 1.4041520874119737 0.5551383913705833 1.2385450327851693 
448 -1 0.0223822095620779 0.14148161720222588 0.038414216343276505 1.225801878196171 0.5773869985482366 0.5551383913705833 0.09551136948174489 
449 -1 0.6664273601022933 0.5294970703676116 0.4789912885942116 -0.06128468961619155 0.28558755541985886 0.006587402702348377 0.3735465848798752 
450 -1 1.6861655151243011 1.434866461086845 1.3307736282793527 0.8297752419462133 0.6989700998517273 0.692276138537642 0.6824746019889089 
451 1 -0.9436855162482453 -1.1519032266823932 -1.1070861715091547 -1.2741162631316871 -1.2463595210041245 -1.2276523218011801 -1.1402006989543896 
452 1 -0.9973559454599299 -1.1950160548118807 -1.1952015859593417 -1.2988679278973094 -1.2706761412648226 -1.2276523218011801 -1.2328791040870997 
453 -1 0.9884499353724011 0.9606253516624846 1.0370555801120627 1.0277885600711922 1.3312022266298793 0.5551383913705833 1.2385450327851693 
454 -1 0.18339349719713177 0.443271414108637 0.4496194837774826 0.7307685828837239 1.136669264544294 0.8294138857047006 0.7751530071216189 
455 1 -0.9973559454599299 -1.1519032266823932 -1.1070861715091547 -1.2988679278973094 -1.2463595210041245 -1.2276523218011801 -1.1402006989543896 
456 -1 1.3641429398541933 1.3917536329573577 1.2132864090124367 1.4485668610867724 1.744584771061748 0.9665516328717594 1.79461546358143 
457 -1 0.7737682185256626 0.8312868672740228 0.8020811415782306 0.8545269067118357 0.5530703782875385 0.9665516328717594 1.0222954208088457 
