id label data 
0 1 -0.7945011068349056 -0.824780750554457 -0.863763714534416 -1.156974205490293 -1.2690940901226588 -0.9396826693276723 -1.201785509710965 
1 1 -0.3342383966684775 0.042224270506200784 0.18139692867781163 1.1100381322452508 1.1465608676280572 0.05408245578864281 0.7066561471703326 
2 1 -0.8405273778515484 -1.0612366653891818 -1.0287890792521361 -1.3541057131194707 -1.3478654474406169 -1.223615562218048 -1.2346896762089186 
3 -1 0.35615566858116476 0.47572678103652966 0.4839434306602986 0.29687066327489275 0.7264469619322804 1.0478475809049579 0.96988947915396 
4 -1 0.7703921077309501 0.6333640575930128 0.7039772502839254 0.0011734018311261413 0.41136153266044795 0.7639146880145822 0.6408478141744258 
5 1 -0.7945011068349056 -1.0218273462500609 -1.0012848517991828 -1.3541057131194707 -1.3478654474406169 -1.223615562218048 -1.2346896762089186 
6 1 -0.7945011068349056 -1.0612366653891818 -1.0012848517991828 -1.3294642746658236 -1.2953512092286448 -1.365582008663236 -1.1688813432130116 
7 1 -0.7945011068349056 -0.9035993888326985 -0.9737806243462295 -1.3541057131194707 -1.3741225665466028 -1.223615562218048 -1.1688813432130116 
8 1 -0.70244856480162 -0.9824180271109402 -1.0562933067050895 -1.3541057131194707 -1.3478654474406169 -1.223615562218048 -1.2675938427068718 
9 1 -0.7484748358182628 -0.9430087079718193 -1.0562933067050895 -1.3294642746658236 -1.321608328334631 -1.223615562218048 -1.2675938427068718 
10 -1 -0.012054499551977757 0.042224270506200784 -0.011132663492861888 0.8143408708014843 0.5951613664023502 0.6219482415693943 0.21309364970103153 
11 -1 -0.5183434807350488 -0.11541300605028244 -0.17615802821058205 1.1100381322452508 0.6476756046143223 0.47998179512420647 0.18018948320307815 
12 -1 -0.05808077056862057 0.12104290878444239 0.0713800188659982 1.0361138168843091 0.7001898428262944 0.6219482415693943 0.575039481178519 
13 1 -0.7945011068349056 -0.6671434739979737 -0.7262425772696492 0.888265186162426 -0.03500949214131478 -0.37181688354692083 -0.6753188457437105 
14 1 -0.8405273778515484 -0.9824180271109402 -1.0287890792521361 -1.3541057131194707 -1.3478654474406169 -1.365582008663236 -1.103073010217105 
15 -1 0.6323132946810217 0.9486386107059793 1.0615322071723192 1.3071696398744286 1.2778464631579873 0.1960489022338307 1.3976436436273543 
16 1 -0.8405273778515484 -1.1400553036674235 -1.1113017616109964 -1.378747151573118 -1.3478654474406169 -1.223615562218048 -1.201785509710965 
17 -1 -0.10410704158526339 0.042224270506200784 -0.011132663492861888 0.888265186162426 0.5689042472963641 0.9058811344597701 0.24599781619898495 
18 -1 0.7243658367143073 0.8698199724277377 0.8139941600957389 0.29687066327489275 1.094046629416085 1.1898140273501459 1.4963561431212145 
19 1 -0.7945011068349056 -0.9824180271109402 -0.9737806243462295 -1.3048228362121763 -1.2953512092286448 -1.223615562218048 -1.201785509710965 
20 1 -0.7484748358182628 -0.43068755916324886 -0.5612172125519291 1.2578867629671342 0.12253322249460147 0.33801534867901856 -0.3791813472621298 
21 -1 1.1846285468807354 1.1850945255407042 1.9416674856668266 0.8636237477087787 1.59293189242982 1.0478475809049579 1.858301974598702 
22 -1 -0.10410704158526339 0.0816335896453216 0.31891806594257843 0.46936073245042326 0.6739327237203083 0.47998179512420647 0.7066561471703326 
23 -1 0.6783395656976645 0.7121826958712545 0.6214645679250654 0.2722292248212455 0.7789612001442525 1.8996462595760852 1.0686019786478202 
24 -1 4.406467518045733 3.90433754614004 3.344383085767448 1.3071696398744286 1.041532391204113 1.0478475809049579 1.3647394771294008 
25 -1 0.8164183787475929 0.9880479298451001 1.1440448895311792 0.7157751169868954 1.3828749395819315 0.9058811344597701 1.134410311643727 
26 -1 0.35615566858116476 0.396908142758288 0.4564392032073452 0.19830490946030388 0.7001898428262944 0.05408245578864281 0.8711769796600998 
27 1 -0.7484748358182628 -0.7853714314153362 -0.9737806243462295 -1.255539959304882 -1.321608328334631 -0.5137833299921087 -1.1359771767150582 
28 1 -0.7945011068349056 -1.0612366653891818 -1.0012848517991828 -1.3541057131194707 -1.3741225665466028 -1.223615562218048 -1.1359771767150582 
29 -1 0.7703921077309501 0.9486386107059793 1.0615322071723192 0.24758778636759832 0.6214184855083362 2.041612706021273 0.9369853126560066 
30 -1 0.26410312654787915 0.35749882361916724 0.511447658113252 0.4200778555431288 0.5426471281903781 0.9058811344597701 0.575039481178519 
31 1 -0.70244856480162 -0.5489155165806113 -0.7262425772696492 0.7404165554405426 -0.08752373035328687 -0.08788399065654506 -0.6424146792457571 
32 1 0.1260243134979507 0.2786801853409256 0.23640538358371835 0.5432850478113649 0.3851044135544619 0.7639146880145822 0.11438115020717132 
33 1 -0.6564222937849772 -0.4700968783023697 -0.5887214400048825 1.2086038860598398 0.22756169891854564 -0.22985043710173295 -0.3791813472621298 
34 -1 1.1846285468807354 0.9486386107059793 0.9240110699075523 0.099739155645715 0.5163900090843921 0.9058811344597701 0.6408478141744258 
35 -1 1.4147599019639496 1.4215504403754289 1.3640787091548061 0.666492240079601 0.9890181529921408 0.7639146880145822 1.2660269776355406 
36 1 -0.7484748358182628 -1.0218273462500609 -0.9737806243462295 -1.3541057131194707 -1.3741225665466028 -1.223615562218048 -1.201785509710965 
37 -1 0.6783395656976645 0.7515920150103753 0.7314814777368789 0.02581484028477336 0.5426471281903781 -1.223615562218048 0.6737519806723793 
38 1 -0.7945011068349056 -0.5883248357197322 -0.6987383498166959 1.2825282014207815 0.3851044135544619 -0.37181688354692083 -0.41208551376008323 
39 -1 1.322707359930664 1.1850945255407042 1.0890364346252726 0.46936073245042326 0.8052183192502386 0.7639146880145822 1.0027936456519133 
40 1 -0.8405273778515484 -1.0612366653891818 -1.0012848517991828 -1.3048228362121763 -1.3741225665466028 -1.223615562218048 -1.2346896762089186 
41 -1 0.21807685553123632 0.3180895044800464 0.4839434306602986 0.0011734018311261413 0.3851044135544619 0.9058811344597701 0.6079436476764725 
