id label data 
0 -1 0.5911189165770802 0.6499305931748977 0.9289479402682639 0.7645079326035995 1.184097192129101 1.4074120409567858 1.1805562576943327 
1 -1 1.3416643607537613 1.380773978278848 1.4568480450157353 1.1079312802184433 1.0635502653941655 0.7253012316888401 0.9960817554684697 
2 1 -0.909971971776282 -0.8547469643920589 -0.8893746427508045 -1.026199522816657 -1.1062944158346755 -0.9117647105542299 -1.0946292697579771 
3 1 -0.7491408051669932 -0.8977377517511148 -1.0360135607362133 -1.1733809575087328 -1.1304038011816626 -0.7753425487006407 -1.0331377690160228 
4 1 -0.8027511940367561 -1.1126916885463942 -1.1239969115274584 -1.2224414357394249 -1.1786225718756367 -1.1846090342614082 -1.0946292697579771 
5 -1 1.9313786383211535 1.7247002771512951 1.5741591794040624 1.230582475795173 1.7145036697628178 0.8617233935424293 1.85696276585583 
6 -1 0.5911189165770802 0.43497665637961813 0.4597034027149559 0.49467530233479373 0.8706751826182686 0.8617233935424293 0.9345902547265154 
7 -1 1.50249552736305 1.294792403560736 1.1928979926419996 0.8626288890649835 0.9188939533122428 1.1345677172496076 0.9960817554684697 
8 1 -0.909971971776282 -1.0697009011873384 -1.0946691279303766 -1.2224414357394249 -1.1545131865286495 -1.3210311961149974 -1.063883519387 
9 -1 -0.4274784719484156 0.0050687827890591045 -0.03886891843543379 1.0834010411030972 0.7983470265773072 0.588879069835251 0.6271327510167438 
10 -1 0.26945658335850253 0.3489950816615063 0.3130644847295472 0.6663869761422156 0.34026870498455186 0.04319042242089429 0.38116674804892653 
11 -1 0.32306697222826547 0.5639490184567858 0.6649978878945282 0.2984333894120259 0.6295813291483974 1.2709898791031968 0.8423530036135839 
12 1 -0.5883096385577044 -0.2958667287243322 -0.5081134559887418 1.1079312802184433 0.5331437877604488 0.04319042242089429 -0.14151100825768517 
13 1 -0.5346992496879415 -0.1668943666471645 -0.361474538003333 0.7399776934882536 0.07506546616769355 -0.6389203868470515 -0.44896851196745674 
14 -1 1.0736124164049465 1.1228292541245126 0.9289479402682639 1.1569917584491352 1.328753504211024 0.9981455553960185 1.5495052621460585 
15 1 -0.909971971776282 -1.1126916885463942 -1.1533246951245402 -1.1979111966240787 -1.1786225718756367 -1.1846090342614082 -1.063883519387 
16 -1 0.1622358056189767 0.3489950816615063 0.6649978878945282 0.8871591281803294 1.1599878067821139 0.31603474612807264 1.5802510125170357 
17 1 -0.37386808307865266 0.0910503575071709 0.22508113393830195 1.230582475795173 1.1117690360881398 0.04319042242089429 0.6886242517586981 
18 1 -1.0171927495158077 -1.198673263264506 -1.0360135607362133 -1.2224414357394249 -1.2027319572226238 -1.1846090342614082 -1.1253750201289543 
19 -1 0.9127812497956578 0.8648845299701771 0.8996201566711821 0.3474938676427179 0.6295813291483974 0.8617233935424293 0.8423530036135839 
20 1 -0.8027511940367561 -1.0697009011873384 -1.1239969115274584 -1.2224414357394249 -1.1786225718756367 -1.1846090342614082 -1.1561207704999314 
21 1 -0.4274784719484156 -0.1668943666471645 -0.33214675440625124 1.6721267798714008 0.19561239290262916 0.31603474612807264 -0.23374825937061663 
22 1 -0.8563615829065191 -0.8547469643920589 -0.8893746427508045 -1.026199522816657 -0.9857474890997397 0.8617233935424293 -0.9409005179030913 
23 1 -0.8027511940367561 -0.7687653896739471 -0.948030209944968 -1.148850718393387 -1.0580756451407012 0.31603474612807264 -1.0331377690160228 
24 1 -0.909971971776282 -1.1556824759054503 -1.0360135607362133 -1.2224414357394249 -1.1786225718756367 -1.3210311961149974 -1.1253750201289543 
25 1 -0.909971971776282 -1.0267101138282826 -1.1239969115274584 -1.2224414357394249 -1.1786225718756367 -1.1846090342614082 -1.0946292697579771 
26 1 -1.0708031383855707 -1.1126916885463942 -1.0360135607362133 -1.1733809575087328 -1.1786225718756367 -1.1846090342614082 -1.063883519387 
27 1 -0.8027511940367561 -1.0697009011873384 -1.0946691279303766 -1.148850718393387 -1.1786225718756367 -1.1846090342614082 -1.0946292697579771 
28 -1 0.7519500831863689 0.6499305931748977 0.8409645894770187 0.5192055414501398 0.77423764123032 0.8617233935424293 0.8423530036135839 
29 1 -0.963582360646045 -1.1126916885463942 -1.0653413443332949 -1.2224414357394249 -1.1786225718756367 -1.1846090342614082 -1.1253750201289543 
30 -1 0.5911189165770802 0.907875317329233 0.8996201566711821 1.1079312802184433 0.6295813291483974 0.588879069835251 0.8116072532426067 
31 -1 0.43028774996779134 0.477967443738674 0.8116368058799369 0.8871591281803294 0.6536907144953844 0.7253012316888401 0.7193700021296753 
32 -1 0.43028774996779134 0.5639490184567858 0.5476867535062012 0.42108458498875584 0.7260188705363458 0.9981455553960185 0.9345902547265154 
33 1 -0.8027511940367561 -0.9407285391101707 -0.8600468591537227 -1.0997902401626949 -1.1545131865286495 -1.048186872407819 -1.0331377690160228 
34 1 -0.963582360646045 -0.9837193264692266 -1.0946691279303766 -1.1733809575087328 -1.1545131865286495 -0.9117647105542299 -1.063883519387 
35 1 -1.0708031383855707 -1.0697009011873384 -1.1239969115274584 -1.2715019139701167 -1.226841342569611 -1.3210311961149974 -1.1561207704999314 
36 -1 0.10862541674921375 0.43497665637961813 0.28373670113246546 0.6663869761422156 0.2438311635966034 1.1345677172496076 0.19669224582306358 
37 1 -0.8027511940367561 -0.5968022402377235 -0.6547523739741505 1.1079312802184433 0.07506546616769355 -0.22965390128628405 -0.5719515134513654 
38 -1 1.556105916232813 1.5957279150741275 1.6621425301953077 0.7645079326035995 1.6180661283748692 1.6802563646639643 1.7339797643719215 
39 1 -0.6419200274274673 -0.8547469643920589 -0.8600468591537227 -1.001669283701311 -1.033966259793714 0.04319042242089429 -1.0023920186450457 
40 -1 0.9127812497956578 0.7359121678930094 0.8116368058799369 0.24937291118133395 0.6054719438014102 1.2709898791031968 1.3035392591782413 
41 -1 1.8241578605816275 1.8536726392284628 1.8087814481807163 1.451354627833287 1.401081660251985 0.7253012316888401 1.1805562576943327 
42 -1 0.8055604720561319 1.0368476794064008 1.0169312910595092 1.304173193141211 1.2082065774760882 0.7253012316888401 1.242047758436287 
43 -1 0.43028774996779134 0.477967443738674 0.5770145371032829 0.9116893672956754 0.8706751826182686 -0.22965390128628405 0.9345902547265154 
44 1 -0.963582360646045 -0.6397930275967794 -0.6840801575712322 0.42108458498875584 -0.14191900195519055 -0.9117647105542299 -0.44896851196745674 
45 -1 0.32306697222826547 0.5209582310977299 0.4890311863120377 0.7645079326035995 1.184097192129101 0.8617233935424293 1.0883190065814012 
46 -1 0.9127812497956578 0.8218937426111212 0.8996201566711821 0.9362196064110214 0.8706751826182686 0.8617233935424293 0.8423530036135839 
47 -1 0.7519500831863689 0.8648845299701771 0.7236534550886916 1.0343405628724054 0.9671127240062171 0.04319042242089429 0.6886242517586981 
48 1 -0.7491408051669932 -0.6397930275967794 -0.8600468591537227 -1.075260001047349 -1.0821850304876883 -0.9117647105542299 -0.9409005179030913 
49 -1 0.8055604720561319 1.0368476794064008 1.0755868582536727 0.3965543458734098 0.5572531731074359 -0.09323173943269487 0.6886242517586981 
50 1 0.9127812497956578 1.0798384667654566 1.1049146418507543 1.181521997564481 1.4251910455989723 0.04319042242089429 1.4880137614041042 
51 -1 0.4838981388375543 0.7359121678930094 0.7236534550886916 0.9116893672956754 1.3046441188640368 0.8617233935424293 0.9960817554684697 
52 1 -0.8563615829065191 -0.9837193264692266 -1.0653413443332949 -1.1979111966240787 -1.2027319572226238 -1.1846090342614082 -1.063883519387 
53 -1 0.8055604720561319 0.8648845299701771 0.9289479402682639 0.49467530233479373 0.9430033386592299 0.8617233935424293 1.2113020080653099 
54 -1 0.8055604720561319 0.8218937426111212 0.8116368058799369 0.224842672065988 0.5090344024134618 0.9981455553960185 0.8116072532426067 
55 1 -0.909971971776282 -1.1556824759054503 -1.1533246951245402 -1.1979111966240787 -1.1786225718756367 -1.3210311961149974 -1.1561207704999314 
56 -1 0.5911189165770802 0.6499305931748977 0.5476867535062012 0.6909172152575616 0.9188939533122428 0.9981455553960185 0.5656412502747895 
57 1 0.9127812497956578 2.326571300178078 2.2193704185398606 0.6909172152575616 1.7868318258037792 -0.22965390128628405 2.225911770307556 
58 -1 1.1272228052747095 1.1228292541245126 0.8702923730741003 1.2060522366798272 1.1599878067821139 1.543834202810375 0.873098753984561 
59 1 -0.909971971776282 -1.1556824759054503 -1.0360135607362133 -1.2715019139701167 -1.226841342569611 -1.1846090342614082 -1.1253750201289543 
60 -1 0.5375085277073173 0.8218937426111212 0.8996201566711821 0.6173264979115236 0.8465657972712815 0.17961258427448346 1.0883190065814012 
61 -1 0.9663916386654207 0.2200227195843386 1.3395369106274084 0.7154474543729076 0.6536907144953844 0.17961258427448346 0.7193700021296753 
62 1 -0.8563615829065191 -1.0697009011873384 -1.0946691279303766 -1.2224414357394249 -1.2027319572226238 -1.1846090342614082 -1.063883519387 
63 1 -0.7491408051669932 -0.5108206655196117 -0.596096806779987 0.6173264979115236 0.41259686102551324 0.04319042242089429 -0.08001950751573084 
64 -1 0.1622358056189767 0.3489950816615063 0.2544089175353837 1.0343405628724054 0.19561239290262916 -0.09323173943269487 -0.20300250899963948 
65 1 -1.1780239161250967 -0.8547469643920589 -0.8013912919595593 0.15125195471995004 -0.6964348649358943 -0.5024982249934624 -0.8179175164191826 
66 -1 1.0200020275351835 0.9938568920473448 0.9582757238653457 0.5927962587961777 0.7260188705363458 1.1345677172496076 0.873098753984561 
67 1 -0.37386808307865266 -0.12390357928810859 -0.24416340361500602 0.5682660196808317 -0.16602838730217767 -0.6389203868470515 -0.4797142623384339 
68 1 -0.8563615829065191 -0.4248390908014999 -0.596096806779987 1.402294149602595 0.5331437877604488 0.45245690798166177 0.042963493968177786 
69 1 -0.963582360646045 -0.7687653896739471 -0.7427357247653957 -0.5355947405097373 -0.4071222407720489 0.588879069835251 -0.4182227615964796 
70 -1 0.43028774996779134 0.6499305931748977 0.4890311863120377 0.6173264979115236 0.7260188705363458 0.8617233935424293 0.657878501387721 
71 -1 1.0736124164049465 1.0368476794064008 1.1928979926419996 0.6909172152575616 0.6536907144953844 0.8617233935424293 0.7808615028716296 
72 1 -0.3202576942088897 -0.0809127919290527 -0.12685226922667903 1.0588708019877513 0.4849250170664746 0.45245690798166177 0.13520074508110927 
73 -1 0.0014046390096878888 0.2630135069433945 1.6914703137923894 1.181521997564481 0.8947845679652556 0.7253012316888401 0.9653360050974925 
74 1 -0.909971971776282 -1.1556824759054503 -1.1239969115274584 -1.1979111966240787 -1.1786225718756367 -1.1846090342614082 -1.1868665208709086 
75 -1 2.521092915888546 2.1116173633827984 1.6914703137923894 1.4758848669486329 1.184097192129101 0.7253012316888401 0.9345902547265154 
76 1 -1.0171927495158077 -1.1556824759054503 -1.0360135607362133 -1.2224414357394249 -1.226841342569611 -1.1846090342614082 -1.1561207704999314 
77 -1 0.3766773610980284 0.2630135069433945 0.2544089175353837 0.24937291118133395 0.5331437877604488 0.45245690798166177 0.6886242517586981 
78 1 -0.963582360646045 -1.0267101138282826 -1.0360135607362133 -1.1733809575087328 -1.1545131865286495 -1.048186872407819 -1.0946292697579771 
79 1 -0.8563615829065191 -0.9407285391101707 -1.0946691279303766 -1.1733809575087328 -1.1304038011816626 -1.1846090342614082 -1.0946292697579771 
80 1 -0.8563615829065191 -1.0267101138282826 -1.0360135607362133 -1.2224414357394249 -1.1545131865286495 -1.1846090342614082 -1.1253750201289543 
81 -1 0.43028774996779134 0.43497665637961813 0.4890311863120377 0.3474938676427179 0.4367062463725004 0.8617233935424293 0.473403999161858 
82 -1 1.1808331941444725 1.0368476794064008 1.1635702090449178 0.6663869761422156 1.5698473576808951 1.543834202810375 1.4880137614041042 
83 1 -0.8563615829065191 -0.9837193264692266 -1.0653413443332949 -1.2224414357394249 -1.1545131865286495 -1.3210311961149974 -1.1561207704999314 
84 1 -0.909971971776282 -0.9407285391101707 -1.0360135607362133 -1.2224414357394249 -1.1786225718756367 -1.1846090342614082 -1.0331377690160228 
85 -1 1.6097163051025758 1.681709489792239 1.4568480450157353 0.9852800846417133 1.1117690360881398 1.543834202810375 1.457268011033127 
86 -1 0.43028774996779134 0.477967443738674 0.7529812386857734 0.17578219383529603 0.5090344024134618 0.7253012316888401 0.6886242517586981 
87 1 -0.8027511940367561 -0.38184830344244397 -0.6254245903770688 0.9362196064110214 -0.16602838730217767 0.31603474612807264 -0.6026972638223426 
88 1 -0.8563615829065191 -1.0697009011873384 -1.0946691279303766 -1.2224414357394249 -1.2027319572226238 -1.1846090342614082 -1.0946292697579771 
89 -1 -0.21303691646936385 0.048059570148115 0.6356701042974464 0.5437357805654857 0.4608156317194875 0.588879069835251 0.6271327510167438 
90 1 -0.8563615829065191 -1.1126916885463942 -1.0946691279303766 -1.2224414357394249 -1.1786225718756367 -1.1846090342614082 -1.1253750201289543 
91 -1 0.1622358056189767 0.3919858690205622 0.2544089175353837 1.304173193141211 0.7983470265773072 0.7253012316888401 0.5963870006457667 
92 -1 0.43028774996779134 0.477967443738674 0.4597034027149559 1.377763910487249 1.328753504211024 0.8617233935424293 0.9653360050974925 
93 1 -0.8027511940367561 -1.0267101138282826 -1.0360135607362133 -1.1979111966240787 -1.1545131865286495 -1.1846090342614082 -1.063883519387 
94 -1 0.9127812497956578 0.7359121678930094 0.7823090222828551 0.12672171560460407 0.4367062463725004 0.7253012316888401 0.6271327510167438 
95 -1 0.5375085277073173 0.3060042943024504 0.4303756191178742 0.24937291118133395 0.2438311635966034 0.8617233935424293 0.4119124984199037 
96 1 -0.909971971776282 -1.0697009011873384 -1.0360135607362133 -1.2224414357394249 -1.1786225718756367 -1.1846090342614082 -1.1253750201289543 
97 -1 2.0385994160606793 1.810681851869407 1.8967647989719616 0.7890381717189455 0.9671127240062171 1.6802563646639643 1.2113020080653099 
98 -1 2.360261749279257 1.8536726392284628 1.8087814481807163 0.7154474543729076 0.9188939533122428 0.04319042242089429 1.2113020080653099 
99 1 -0.909971971776282 -1.0697009011873384 -0.9773579935420497 -1.2224414357394249 -1.1786225718756367 -1.3210311961149974 -1.063883519387 
100 1 -0.5883096385577044 -0.6397930275967794 -0.6254245903770688 -1.0507297619320028 -1.1304038011816626 -0.9117647105542299 -1.0331377690160228 
101 -1 1.3952747496235243 1.380773978278848 1.2515535598361631 0.6909172152575616 0.6054719438014102 1.2709898791031968 1.2727935088072642 
102 1 -0.909971971776282 -1.0267101138282826 -0.9773579935420497 -1.148850718393387 -1.1545131865286495 -0.9117647105542299 -1.1253750201289543 
103 -1 0.26945658335850253 0.3919858690205622 0.7529812386857734 0.3965543458734098 0.6778000998423716 0.8617233935424293 0.9345902547265154 
104 1 -0.909971971776282 -1.1126916885463942 -1.0360135607362133 -1.1979111966240787 -1.1304038011816626 -1.3210311961149974 -1.063883519387 
105 1 -0.963582360646045 -1.0697009011873384 -1.0653413443332949 -1.1733809575087328 -1.2027319572226238 -1.3210311961149974 -1.063883519387 
106 1 -0.909971971776282 -0.9407285391101707 -1.0066857771391315 -1.2224414357394249 -1.2027319572226238 -1.1846090342614082 -1.063883519387 
107 1 -0.6955304162972302 -0.4678298781605558 -0.6254245903770688 1.426824388717941 0.34026870498455186 0.588879069835251 -0.3259855104835481 
108 1 -0.8027511940367561 -1.0267101138282826 -1.0946691279303766 -1.2224414357394249 -1.1786225718756367 -1.1846090342614082 -1.1561207704999314 
109 1 -0.8563615829065191 -1.1126916885463942 -1.0653413443332949 -1.2715019139701167 -1.2027319572226238 -1.1846090342614082 -1.1561207704999314 
110 1 -0.8563615829065191 -0.6397930275967794 -0.713407941168314 0.47014506321944777 -0.2865753140371133 -0.22965390128628405 -0.694934514935274 
111 1 -0.909971971776282 -1.0267101138282826 -1.0653413443332949 -1.1979111966240787 -1.1545131865286495 -1.048186872407819 -1.0946292697579771 
112 1 -0.8563615829065191 -0.9837193264692266 -1.0946691279303766 -1.1979111966240787 -1.1545131865286495 -1.1846090342614082 -1.1561207704999314 
113 -1 0.43028774996779134 0.3919858690205622 0.40104783552079243 0.15125195471995004 0.34026870498455186 1.4074120409567858 0.4119124984199037 
114 -1 3.968573415372145 3.3583501967954192 2.7179427396902507 1.230582475795173 1.135878421435127 1.543834202810375 1.1805562576943327 
115 -1 0.9663916386654207 0.7789029552520653 0.8702923730741003 0.17578219383529603 0.29204993429057763 0.8617233935424293 0.5041497495328352 
116 -1 0.5911189165770802 0.6069398058158417 0.4890311863120377 0.7645079326035995 0.5331437877604488 0.8617233935424293 0.3504209976779494 
117 1 -0.6955304162972302 -0.8547469643920589 -0.9187024263478862 -1.1243204792780408 -1.1786225718756367 -1.048186872407819 -1.063883519387 
118 -1 0.0014046390096878888 0.0910503575071709 0.019786648758729708 0.9362196064110214 0.6054719438014102 0.588879069835251 0.22743799619404073 
119 1 -0.7491408051669932 -0.8977377517511148 -1.0653413443332949 -1.1979111966240787 -1.1786225718756367 -1.048186872407819 -1.0331377690160228 
120 -1 0.1622358056189767 0.3919858690205622 0.3130644847295472 0.2984333894120259 0.6778000998423716 1.4074120409567858 0.6271327510167438 
121 1 -0.6955304162972302 -0.7257746023148912 -0.8600468591537227 -1.1243204792780408 -1.1304038011816626 -0.9117647105542299 -1.1253750201289543 
122 1 -0.8563615829065191 -1.0697009011873384 -1.0066857771391315 -1.1733809575087328 -1.1545131865286495 -1.1846090342614082 -1.1253750201289543 
123 -1 1.1808331941444725 0.907875317329233 1.1049146418507543 0.5927962587961777 0.750128255883333 0.8617233935424293 1.1498105073233555 
124 -1 1.1272228052747095 1.294792403560736 1.4568480450157353 0.4456148241041018 0.6778000998423716 2.0895228502247316 0.9653360050974925 
125 -1 -0.5883096385577044 -0.0809127919290527 -0.15618005282376077 1.230582475795173 0.6536907144953844 0.45245690798166177 0.19669224582306358 
126 -1 1.1272228052747095 1.0798384667654566 1.2222257762390814 0.7645079326035995 1.2564253481700625 0.8617233935424293 1.2727935088072642 
127 1 -0.5346992496879415 -0.0809127919290527 -0.18550783642084254 1.1079312802184433 0.5331437877604488 -0.09323173943269487 -0.04927375714475368 
128 -1 -0.05220574986007504 0.1770319322252827 0.10776999954997495 1.1569917584491352 0.7019094851893587 0.588879069835251 0.5656412502747895 
129 1 -0.8563615829065191 -1.0267101138282826 -1.0653413443332949 -1.1733809575087328 -1.1786225718756367 -1.048186872407819 -1.1253750201289543 
130 1 -0.8563615829065191 -1.0267101138282826 -1.0360135607362133 -1.2224414357394249 -1.1786225718756367 -1.1846090342614082 -1.1253750201289543 
131 -1 0.43028774996779134 0.43497665637961813 0.37172005192371066 0.4456148241041018 0.6054719438014102 1.2709898791031968 0.7193700021296753 
132 1 -0.909971971776282 -0.6827838149558353 -0.7427357247653957 1.0098103237570593 0.026846695473719307 -0.36607606313987323 -0.6026972638223426 
133 -1 0.21584619448873962 0.477967443738674 0.4597034027149559 0.9607498455263673 0.6536907144953844 0.45245690798166177 0.473403999161858 
134 1 -0.8563615829065191 -1.0697009011873384 -1.0360135607362133 -1.2224414357394249 -1.2027319572226238 -1.1846090342614082 -1.063883519387 
135 -1 1.7705474717118648 1.6387187024331833 1.5741591794040624 0.8871591281803294 1.4493004309459594 0.8617233935424293 1.5802510125170357 
136 1 -0.7491408051669932 -1.0267101138282826 -1.0653413443332949 -1.2224414357394249 -1.1786225718756367 -1.1846090342614082 -1.0946292697579771 
137 1 -0.963582360646045 -1.0267101138282826 -1.0653413443332949 -1.2224414357394249 -1.1786225718756367 -1.3210311961149974 -1.0023920186450457 
138 -1 0.5375085277073173 0.2200227195843386 0.40104783552079243 0.24937291118133395 0.026846695473719307 0.31603474612807264 0.042963493968177786 
139 -1 -0.2666473053391268 0.1770319322252827 0.049114432355811456 1.8193082145634767 0.5090344024134618 0.31603474612807264 0.13520074508110927 
140 1 -0.963582360646045 -1.1126916885463942 -1.0946691279303766 -1.2224414357394249 -1.2027319572226238 -1.1846090342614082 -1.0946292697579771 
141 -1 0.1622358056189767 0.3489950816615063 0.3130644847295472 0.8871591281803294 0.41259686102551324 0.8617233935424293 0.3196752473069722 
142 -1 0.21584619448873962 0.6499305931748977 0.34239226832662895 0.9852800846417133 1.545737972333908 1.2709898791031968 0.9345902547265154 
143 1 -0.8027511940367561 -1.1126916885463942 -1.0360135607362133 -1.2715019139701167 -1.1786225718756367 -1.4574533579685864 -1.1253750201289543 
144 1 -0.909971971776282 -1.1556824759054503 -1.0653413443332949 -1.1979111966240787 -1.226841342569611 -1.1846090342614082 -1.1561207704999314 
145 -1 0.7519500831863689 0.9938568920473448 1.2222257762390814 0.49467530233479373 0.750128255883333 0.7253012316888401 0.873098753984561 
146 1 -0.909971971776282 -0.9837193264692266 -1.0360135607362133 -1.1979111966240787 -1.1545131865286495 -1.3210311961149974 -1.0331377690160228 
147 -1 1.0736124164049465 0.9508661046882889 0.9582757238653457 0.5192055414501398 0.6295813291483974 0.588879069835251 0.873098753984561 
148 1 0.055015027879450826 0.048059570148115 -0.18550783642084254 -0.6582459360864673 -1.033966259793714 -1.1846090342614082 -0.9409005179030913 
149 1 -0.909971971776282 -1.0267101138282826 -1.0066857771391315 -1.2224414357394249 -1.226841342569611 -1.1846090342614082 -1.1561207704999314 
150 -1 0.7519500831863689 1.0798384667654566 1.1635702090449178 1.426824388717941 1.2323159628230753 0.17961258427448346 1.3342850095492185 
151 -1 0.644729305446843 0.6499305931748977 0.7236534550886916 0.224842672065988 0.5090344024134618 1.8166785265175533 0.657878501387721 
152 1 -0.7491408051669932 -0.4678298781605558 -0.44945788879457826 0.3229636285273719 -0.23835654334313902 -0.9117647105542299 -0.5412057630803883 
153 -1 0.21584619448873962 0.477967443738674 0.37172005192371066 1.0588708019877513 0.9430033386592299 0.8617233935424293 0.873098753984561 
154 1 -0.963582360646045 -1.198673263264506 -1.1533246951245402 -1.2469716748547708 -1.1786225718756367 -1.1846090342614082 -1.0946292697579771 
155 1 -1.0171927495158077 -1.1126916885463942 -1.0946691279303766 -1.1979111966240787 -1.2027319572226238 -1.1846090342614082 -1.0946292697579771 
156 -1 0.4838981388375543 0.5209582310977299 0.8996201566711821 0.42108458498875584 0.4608156317194875 0.8617233935424293 0.6271327510167438 
157 -1 -0.05220574986007504 0.1340411448662268 0.1370977831470567 0.7645079326035995 0.9188939533122428 0.45245690798166177 0.657878501387721 
158 1 -0.8563615829065191 -0.9407285391101707 -0.9773579935420497 -1.1733809575087328 -1.1786225718756367 -1.048186872407819 -1.0946292697579771 
159 1 -0.909971971776282 -1.0267101138282826 -1.0360135607362133 -1.1979111966240787 -1.2027319572226238 -1.1846090342614082 -1.1561207704999314 
160 -1 0.10862541674921375 0.2200227195843386 0.28373670113246546 0.0776612373739121 0.19561239290262916 0.588879069835251 -0.110765257886708 
161 -1 0.9127812497956578 0.8648845299701771 0.9289479402682639 0.24937291118133395 0.29204993429057763 1.9531006883711426 0.5041497495328352 
162 -1 -0.10581613872983797 0.0910503575071709 0.019786648758729708 1.0098103237570593 0.5813625584544231 0.8617233935424293 0.2581837465650179 
163 -1 0.9663916386654207 1.0368476794064008 1.2222257762390814 0.3965543458734098 0.7260188705363458 1.543834202810375 0.7193700021296753 
164 -1 0.10862541674921375 0.048059570148115 0.10776999954997495 0.3474938676427179 0.12328423686166778 0.9981455553960185 0.01221774359720063 
165 1 -0.7491408051669932 -1.1126916885463942 -1.0653413443332949 -1.1979111966240787 -1.2027319572226238 -1.1846090342614082 -1.1253750201289543 
166 -1 3.968573415372145 3.229377834718252 2.6299593888990054 1.2060522366798272 1.0153314947001912 1.9531006883711426 1.1805562576943327 
167 -1 0.8591708609258948 0.9938568920473448 0.8996201566711821 0.42108458498875584 1.0635502653941655 1.1345677172496076 1.42652226066215 
168 1 -0.3202576942088897 0.1770319322252827 0.049114432355811456 0.7399776934882536 0.21972177824961628 0.7253012316888401 0.01221774359720063 
169 -1 2.306651360409494 2.240589725459966 2.160714851345697 1.1324615193337892 1.5698473576808951 0.9981455553960185 1.8877085162268072 
170 1 0.43028774996779134 0.3919858690205622 0.37172005192371066 0.0776612373739121 0.12328423686166778 0.8617233935424293 -0.04927375714475368 
171 -1 0.9663916386654207 1.0798384667654566 1.5741591794040624 0.8626288890649835 2.4860040008664055 -0.36607606313987323 2.9330640288400303 
172 -1 0.32306697222826547 0.43497665637961813 0.2544089175353837 0.224842672065988 0.5331437877604488 0.45245690798166177 0.657878501387721 
173 1 -0.909971971776282 -1.0697009011873384 -1.0653413443332949 -1.2224414357394249 -1.1786225718756367 -1.048186872407819 -1.0331377690160228 
174 -1 1.6097163051025758 1.337783190919792 1.280881343433245 0.5437357805654857 1.1599878067821139 0.9981455553960185 1.42652226066215 
175 1 -0.8563615829065191 -1.0697009011873384 -1.0066857771391315 -1.1733809575087328 -1.1786225718756367 -1.3210311961149974 -1.0946292697579771 
176 1 -0.909971971776282 -1.0267101138282826 -1.0066857771391315 -1.1733809575087328 -1.1304038011816626 -1.1846090342614082 -1.0946292697579771 
177 -1 0.644729305446843 0.6069398058158417 0.69432567149161 0.8380986499496375 0.6536907144953844 0.45245690798166177 0.3504209976779494 
178 1 1.3952747496235243 1.5097463403560156 1.6914703137923894 0.6173264979115236 1.955597523232689 -0.7753425487006407 2.1029287688236473 
179 1 -0.8027511940367561 -0.9407285391101707 -1.0653413443332949 -1.1243204792780408 -1.1786225718756367 -1.048186872407819 -1.063883519387 
180 1 -0.909971971776282 -0.6827838149558353 -0.8013912919595593 0.15125195471995004 -0.4794503968130102 0.9981455553960185 -0.7564260156772283 
181 1 -0.909971971776282 -1.0267101138282826 -1.0360135607362133 -1.1979111966240787 -1.2027319572226238 -1.1846090342614082 -1.063883519387 
182 -1 0.9127812497956578 0.7789029552520653 0.8409645894770187 0.224842672065988 0.4849250170664746 0.7253012316888401 0.7193700021296753 
183 1 -1.0171927495158077 -1.198673263264506 -1.0653413443332949 -1.2224414357394249 -1.1786225718756367 -1.1846090342614082 -1.1561207704999314 
184 1 -0.963582360646045 -1.0697009011873384 -1.1239969115274584 -1.1733809575087328 -1.1786225718756367 -1.1846090342614082 -1.0331377690160228 
185 1 -0.8027511940367561 -1.0267101138282826 -1.0360135607362133 -1.2469716748547708 -1.1786225718756367 -1.1846090342614082 -1.063883519387 
186 -1 0.9127812497956578 0.8218937426111212 0.9289479402682639 0.5927962587961777 1.328753504211024 1.1345677172496076 1.242047758436287 
187 -1 0.055015027879450826 0.3060042943024504 0.4303756191178742 -0.19217139289489366 -0.1901377726491648 1.8166785265175533 0.01221774359720063 
188 -1 0.9127812497956578 0.8648845299701771 0.8409645894770187 0.7399776934882536 0.7983470265773072 1.543834202810375 0.9653360050974925 
189 1 -0.963582360646045 -0.6397930275967794 -0.7427357247653957 0.5192055414501398 0.026846695473719307 -0.09323173943269487 -0.6026972638223426 
190 -1 1.2880539718839983 1.2518016162016803 1.3102091270303267 1.0098103237570593 1.6421755137218563 1.1345677172496076 1.7339797643719215 
191 1 -0.909971971776282 -1.1556824759054503 -1.0653413443332949 -1.2469716748547708 -1.226841342569611 -1.1846090342614082 -1.1561207704999314 
192 -1 0.43028774996779134 0.43497665637961813 0.6063423207003646 0.24937291118133395 0.364378090331539 1.1345677172496076 0.3504209976779494 
193 1 -1.1244135272553337 -1.1556824759054503 -1.182652478721622 -1.2224414357394249 -1.2027319572226238 -1.3210311961149974 -1.0946292697579771 
194 1 -0.909971971776282 -1.0267101138282826 -1.0066857771391315 -1.2224414357394249 -1.1786225718756367 -1.1846090342614082 -1.0946292697579771 
195 -1 -0.4274784719484156 -0.2528759413652763 -0.33214675440625124 1.1569917584491352 0.6778000998423716 0.8617233935424293 0.19669224582306358 
196 1 -0.963582360646045 -1.0697009011873384 -1.0360135607362133 -1.1733809575087328 -1.1545131865286495 -1.1846090342614082 -1.1561207704999314 
197 1 -0.7491408051669932 -0.6397930275967794 -0.6547523739741505 -0.879018088124581 -0.7205442502828815 0.45245690798166177 -0.7564260156772283 
198 1 -0.4274784719484156 -0.5108206655196117 -0.6547523739741505 -1.001669283701311 -1.1062944158346755 -0.9117647105542299 -1.0023920186450457 
199 1 -0.8027511940367561 -1.1126916885463942 -1.0066857771391315 -1.1979111966240787 -1.1786225718756367 -1.3210311961149974 -1.1253750201289543 
200 -1 0.32306697222826547 0.43497665637961813 0.28373670113246546 0.6173264979115236 0.41259686102551324 1.4074120409567858 0.4119124984199037 
201 1 -0.963582360646045 -1.0267101138282826 -1.0946691279303766 -1.2469716748547708 -1.2027319572226238 -1.1846090342614082 -1.063883519387 
202 1 0.9663916386654207 0.9938568920473448 1.0169312910595092 0.3229636285273719 1.3046441188640368 0.8617233935424293 1.3342850095492185 
203 -1 1.0200020275351835 1.2518016162016803 1.2515535598361631 0.7399776934882536 0.9671127240062171 0.8617233935424293 1.1805562576943327 
204 -1 0.7519500831863689 0.5639490184567858 0.5183589699091194 0.49467530233479373 0.6054719438014102 1.1345677172496076 0.5348954999038124 
205 -1 0.698339694316606 0.6929213805339535 0.8996201566711821 0.4456148241041018 0.9912221093532041 0.9981455553960185 1.3957765102911728 
206 -1 0.5375085277073173 0.5639490184567858 0.7529812386857734 0.27390315029667994 0.4608156317194875 1.4074120409567858 0.873098753984561 
207 1 -0.963582360646045 -1.1126916885463942 -1.182652478721622 -1.2715019139701167 -1.2027319572226238 -1.1846090342614082 -1.1561207704999314 
208 -1 1.0200020275351835 0.9938568920473448 1.0755868582536727 0.24937291118133395 0.5331437877604488 2.0895228502247316 0.7501157525006524 
209 -1 0.644729305446843 0.8218937426111212 0.8996201566711821 0.224842672065988 0.026846695473719307 1.2709898791031968 0.13520074508110927 
210 1 -0.6955304162972302 -1.0267101138282826 -1.0360135607362133 -1.1733809575087328 -1.1545131865286495 -1.048186872407819 -1.063883519387 
211 1 -0.909971971776282 -1.0697009011873384 -1.1239969115274584 -1.2469716748547708 -1.1545131865286495 -1.1846090342614082 -1.1868665208709086 
212 -1 1.2344435830142353 1.5097463403560156 1.3981924778215717 1.230582475795173 1.6421755137218563 0.31603474612807264 1.85696276585583 
213 1 -0.6419200274274673 -0.8547469643920589 -0.8893746427508045 -1.1243204792780408 -1.1545131865286495 -1.1846090342614082 -1.063883519387 
214 1 -1.0171927495158077 -1.0267101138282826 -1.0066857771391315 -1.2224414357394249 -1.1304038011816626 -1.1846090342614082 -1.0946292697579771 
215 1 -0.8563615829065191 -0.4248390908014999 -0.5667690231829052 1.377763910487249 0.17150300755564205 0.31603474612807264 -0.3259855104835481 
216 -1 -0.2666473053391268 0.1340411448662268 0.049114432355811456 0.9852800846417133 0.3884874756785261 0.31603474612807264 0.19669224582306358 
217 1 -0.8027511940367561 -0.7257746023148912 -0.948030209944968 -1.148850718393387 -1.1062944158346755 -0.9117647105542299 -1.0946292697579771 
218 -1 0.26945658335850253 0.1770319322252827 0.10776999954997495 0.4456148241041018 0.4608156317194875 0.9981455553960185 0.38116674804892653 
219 -1 3.8077422487628563 2.92844232320486 2.424664903719433 1.6721267798714008 1.1117690360881398 0.31603474612807264 0.9653360050974925 
220 1 -0.963582360646045 -1.1126916885463942 -1.1239969115274584 -1.2469716748547708 -1.2027319572226238 -1.3210311961149974 -1.0946292697579771 
221 -1 1.7169370828421018 1.681709489792239 1.8674370153748798 0.7399776934882536 1.1117690360881398 1.8166785265175533 1.5802510125170357 
222 -1 0.5911189165770802 0.6929213805339535 1.1635702090449178 0.9607498455263673 0.8465657972712815 0.7253012316888401 0.38116674804892653 
223 1 -0.963582360646045 -1.198673263264506 -1.1533246951245402 -1.2224414357394249 -1.1786225718756367 -1.1846090342614082 -1.063883519387 
224 1 0.644729305446843 0.6069398058158417 0.7529812386857734 0.27390315029667994 0.5090344024134618 0.7253012316888401 0.7808615028716296 
225 -1 0.3766773610980284 0.6929213805339535 0.6356701042974464 0.8626288890649835 0.7260188705363458 0.8617233935424293 0.7808615028716296 
226 1 -1.0171927495158077 -1.0267101138282826 -1.0946691279303766 -1.1733809575087328 -1.1786225718756367 -1.1846090342614082 -1.0946292697579771 
227 1 -0.963582360646045 -0.9407285391101707 -1.0066857771391315 -1.1979111966240787 -1.1786225718756367 -1.048186872407819 -1.063883519387 
228 1 -0.8027511940367561 -1.1126916885463942 -1.0360135607362133 -1.1979111966240787 -1.2027319572226238 -1.1846090342614082 -1.0946292697579771 
229 -1 1.3952747496235243 1.337783190919792 2.102059284151534 0.9852800846417133 1.5216285869869208 0.9981455553960185 1.7647255147428986 
230 -1 -0.10581613872983797 0.1340411448662268 0.37172005192371066 0.5927962587961777 0.6778000998423716 0.45245690798166177 0.6886242517586981 
231 1 -0.48108886081817853 -0.0809127919290527 -0.12685226922667903 1.0834010411030972 0.364378090331539 0.588879069835251 -0.01852800677377653 
232 -1 0.8055604720561319 0.8218937426111212 0.69432567149161 0.3965543458734098 0.77423764123032 1.8166785265175533 1.026827505839447 
233 1 -0.8563615829065191 -1.0697009011873384 -1.0653413443332949 -1.2224414357394249 -1.1786225718756367 -1.1846090342614082 -1.0946292697579771 
234 1 -0.909971971776282 -1.0267101138282826 -1.1239969115274584 -1.1979111966240787 -1.2027319572226238 -1.1846090342614082 -1.0946292697579771 
235 -1 5.14800197050693 4.304147518694649 3.597776247602703 1.426824388717941 1.0153314947001912 0.9981455553960185 1.3035392591782413 
236 -1 0.9663916386654207 1.1228292541245126 1.2515535598361631 0.8380986499496375 1.328753504211024 0.8617233935424293 1.0883190065814012 
237 -1 1.7169370828421018 1.5527371277150714 1.5741591794040624 0.7154474543729076 0.6778000998423716 1.4074120409567858 0.8423530036135839 
238 1 -0.8563615829065191 -0.9837193264692266 -1.0653413443332949 -1.1979111966240787 -1.1545131865286495 -1.3210311961149974 -1.1253750201289543 
239 1 -1.0708031383855707 -1.1126916885463942 -1.0946691279303766 -1.2224414357394249 -1.1545131865286495 -1.1846090342614082 -1.1561207704999314 
240 -1 0.26945658335850253 0.2630135069433945 0.37172005192371066 1.6230663016407088 1.2082065774760882 0.9981455553960185 1.057573256210424 
241 -1 1.1808331941444725 1.1658200414835684 1.0169312910595092 0.8135684108342914 0.7019094851893587 0.8617233935424293 0.873098753984561 
242 1 -0.8027511940367561 -1.0267101138282826 -1.0653413443332949 -1.2224414357394249 -1.1545131865286495 -1.1846090342614082 -1.0331377690160228 
243 -1 0.43028774996779134 0.477967443738674 0.5183589699091194 0.3229636285273719 0.7019094851893587 0.04319042242089429 0.8423530036135839 
244 1 -1.0171927495158077 -1.0267101138282826 -1.0066857771391315 -1.1979111966240787 -1.1786225718756367 -1.1846090342614082 -1.1253750201289543 
245 1 -0.8563615829065191 -0.811756177033003 -1.0066857771391315 -1.1243204792780408 -1.1545131865286495 -0.5024982249934624 -1.0331377690160228 
246 1 -0.5346992496879415 -0.037922004569996795 -0.18550783642084254 1.328703432256557 0.5813625584544231 0.31603474612807264 0.07370924433915495 
247 1 -0.8027511940367561 -0.811756177033003 -0.9187024263478862 -1.026199522816657 -1.0821850304876883 0.588879069835251 -1.0023920186450457 
248 1 -0.8563615829065191 -0.8977377517511148 -1.0360135607362133 -1.148850718393387 -1.1545131865286495 -0.36607606313987323 -1.0946292697579771 
249 -1 1.0200020275351835 0.9508661046882889 1.0169312910595092 0.49467530233479373 0.8465657972712815 1.1345677172496076 1.0883190065814012 
250 1 -0.8563615829065191 -0.5538114528786676 -0.7720635083624775 1.304173193141211 0.21972177824961628 -0.22965390128628405 -0.3567312608545253 
251 1 -0.8027511940367561 -0.9837193264692266 -1.0653413443332949 -1.1979111966240787 -1.1545131865286495 -1.1846090342614082 -1.0946292697579771 
252 1 -1.0171927495158077 -1.0267101138282826 -1.0066857771391315 -1.2224414357394249 -1.2027319572226238 -1.3210311961149974 -1.1253750201289543 
253 1 -0.8563615829065191 -0.9837193264692266 -1.0066857771391315 -1.1979111966240787 -1.1786225718756367 -1.1846090342614082 -1.0023920186450457 
254 -1 0.698339694316606 0.7359121678930094 0.6063423207003646 0.4456148241041018 0.7260188705363458 0.7253012316888401 0.9653360050974925 
255 1 -0.8563615829065191 -0.9837193264692266 -1.0653413443332949 -1.148850718393387 -1.1786225718756367 -0.9117647105542299 -1.0946292697579771 
256 1 -0.909971971776282 -1.0697009011873384 -1.0653413443332949 -1.2224414357394249 -1.1786225718756367 -1.1846090342614082 -1.1253750201289543 
257 1 -0.909971971776282 -0.9407285391101707 -1.0653413443332949 -1.1733809575087328 -1.1545131865286495 -1.1846090342614082 -1.1253750201289543 
258 1 -1.1244135272553337 -1.0697009011873384 -0.9187024263478862 -0.8544878490092351 -0.7687630209768557 -1.1846090342614082 -0.9101547675321141 
259 1 -1.0171927495158077 -0.8977377517511148 -0.948030209944968 -1.1733809575087328 -1.1786225718756367 -0.7753425487006407 -1.063883519387 
260 -1 1.9313786383211535 1.5957279150741275 1.5448313958069806 0.7399776934882536 1.1599878067821139 1.1345677172496076 1.3035392591782413 
261 -1 0.1622358056189767 0.6499305931748977 0.6063423207003646 1.2060522366798272 1.135878421435127 0.588879069835251 1.1498105073233555 
262 -1 0.5911189165770802 0.6069398058158417 0.6649978878945282 0.05313099825856613 0.21972177824961628 1.4074120409567858 0.4119124984199037 
263 1 -0.909971971776282 -1.1126916885463942 -1.0360135607362133 -1.2224414357394249 -1.2027319572226238 -1.1846090342614082 -1.0331377690160228 
264 -1 0.9127812497956578 1.0798384667654566 1.1635702090449178 0.37202410675806385 0.6295813291483974 1.9531006883711426 0.9038445043555382 
265 -1 0.698339694316606 0.7359121678930094 0.9582757238653457 0.200312432950642 0.9430033386592299 1.2709898791031968 1.1805562576943327 
266 -1 0.1622358056189767 0.7789029552520653 0.8996201566711821 0.9362196064110214 0.3884874756785261 -0.09323173943269487 0.28892949693599507 
267 1 -0.7491408051669932 -1.0697009011873384 -1.0066857771391315 -1.2224414357394249 -1.1545131865286495 -1.3210311961149974 -1.1253750201289543 
268 -1 0.3766773610980284 0.3060042943024504 0.10776999954997495 0.9116893672956754 0.41259686102551324 0.7253012316888401 0.28892949693599507 
269 -1 -0.5346992496879415 -0.037922004569996795 -0.09752448562959729 1.4758848669486329 0.7983470265773072 -0.09323173943269487 0.3196752473069722 
270 -1 0.3766773610980284 0.5209582310977299 0.4303756191178742 0.49467530233479373 0.29204993429057763 0.7253012316888401 0.3504209976779494 
271 1 -0.8563615829065191 -1.0267101138282826 -1.0653413443332949 -1.2224414357394249 -1.2027319572226238 -1.3210311961149974 -1.1253750201289543 
272 1 0.4838981388375543 0.3489950816615063 0.2544089175353837 -0.1676411537795477 1.4493004309459594 0.31603474612807264 1.5187595117750814 
273 1 0.5375085277073173 0.1770319322252827 0.0784422159528932 -0.4865342622790454 -0.5758879382009587 0.31603474612807264 -0.6641887645642969 
274 -1 1.2344435830142353 1.2088108288426243 1.1635702090449178 0.6418567370268696 0.8224564119242943 0.7253012316888401 0.9038445043555382 
275 1 -0.8563615829065191 -0.9407285391101707 -0.8893746427508045 -1.0997902401626949 -1.033966259793714 -0.9117647105542299 -1.063883519387 
276 1 -0.963582360646045 -1.0697009011873384 -1.0946691279303766 -1.2469716748547708 -1.2027319572226238 -1.1846090342614082 -1.1253750201289543 
277 -1 0.10862541674921375 0.5209582310977299 0.3130644847295472 1.6230663016407088 1.0394408800471784 0.8617233935424293 0.5656412502747895 
278 -1 0.055015027879450826 0.1340411448662268 0.1370977831470567 0.3474938676427179 0.4849250170664746 0.588879069835251 0.4119124984199037 
279 1 -1.0171927495158077 -1.0697009011873384 -1.0066857771391315 -1.2469716748547708 -1.226841342569611 -1.1846090342614082 -1.063883519387 
280 -1 0.7519500831863689 0.7359121678930094 1.3688646942244902 0.8135684108342914 1.4975192016399337 0.9981455553960185 1.7032340140009443 
281 1 -0.909971971776282 -1.0697009011873384 -1.0360135607362133 -1.1979111966240787 -1.2027319572226238 -1.1846090342614082 -1.0946292697579771 
282 1 -0.963582360646045 -0.5968022402377235 -0.6254245903770688 1.0834010411030972 0.2438311635966034 0.7253012316888401 -0.29523976011257097 
283 1 -1.0171927495158077 -1.0697009011873384 -1.1239969115274584 -1.2469716748547708 -1.2027319572226238 -1.1846090342614082 -1.1253750201289543 
284 -1 -0.05220574986007504 0.2200227195843386 0.34239226832662895 0.42108458498875584 0.07506546616769355 0.8617233935424293 0.042963493968177786 
285 1 -0.963582360646045 -1.1126916885463942 -1.0360135607362133 -1.2469716748547708 -1.2027319572226238 -1.1846090342614082 -1.1561207704999314 
286 -1 0.644729305446843 0.6499305931748977 0.7529812386857734 0.42108458498875584 0.12328423686166778 0.31603474612807264 0.042963493968177786 
287 1 -0.3202576942088897 -0.12390357928810859 -0.12685226922667903 1.2796429540258651 0.21972177824961628 0.17961258427448346 -0.17225675862866233 
288 -1 0.32306697222826547 0.43497665637961813 0.5770145371032829 0.5437357805654857 0.5572531731074359 0.8617233935424293 0.5656412502747895 
289 1 -0.909971971776282 -1.1126916885463942 -1.0653413443332949 -1.2224414357394249 -1.1786225718756367 -1.1846090342614082 -1.0946292697579771 
290 1 -0.8563615829065191 -1.0697009011873384 -1.1239969115274584 -1.1979111966240787 -1.1786225718756367 -1.1846090342614082 -1.1253750201289543 
291 1 -0.1594265275996009 -0.037922004569996795 -0.03886891843543379 -0.5110645013943914 -0.0937002312612163 -1.1846090342614082 0.22743799619404073 
292 -1 0.21584619448873962 0.7359121678930094 0.5183589699091194 0.9362196064110214 0.9671127240062171 0.8617233935424293 0.4119124984199037 
293 -1 1.0736124164049465 1.0368476794064008 0.9289479402682639 0.7890381717189455 1.184097192129101 0.7253012316888401 1.242047758436287 
294 1 -0.963582360646045 -1.0267101138282826 -1.1239969115274584 -1.2224414357394249 -1.2027319572226238 -1.1846090342614082 -1.0946292697579771 
295 -1 2.2530409715397313 2.154608150741854 1.9554203661661251 1.304173193141211 1.8350505964977535 0.8617233935424293 1.9799457673397385 
296 -1 0.26945658335850253 0.3060042943024504 0.22508113393830195 1.574005823410017 0.7260188705363458 0.9981455553960185 0.19669224582306358 
297 1 -0.6419200274274673 -0.8547469643920589 -0.9187024263478862 -1.0997902401626949 -1.1304038011816626 -1.048186872407819 -1.0946292697579771 
298 1 -0.963582360646045 -1.0697009011873384 -1.0653413443332949 -1.2224414357394249 -1.1786225718756367 -1.3210311961149974 -1.0946292697579771 
299 1 -0.909971971776282 -1.1556824759054503 -1.0653413443332949 -1.2224414357394249 -1.2027319572226238 -1.3210311961149974 -1.1253750201289543 
300 -1 1.6097163051025758 1.4667555529969598 0.6649978878945282 0.4456148241041018 1.2564253481700625 1.543834202810375 1.5802510125170357 
301 -1 0.055015027879450826 0.2200227195843386 0.3130644847295472 0.24937291118133395 0.5572531731074359 1.1345677172496076 0.6886242517586981 
302 -1 1.2344435830142353 0.907875317329233 0.8996201566711821 0.3474938676427179 0.750128255883333 0.9981455553960185 0.873098753984561 
303 -1 0.0014046390096878888 0.3919858690205622 0.2544089175353837 0.49467530233479373 0.9188939533122428 0.8617233935424293 0.7501157525006524 
304 -1 -0.3202576942088897 0.0910503575071709 -0.03886891843543379 1.0098103237570593 0.9188939533122428 0.7253012316888401 0.28892949693599507 
305 1 -0.8027511940367561 -1.198673263264506 -1.0946691279303766 -1.2224414357394249 -1.2027319572226238 -1.1846090342614082 -1.1253750201289543 
306 -1 0.698339694316606 0.6499305931748977 0.7529812386857734 0.1021914764892581 0.29204993429057763 0.8617233935424293 0.44265824879088084 
307 -1 0.9127812497956578 0.8218937426111212 0.8996201566711821 0.2984333894120259 0.5090344024134618 0.31603474612807264 0.6886242517586981 
308 -1 0.43028774996779134 0.5209582310977299 0.8116368058799369 0.6418567370268696 0.9430033386592299 0.7253012316888401 0.873098753984561 
309 -1 0.3766773610980284 0.5639490184567858 0.40104783552079243 1.255112714910519 1.2564253481700625 -0.09323173943269487 0.9345902547265154 
310 -1 0.3766773610980284 0.6499305931748977 0.6063423207003646 1.0834010411030972 1.0153314947001912 0.8617233935424293 0.5963870006457667 
311 1 -0.8563615829065191 -1.0697009011873384 -1.0653413443332949 -1.2224414357394249 -1.2027319572226238 -1.1846090342614082 -1.063883519387 
312 1 -0.963582360646045 -1.1556824759054503 -1.0653413443332949 -1.2224414357394249 -1.1786225718756367 -1.1846090342614082 -1.0946292697579771 
313 1 -0.8027511940367561 -1.0267101138282826 -0.9773579935420497 -1.1979111966240787 -1.1786225718756367 -1.1846090342614082 -1.063883519387 
314 -1 0.3766773610980284 0.5639490184567858 0.5770145371032829 0.224842672065988 0.34026870498455186 1.1345677172496076 0.5348954999038124 
315 -1 1.556105916232813 1.5957279150741275 1.4568480450157353 0.8135684108342914 1.1599878067821139 0.8617233935424293 1.3035392591782413 
316 1 -0.8563615829065191 -1.0697009011873384 -1.0066857771391315 -1.1979111966240787 -1.1786225718756367 -1.1846090342614082 -1.0946292697579771 
317 1 -0.8563615829065191 -0.3388575160833881 -0.33214675440625124 1.0343405628724054 0.6536907144953844 0.31603474612807264 0.13520074508110927 
318 1 -0.5883096385577044 -0.8547469643920589 -0.8893746427508045 -0.977139044585965 -0.6723254795889072 -0.7753425487006407 -0.6026972638223426 
319 -1 -0.21303691646936385 -0.037922004569996795 -0.00954113483835204 0.7399776934882536 0.41259686102551324 -0.09323173943269487 0.44265824879088084 
320 1 -0.8027511940367561 -0.5538114528786676 -0.7427357247653957 0.8626288890649835 -0.021372075220254937 -0.09323173943269487 -0.5719515134513654 
321 -1 0.26945658335850253 0.3489950816615063 0.34239226832662895 0.8626288890649835 0.7260188705363458 1.1345677172496076 0.6271327510167438 
322 -1 0.9127812497956578 0.9508661046882889 0.8996201566711821 0.42108458498875584 1.184097192129101 0.7253012316888401 1.2727935088072642 
323 -1 0.698339694316606 0.6929213805339535 0.7236534550886916 0.4456148241041018 0.5331437877604488 0.45245690798166177 0.473403999161858 
324 -1 0.5375085277073173 0.7789029552520653 0.8702923730741003 1.181521997564481 0.9188939533122428 0.9981455553960185 0.7808615028716296 
325 1 -0.6419200274274673 -0.6397930275967794 -0.8307190755566409 -1.075260001047349 -1.1545131865286495 -1.048186872407819 -1.063883519387 
326 -1 1.3416643607537613 1.337783190919792 1.4275202614186535 0.9607498455263673 1.0153314947001912 0.8617233935424293 1.2113020080653099 
327 1 0.1622358056189767 0.3489950816615063 0.28373670113246546 0.6663869761422156 0.41259686102551324 0.7253012316888401 0.13520074508110927 
328 -1 -0.05220574986007504 0.048059570148115 0.0784422159528932 1.0098103237570593 0.7019094851893587 0.588879069835251 0.2581837465650179 
329 -1 0.8055604720561319 0.7359121678930094 0.7529812386857734 0.17578219383529603 0.4367062463725004 1.543834202810375 0.7193700021296753 
330 -1 1.556105916232813 1.4237647656379038 1.4275202614186535 0.5927962587961777 0.9671127240062171 1.2709898791031968 0.9038445043555382 
331 -1 1.448885138493287 1.1228292541245126 1.134242425447836 0.17578219383529603 0.7260188705363458 1.1345677172496076 1.057573256210424 
332 1 -1.0171927495158077 -0.9837193264692266 -0.948030209944968 -1.1733809575087328 -1.1786225718756367 -1.1846090342614082 -1.1253750201289543 
333 1 -0.7491408051669932 -0.4678298781605558 -0.596096806779987 1.328703432256557 0.26794054894359054 -0.22965390128628405 -0.3259855104835481 
334 -1 1.0200020275351835 1.0798384667654566 1.2222257762390814 0.5682660196808317 0.7260188705363458 0.588879069835251 0.7501157525006524 
335 1 -0.909971971776282 -1.1126916885463942 -1.0360135607362133 -1.2224414357394249 -1.226841342569611 -1.3210311961149974 -1.1868665208709086 
336 -1 0.698339694316606 0.8218937426111212 1.134242425447836 0.8871591281803294 1.4251910455989723 0.9981455553960185 1.7954712651138758 
337 -1 1.1272228052747095 1.1228292541245126 1.0169312910595092 0.8135684108342914 0.9188939533122428 0.8617233935424293 0.8423530036135839 
338 -1 0.8055604720561319 0.8648845299701771 0.7823090222828551 0.8626288890649835 0.5813625584544231 0.8617233935424293 0.5041497495328352 
339 -1 -0.48108886081817853 -0.1668943666471645 -0.24416340361500602 1.500415106063979 0.6054719438014102 0.45245690798166177 0.042963493968177786 
340 -1 1.6633266939723388 1.4237647656379038 1.5448313958069806 0.6173264979115236 1.2564253481700625 1.1345677172496076 1.5187595117750814 
341 1 -0.963582360646045 -0.9837193264692266 -1.0360135607362133 -1.2224414357394249 -1.2027319572226238 -1.3210311961149974 -1.1253750201289543 
342 -1 0.5911189165770802 0.5639490184567858 0.4597034027149559 0.5192055414501398 0.7019094851893587 0.9981455553960185 0.5963870006457667 
343 1 -0.909971971776282 -1.0267101138282826 -1.0360135607362133 -1.1979111966240787 -1.1786225718756367 -1.1846090342614082 -1.1253750201289543 
344 1 -0.963582360646045 -0.7687653896739471 -0.8307190755566409 0.17578219383529603 -0.431231626119036 -0.09323173943269487 -0.6641887645642969 
345 1 -1.0171927495158077 -1.0267101138282826 -1.0946691279303766 -1.1979111966240787 -1.1786225718756367 -1.1846090342614082 -1.0946292697579771 
346 1 -1.0171927495158077 -1.0697009011873384 -1.0066857771391315 -1.1733809575087328 -1.1545131865286495 -1.4574533579685864 -1.1253750201289543 
347 -1 0.43028774996779134 0.43497665637961813 0.5183589699091194 0.7154474543729076 0.8224564119242943 0.8617233935424293 0.4119124984199037 
348 -1 0.26945658335850253 0.2200227195843386 0.7823090222828551 0.224842672065988 0.05095608082070643 1.543834202810375 0.042963493968177786 
349 1 -0.48108886081817853 -0.3388575160833881 -0.33214675440625124 0.5437357805654857 0.12328423686166778 0.17961258427448346 -0.14151100825768517 
350 1 -0.8027511940367561 -0.38184830344244397 -0.6254245903770688 1.2796429540258651 0.3884874756785261 0.8617233935424293 -0.4182227615964796 
351 -1 1.2344435830142353 1.5097463403560156 1.3395369106274084 1.402294149602595 1.328753504211024 0.588879069835251 1.3035392591782413 
352 -1 -0.1594265275996009 0.6929213805339535 0.8116368058799369 0.3965543458734098 0.41259686102551324 -0.36607606313987323 0.473403999161858 
353 -1 0.7519500831863689 0.7789029552520653 0.5183589699091194 0.5192055414501398 0.5090344024134618 0.31603474612807264 0.3504209976779494 
354 -1 0.43028774996779134 0.6499305931748977 0.8996201566711821 0.2984333894120259 0.8224564119242943 0.588879069835251 1.057573256210424 
355 1 -0.8027511940367561 -1.1556824759054503 -1.0653413443332949 -1.1979111966240787 -1.2027319572226238 -1.048186872407819 -1.0946292697579771 
356 1 -0.21303691646936385 0.0050687827890591045 -0.12685226922667903 1.5985360625253628 0.8465657972712815 0.7253012316888401 0.22743799619404073 
357 -1 0.0014046390096878888 0.3489950816615063 0.3130644847295472 0.9362196064110214 0.8947845679652556 0.45245690798166177 0.7193700021296753 
358 -1 0.10862541674921375 0.2630135069433945 0.37172005192371066 -0.11858067554885572 0.002737310126732185 0.8617233935424293 -0.17225675862866233 
359 -1 0.5911189165770802 0.7359121678930094 0.7236534550886916 0.4456148241041018 0.6295813291483974 0.9981455553960185 0.8116072532426067 
360 -1 0.10862541674921375 0.1770319322252827 0.10776999954997495 1.377763910487249 0.3161593196375648 0.45245690798166177 -0.23374825937061663 
361 -1 0.9663916386654207 0.907875317329233 0.9289479402682639 1.524945345179325 2.2449101473965345 0.31603474612807264 2.6256065251302587 
362 1 -1.0171927495158077 -1.1556824759054503 -1.0066857771391315 -1.2224414357394249 -1.2027319572226238 -1.1846090342614082 -1.0946292697579771 
363 -1 0.644729305446843 0.6499305931748977 0.9289479402682639 0.8380986499496375 1.2323159628230753 0.45245690798166177 1.5495052621460585 
364 1 -0.6955304162972302 -0.5538114528786676 -0.7720635083624775 -0.952608805470619 -1.0821850304876883 0.588879069835251 -1.063883519387 
365 -1 1.3952747496235243 1.0798384667654566 1.0169312910595092 0.224842672065988 0.5331437877604488 0.8617233935424293 0.6271327510167438 
366 1 -0.963582360646045 -1.0697009011873384 -1.0653413443332949 -1.2224414357394249 -1.2027319572226238 -1.1846090342614082 -1.0946292697579771 
367 1 -0.1594265275996009 0.0050687827890591045 0.0784422159528932 0.5192055414501398 0.8465657972712815 0.04319042242089429 0.8423530036135839 
368 1 -0.963582360646045 -1.0267101138282826 -1.1239969115274584 -1.2224414357394249 -1.2027319572226238 -1.1846090342614082 -1.1561207704999314 
369 1 -0.8563615829065191 -1.0267101138282826 -1.1239969115274584 -1.1979111966240787 -1.1545131865286495 -1.1846090342614082 -1.1253750201289543 
370 1 -0.8027511940367561 -0.8977377517511148 -0.8893746427508045 -1.1243204792780408 -1.1545131865286495 -1.048186872407819 -1.0331377690160228 
371 1 -0.8027511940367561 -0.5968022402377235 -0.6840801575712322 0.6909172152575616 0.1473936222086549 -0.36607606313987323 -0.44896851196745674 
372 -1 1.3952747496235243 1.0798384667654566 0.9876035074624274 0.3474938676427179 0.9912221093532041 1.1345677172496076 1.242047758436287 
373 -1 0.9663916386654207 1.2518016162016803 1.8967647989719616 1.328703432256557 0.6778000998423716 0.31603474612807264 1.457268011033127 
374 -1 1.7169370828421018 1.380773978278848 1.9260925825690434 0.8626288890649835 1.4251910455989723 1.9531006883711426 1.3650307599201956 
375 1 0.4838981388375543 0.6069398058158417 0.37172005192371066 0.9116893672956754 0.05095608082070643 0.04319042242089429 0.042963493968177786 
376 -1 1.6633266939723388 1.5957279150741275 1.486175828612817 0.7890381717189455 0.9671127240062171 0.7253012316888401 1.2113020080653099 
377 1 -0.8563615829065191 -1.1126916885463942 -1.0653413443332949 -1.2469716748547708 -1.2027319572226238 -1.3210311961149974 -1.0946292697579771 
378 1 -0.8563615829065191 -1.0697009011873384 -1.0066857771391315 -1.2224414357394249 -1.2027319572226238 -1.1846090342614082 -1.0946292697579771 
379 -1 0.8055604720561319 0.8648845299701771 0.8116368058799369 0.15125195471995004 0.5572531731074359 -1.1846090342614082 0.657878501387721 
380 1 -0.8563615829065191 -1.1126916885463942 -1.0946691279303766 -1.2715019139701167 -1.226841342569611 -1.1846090342614082 -1.1253750201289543 
381 -1 0.32306697222826547 0.5639490184567858 0.4890311863120377 0.3474938676427179 0.19561239290262916 0.7253012316888401 0.4119124984199037 
382 1 -0.963582360646045 -1.0697009011873384 -1.0066857771391315 -1.2224414357394249 -1.1786225718756367 -1.1846090342614082 -1.1561207704999314 
383 -1 0.644729305446843 0.6069398058158417 0.6356701042974464 0.9116893672956754 0.5813625584544231 0.8617233935424293 0.8423530036135839 
384 1 -0.909971971776282 -1.1126916885463942 -1.0360135607362133 -1.2224414357394249 -1.2027319572226238 -1.1846090342614082 -1.1253750201289543 
385 -1 -0.3202576942088897 -0.12390357928810859 0.0784422159528932 1.181521997564481 0.6778000998423716 -0.09323173943269487 0.3196752473069722 
386 1 -0.909971971776282 -0.5968022402377235 -0.713407941168314 1.402294149602595 0.41259686102551324 -0.36607606313987323 -0.3567312608545253 
387 1 -0.909971971776282 -1.198673263264506 -1.0946691279303766 -1.2224414357394249 -1.2027319572226238 -1.1846090342614082 -1.063883519387 
388 1 -0.8563615829065191 -1.0697009011873384 -1.0066857771391315 -1.1979111966240787 -1.1786225718756367 -1.1846090342614082 -1.1561207704999314 
389 -1 0.9127812497956578 0.8648845299701771 0.8116368058799369 0.47014506321944777 1.135878421435127 0.8617233935424293 1.3650307599201956 
390 1 -0.909971971776282 -1.0267101138282826 -1.0653413443332949 -1.1979111966240787 -1.1545131865286495 -1.3210311961149974 -1.063883519387 
391 1 -0.4274784719484156 -0.2098851540062204 -0.21483562001792428 1.451354627833287 0.8224564119242943 -0.09323173943269487 0.19669224582306358 
392 -1 0.055015027879450826 0.3489950816615063 0.16642556674413844 1.328703432256557 0.750128255883333 0.7253012316888401 0.38116674804892653 
393 1 -0.8563615829065191 -1.198673263264506 -1.0653413443332949 -1.2469716748547708 -1.2027319572226238 -1.1846090342614082 -1.0946292697579771 
394 -1 0.5911189165770802 0.6499305931748977 0.4597034027149559 0.5927962587961777 0.19561239290262916 0.7253012316888401 0.07370924433915495 
395 1 -0.8563615829065191 -1.0697009011873384 -1.0360135607362133 -1.2224414357394249 -1.2027319572226238 -1.1846090342614082 -1.0331377690160228 
396 -1 0.8055604720561319 0.7359121678930094 0.8996201566711821 0.7399776934882536 1.0394408800471784 0.588879069835251 1.2113020080653099 
397 -1 0.1622358056189767 0.3060042943024504 0.4597034027149559 0.1021914764892581 0.750128255883333 0.7253012316888401 1.0883190065814012 
398 1 -0.8563615829065191 -1.0697009011873384 -1.0360135607362133 -1.2224414357394249 -1.1545131865286495 -1.1846090342614082 -1.1253750201289543 
399 -1 0.21584619448873962 0.1770319322252827 0.1370977831470567 0.3229636285273719 0.1473936222086549 0.588879069835251 0.07370924433915495 
400 -1 1.9849890271909165 2.19759893810091 2.54197603810776 1.377763910487249 2.6788790836423026 0.17961258427448346 2.9945555295819846 
401 1 -1.0171927495158077 -1.198673263264506 -1.1239969115274584 -1.1979111966240787 -1.2027319572226238 -1.1846090342614082 -1.1561207704999314 
402 -1 1.556105916232813 1.337783190919792 1.1928979926419996 0.5927962587961777 0.7983470265773072 0.7253012316888401 0.9653360050974925 
403 1 -0.909971971776282 -1.1126916885463942 -1.0946691279303766 -1.2469716748547708 -1.2027319572226238 -1.1846090342614082 -1.1253750201289543 
404 1 -0.963582360646045 -1.1126916885463942 -1.0360135607362133 -1.1733809575087328 -1.2027319572226238 -1.1846090342614082 -1.1253750201289543 
405 1 -0.963582360646045 -0.8977377517511148 -1.0360135607362133 -1.1243204792780408 -1.1786225718756367 -0.9117647105542299 -1.063883519387 
406 -1 1.50249552736305 1.5957279150741275 1.2515535598361631 1.328703432256557 1.5698473576808951 0.7253012316888401 1.6109967628880129 
407 -1 0.1622358056189767 0.2200227195843386 0.34239226832662895 1.1569917584491352 1.2082065774760882 0.8617233935424293 0.7808615028716296 
408 -1 0.9127812497956578 0.3060042943024504 0.6356701042974464 0.6418567370268696 0.5572531731074359 0.7253012316888401 0.7501157525006524 
409 1 -0.48108886081817853 -0.2528759413652763 -0.3908023216004148 1.500415106063979 0.6054719438014102 -0.5024982249934624 -0.110765257886708 
410 -1 0.4838981388375543 0.8218937426111212 1.046259074656591 0.7154474543729076 0.77423764123032 0.588879069835251 0.8423530036135839 
411 1 -0.2666473053391268 -0.5108206655196117 -0.3908023216004148 -0.7808971316631972 -0.5999973235479459 -0.6389203868470515 -0.44896851196745674 
412 1 -0.8563615829065191 -0.9407285391101707 -0.8893746427508045 -1.1733809575087328 -1.1545131865286495 -1.1846090342614082 -1.063883519387 
413 1 -0.909971971776282 -1.1126916885463942 -1.0360135607362133 -1.2224414357394249 -1.2027319572226238 -1.3210311961149974 -1.0946292697579771 
414 -1 1.1272228052747095 1.2088108288426243 1.134242425447836 1.0588708019877513 0.9430033386592299 0.31603474612807264 0.9038445043555382 
415 -1 -0.37386808307865266 -0.0809127919290527 -0.27349118721208776 1.0098103237570593 0.4849250170664746 0.31603474612807264 -0.04927375714475368 
416 -1 0.32306697222826547 0.477967443738674 0.5770145371032829 0.3229636285273719 0.6054719438014102 0.9981455553960185 0.6886242517586981 
417 -1 0.0014046390096878888 0.477967443738674 0.4890311863120377 0.9852800846417133 1.4493004309459594 1.2709898791031968 1.0883190065814012 
418 1 -0.8027511940367561 -0.9837193264692266 -1.0066857771391315 -1.1733809575087328 -1.1786225718756367 -1.3210311961149974 -1.0946292697579771 
419 -1 0.43028774996779134 0.9508661046882889 1.2515535598361631 0.8871591281803294 0.9671127240062171 1.4074120409567858 1.0883190065814012 
420 1 -0.963582360646045 -1.0697009011873384 -1.182652478721622 -1.2224414357394249 -1.2027319572226238 -1.1846090342614082 -1.0331377690160228 
421 1 -0.909971971776282 -1.0697009011873384 -1.0946691279303766 -1.1733809575087328 -1.2027319572226238 -1.1846090342614082 -1.063883519387 
422 1 -1.0171927495158077 -1.1126916885463942 -1.1239969115274584 -1.2224414357394249 -1.1786225718756367 -1.1846090342614082 -1.063883519387 
423 -1 1.7169370828421018 1.4667555529969598 1.3688646942244902 0.9852800846417133 0.8706751826182686 1.2709898791031968 0.873098753984561 
424 1 -0.909971971776282 -1.1126916885463942 -1.0653413443332949 -1.2469716748547708 -1.2027319572226238 -1.1846090342614082 -1.063883519387 
425 -1 0.7519500831863689 0.8648845299701771 1.0169312910595092 0.8135684108342914 0.8947845679652556 0.7253012316888401 0.9960817554684697 
426 1 -1.0708031383855707 -1.1556824759054503 -1.1239969115274584 -1.2469716748547708 -1.2027319572226238 -1.1846090342614082 -1.0946292697579771 
427 -1 0.8591708609258948 0.8218937426111212 1.1049146418507543 0.4456148241041018 0.9188939533122428 1.4074120409567858 1.026827505839447 
428 -1 0.644729305446843 0.7789029552520653 0.9876035074624274 0.6909172152575616 0.7983470265773072 0.45245690798166177 0.6271327510167438 
429 -1 0.5375085277073173 0.5639490184567858 0.8702923730741003 0.4456148241041018 0.8224564119242943 -0.09323173943269487 1.057573256210424 
430 -1 4.879950026158115 4.132184369258425 3.245842844437722 1.426824388717941 1.3046441188640368 1.4074120409567858 1.64174251325899 
431 1 -0.3202576942088897 -0.2958667287243322 -0.21483562001792428 -0.4865342622790454 -0.5035597821599973 0.45245690798166177 -0.3567312608545253 
432 -1 1.1808331941444725 0.907875317329233 0.9876035074624274 0.3229636285273719 1.2564253481700625 1.1345677172496076 1.057573256210424 
433 1 -0.7491408051669932 -0.3388575160833881 -0.47878567239166 1.2796429540258651 0.3884874756785261 -0.09323173943269487 -0.20300250899963948 
434 -1 0.0014046390096878888 0.1340411448662268 0.0784422159528932 0.5927962587961777 0.6054719438014102 0.9981455553960185 0.5041497495328352 
435 1 -0.8563615829065191 -0.811756177033003 -0.6840801575712322 -0.31482258847162353 0.26794054894359054 -0.09323173943269487 -1.0023920186450457 
436 1 -0.963582360646045 -1.0697009011873384 -1.0946691279303766 -1.2224414357394249 -1.2027319572226238 -1.048186872407819 -1.0946292697579771 
437 1 -0.963582360646045 -1.0267101138282826 -1.0653413443332949 -1.1979111966240787 -1.1786225718756367 -1.1846090342614082 -1.0331377690160228 
438 1 -0.8563615829065191 -0.8547469643920589 -1.0653413443332949 -1.148850718393387 -1.1304038011816626 -1.048186872407819 -1.063883519387 
439 -1 0.26945658335850253 0.3919858690205622 0.5476867535062012 0.12672171560460407 0.41259686102551324 0.8617233935424293 0.5963870006457667 
440 1 -0.8027511940367561 -0.8977377517511148 -1.0653413443332949 -1.1979111966240787 -1.1545131865286495 -1.048186872407819 -1.1561207704999314 
441 1 -0.2666473053391268 0.2630135069433945 0.16642556674413844 1.181521997564481 0.9912221093532041 0.45245690798166177 0.7808615028716296 
442 1 -1.1244135272553337 -1.0267101138282826 -1.0360135607362133 -1.2224414357394249 -1.2027319572226238 -1.1846090342614082 -1.0946292697579771 
443 1 -0.963582360646045 -1.0267101138282826 -1.1239969115274584 -1.2469716748547708 -1.2027319572226238 -1.3210311961149974 -1.1253750201289543 
444 1 -0.963582360646045 -0.7257746023148912 -0.8013912919595593 0.7645079326035995 -0.14191900195519055 0.17961258427448346 -0.5412057630803883 
445 -1 1.50249552736305 1.5527371277150714 1.7501258809865528 0.7645079326035995 1.3769722749049982 0.8617233935424293 1.64174251325899 
446 -1 3.110807193455938 2.670497599050525 2.1313870677486157 1.7211872581020926 1.4251910455989723 0.588879069835251 1.2727935088072642 
447 -1 0.055015027879450826 0.1770319322252827 0.0784422159528932 1.255112714910519 0.6054719438014102 0.588879069835251 0.13520074508110927 
448 -1 0.698339694316606 0.5639490184567858 0.5183589699091194 -0.020459719087471805 0.3161593196375648 0.04319042242089429 0.4119124984199037 
449 -1 1.7169370828421018 1.4667555529969598 1.3688646942244902 0.8626288890649835 0.7260188705363458 0.7253012316888401 0.7193700021296753 
450 1 -0.909971971776282 -1.1126916885463942 -1.0653413443332949 -1.2224414357394249 -1.2027319572226238 -1.1846090342614082 -1.0946292697579771 
451 1 -0.963582360646045 -1.1556824759054503 -1.1533246951245402 -1.2469716748547708 -1.226841342569611 -1.1846090342614082 -1.1868665208709086 
452 -1 1.0200020275351835 0.9938568920473448 1.0755868582536727 1.0588708019877513 1.352862889558011 0.588879069835251 1.2727935088072642 
453 -1 0.21584619448873962 0.477967443738674 0.4890311863120377 0.7645079326035995 1.1599878067821139 0.8617233935424293 0.8116072532426067 
454 -1 0.32306697222826547 0.5209582310977299 0.4303756191178742 0.9116893672956754 0.29204993429057763 0.588879069835251 0.1044549947101321 
455 1 -0.909971971776282 -1.1126916885463942 -1.0653413443332949 -1.2469716748547708 -1.1545131865286495 -1.3210311961149974 -1.0946292697579771 
456 -1 0.1622358056189767 0.3919858690205622 0.2544089175353837 0.4456148241041018 0.5813625584544231 0.9981455553960185 0.6886242517586981 
457 -1 1.3952747496235243 1.4237647656379038 1.2515535598361631 1.4758848669486329 1.762722440456792 0.9981455553960185 1.826217015484853 
