id label data 
0 -1 0.6217266914299765 0.6686429325057597 0.9554132362062084 0.7604703508426159 1.194553361779797 1.41989390041555 1.191456560086995 
1 -1 1.383092532806793 1.4051054975771762 1.4885047231289823 1.1029196723962962 1.073891406044464 0.7354996608972146 1.0066658033921614 
2 1 -0.9010049913236564 -0.8476035249942155 -0.8807907743055683 -1.0251582544015743 -1.0980237971915305 -0.9070465139467903 -1.0876294391492864 
3 1 -0.7378551681714814 -0.8909248523513578 -1.0288717428952276 -1.1719222493531514 -1.1221561883385973 -0.7701676660431231 -1.0260325202510086 
4 1 -0.7922384425555398 -1.1075314891370684 -1.1177203240490232 -1.2208435810036773 -1.1704209706327304 -1.1808042097541245 -1.0876294391492864 
5 -1 1.9813085510314343 1.7516761164343133 1.6069694980007099 1.2252230015226107 1.7254659670152623 0.8723785088008816 1.8690226679680517 
6 -1 -0.4115555218671315 0.018823022148627407 -0.021921156485543672 1.0784590065710333 0.8084351034267313 0.5986208129935475 0.6370842900024941 
7 -1 0.29542704512562656 0.3653936410057646 0.3334731681296389 0.6626276875415644 0.3499196716324658 0.051105421378879246 0.39069661440938264 
8 -1 0.3498103195096849 0.5820002777914753 0.6888674927448215 0.2957177001626213 0.6395083653972651 1.2830150525118829 0.8526735061464668 
9 1 -0.5747053450193065 -0.28442626935136767 -0.4957802559724538 1.1029196723962962 0.5429788008089986 0.051105421378879246 -0.13287719622597935 
10 1 -0.5203220706352482 -0.15446228727994119 -0.3476992873827944 0.7360096850173531 0.08446336901473313 -0.6332888181394561 -0.44086179071736875 
11 -1 1.1111761608865014 1.1451775334343233 0.9554132362062084 1.151841004046822 1.3393477086621968 1.0092573567045486 1.5610380734766622 
12 1 -0.9010049913236564 -1.1075314891370684 -1.1473365177669552 -1.1963829151784142 -1.1704209706327304 -1.1808042097541245 -1.0568309797001476 
13 -1 0.18666049635750995 0.3653936410057646 0.6888674927448215 0.8827736799689304 1.1704209706327304 0.3248631171862134 1.5918365329258013 
14 1 -0.3571722474830732 0.10546567686291171 0.24462458697584327 1.2252230015226107 1.1221561883385973 0.051105421378879246 0.698681208900772 
15 1 -0.6834718937874231 -0.45771157877993623 -0.5550126434083176 0.8338523483184046 -0.22925771589713276 -0.6332888181394561 0.021115101019715348 
16 1 -1.009771540091773 -1.194174143851353 -1.0288717428952276 -1.2208435810036773 -1.194553361779797 -1.1808042097541245 -1.1184278985984255 
17 -1 0.9480263377343263 0.8852495692914704 0.9257970424882765 0.34463903181314703 0.6395083653972651 0.8723785088008816 0.8526735061464668 
18 1 -0.7922384425555398 -1.0642101617799264 -1.1177203240490232 -1.2208435810036773 -1.1704209706327304 -1.1808042097541245 -1.1492263580475643 
19 1 -0.4115555218671315 -0.15446228727994119 -0.3180830936648625 1.6655149863773424 0.20512532475006615 0.3248631171862134 -0.22527257457339617 
20 1 -0.8466217169395981 -0.8476035249942155 -0.8807907743055683 -1.0251582544015743 -0.9773618414561975 0.8723785088008816 -0.9336371419035918 
21 1 -0.7922384425555398 -0.7609608702799313 -0.9400231617414321 -1.1474615835278885 -1.0497590148973974 0.3248631171862134 -1.0260325202510086 
22 1 -0.9010049913236564 -1.1508528164942107 -1.0288717428952276 -1.2208435810036773 -1.1704209706327304 -1.3176830576577914 -1.1184278985984255 
23 1 -0.9010049913236564 -1.0208888344227842 -1.1177203240490232 -1.2208435810036773 -1.1704209706327304 -1.1808042097541245 -1.0876294391492864 
24 1 -1.0641548144758313 -1.1075314891370684 -1.0288717428952276 -1.1719222493531514 -1.1704209706327304 -1.1808042097541245 -1.0568309797001476 
25 1 -0.7922384425555398 -1.0642101617799264 -1.0881041303310914 -1.1474615835278885 -1.1704209706327304 -1.1808042097541245 -1.0876294391492864 
26 -1 0.7848765145821515 0.6686429325057597 0.8665646550524128 0.5158636925899872 0.7843027122796647 0.8723785088008816 0.8526735061464668 
27 1 -0.9553882657077147 -1.1075314891370684 -1.0584879366131597 -1.2208435810036773 -1.1704209706327304 -1.1808042097541245 -1.1184278985984255 
28 -1 0.6217266914299765 0.9285708966486126 0.9257970424882765 1.1029196723962962 0.6395083653972651 0.5986208129935475 0.8218750466973278 
29 -1 0.45857686827780153 0.49535762307719106 0.836948461334481 0.8827736799689304 0.6636407565443316 0.7354996608972146 0.729479668349911 
30 -1 0.45857686827780153 0.5820002777914753 0.5704027178730939 0.4180210292889357 0.7360379299855315 1.0092573567045486 0.9450688844938835 
31 1 -0.7922384425555398 -0.9342461797084999 -0.8511745805876364 -1.0985402518773628 -1.1462885794856639 -1.0439253618504574 -1.0260325202510086 
32 1 -0.9553882657077147 -0.977567507065642 -1.0881041303310914 -1.1719222493531514 -1.1462885794856639 -0.9070465139467903 -1.0568309797001476 
33 1 -1.0641548144758313 -1.0642101617799264 -1.1177203240490232 -1.269764912654203 -1.2186857529268635 -1.3176830576577914 -1.1492263580475643 
34 -1 0.13227722197345163 0.4520362957200489 0.30385697441170706 0.6626276875415644 0.2533901070441994 1.1461362046082157 0.20590585771454897 
35 1 -0.7922384425555398 -0.5876755608513627 -0.6438612245621133 1.1029196723962962 0.08446336901473313 -0.2226522744284549 -0.5640556285139245 
36 -1 1.6006256303430262 1.6217121343628869 1.6958180791545054 0.7604703508426159 1.6289364024269959 1.6936515962228842 1.745828830171496 
37 1 -0.6290886194033648 -0.8476035249942155 -0.8511745805876364 -1.0006975885763112 -1.0256266237503309 0.051105421378879246 -0.9952340608018696 
38 -1 0.9480263377343263 0.7552855872200439 0.836948461334481 0.24679636851209552 0.6153759742501985 1.2830150525118829 1.3146503978835509 
39 -1 1.8725420022633177 1.8816400985057398 1.843899047744165 1.4453689939499765 1.4117448821033964 0.7354996608972146 1.191456560086995 
40 -1 0.8392597889662098 1.058534878720039 1.044261817360004 1.2986049989983992 1.2186857529268635 0.7354996608972146 1.253053478985273 
41 -1 0.45857686827780153 0.49535762307719106 0.6000189115910258 0.9072343457941933 0.8808322768679312 -0.2226522744284549 0.9450688844938835 
42 1 -0.9553882657077147 -0.6309968882085049 -0.673477418280045 0.4180210292889357 -0.13272815130886634 -0.9070465139467903 -0.44086179071736875 
43 -1 0.3498103195096849 0.5386789504343332 0.5111703304372303 0.7604703508426159 1.194553361779797 0.8723785088008816 1.0990611817395781 
44 -1 0.9480263377343263 0.8419282419343282 0.9257970424882765 0.9316950116194561 0.8808322768679312 0.8723785088008816 0.8526735061464668 
45 -1 0.7848765145821515 0.8852495692914704 0.7480998801806853 1.0295376749205076 0.9773618414561975 0.051105421378879246 0.698681208900772 
46 -1 0.8392597889662098 1.058534878720039 1.1034942047958678 0.3935603634636728 0.5671111919560653 -0.08577342652478782 0.698681208900772 
47 -1 -0.24840569871495657 -0.15446228727994119 -0.1700021250752031 1.176301669872085 0.5671111919560653 0.5986208129935475 0.20590585771454897 
48 1 0.9480263377343263 1.1018562060771813 1.1331103985137998 1.176301669872085 1.435877273250463 0.051105421378879246 1.4994411545783843 
49 -1 0.5129601426618599 0.7552855872200439 0.7480998801806853 0.9072343457941933 1.31521531751513 0.8723785088008816 1.0066658033921614 
50 -1 0.8392597889662098 0.8852495692914704 0.9554132362062084 0.4914030267647243 0.953229450309131 0.8723785088008816 1.222255019536134 
51 1 -0.9010049913236564 -1.1508528164942107 -1.1473365177669552 -1.1963829151784142 -1.1704209706327304 -1.3176830576577914 -1.1492263580475643 
52 -1 0.6217266914299765 0.6686429325057597 0.5704027178730939 0.6870883533668274 0.9290970591620643 1.0092573567045486 0.5754873711042162 
53 1 0.9480263377343263 2.3581746994343034 2.2585257597952113 0.6870883533668274 1.7978631404564622 -0.2226522744284549 2.2386041813577187 
54 1 -0.9010049913236564 -1.1508528164942107 -1.0288717428952276 -1.269764912654203 -1.2186857529268635 -1.1808042097541245 -1.1184278985984255 
55 -1 0.5673434170459182 0.8419282419343282 0.9257970424882765 0.6137063558910387 0.8566998857208645 0.18798426928254633 1.0990611817395781 
56 1 -0.6290886194033648 -0.8042821976370734 -0.9104069680235002 -1.0985402518773628 -1.1704209706327304 -1.0439253618504574 -1.0260325202510086 
57 -1 1.0024096121183848 0.23542965893433815 1.3700399482572547 0.7115490191920902 0.6636407565443316 0.18798426928254633 0.729479668349911 
58 1 -0.8466217169395981 -1.0642101617799264 -1.0881041303310914 -1.2208435810036773 -1.194553361779797 -1.1808042097541245 -1.0568309797001476 
59 -1 -0.5747053450193065 -0.3277475967085098 -0.25885070622899875 0.6870883533668274 0.6153759742501985 -0.08577342652478782 0.5754873711042162 
60 1 -0.7378551681714814 -0.5010329061370784 -0.5846288371262495 0.6137063558910387 0.4223168450736656 0.051105421378879246 -0.07128027732770147 
61 -1 0.18666049635750995 0.3653936410057646 0.27424078069377517 1.0295376749205076 0.20512532475006615 -0.08577342652478782 -0.19447411512425722 
62 1 -1.172921363243948 -0.8476035249942155 -0.7919421931517726 0.148953705211044 -0.6877731476913983 -0.49640997023578903 -0.810443304107036 
63 -1 1.056792886502443 1.0152135513628968 0.9850294299241403 0.5892456900657759 0.7360379299855315 1.1461362046082157 0.8834719655956057 
64 1 -0.8466217169395981 -0.41439025142279406 -0.5846288371262495 1.3964476622994508 0.5429788008089986 0.46174196508988047 0.051913560468854286 
65 1 -0.9553882657077147 -0.7609608702799313 -0.7327098057159088 -0.5359449378963166 -0.398184453926599 0.5986208129935475 -0.4100633312682298 
66 -1 0.45857686827780153 0.6686429325057597 0.5111703304372303 0.6137063558910387 0.7360379299855315 0.8723785088008816 0.6678827494516331 
67 -1 1.1111761608865014 1.058534878720039 1.2219589796675954 0.6870883533668274 0.6636407565443316 0.8723785088008816 0.7910765872481889 
68 1 -0.30278897309901487 -0.06781963256565689 -0.11076973763933932 1.0539983407457705 0.49471401851486546 0.46174196508988047 0.1443089388162711 
69 -1 0.023510673205335002 0.2787509862914803 1.7254342728724374 1.176301669872085 0.9049646680149978 0.7354996608972146 0.9758673439430224 
70 1 -0.9010049913236564 -1.1508528164942107 -1.1177203240490232 -1.1963829151784142 -1.1704209706327304 -1.1808042097541245 -1.1800248174967032 
71 -1 2.5795245692560758 2.141568062648593 1.7254342728724374 1.4698296597752394 1.194553361779797 0.7354996608972146 0.9450688844938835 
72 1 -1.009771540091773 -1.1508528164942107 -1.0288717428952276 -1.2208435810036773 -1.2186857529268635 -1.1808042097541245 -1.1492263580475643 
73 -1 0.4041935938937432 0.2787509862914803 0.27424078069377517 0.24679636851209552 0.5429788008089986 0.46174196508988047 0.698681208900772 
74 1 -0.9553882657077147 -1.0208888344227842 -1.0288717428952276 -1.1719222493531514 -1.1462885794856639 -1.0439253618504574 -1.0876294391492864 
75 1 -0.8466217169395981 -0.9342461797084999 -1.0881041303310914 -1.1719222493531514 -1.1221561883385973 -1.1808042097541245 -1.0876294391492864 
76 1 -0.8466217169395981 -1.0208888344227842 -1.0288717428952276 -1.2208435810036773 -1.1462885794856639 -1.1808042097541245 -1.1184278985984255 
77 -1 0.45857686827780153 0.4520362957200489 0.5111703304372303 0.34463903181314703 0.44644923622073224 0.8723785088008816 0.4830919927567994 
78 -1 1.219942709654618 1.058534878720039 1.1923427859496636 0.6626276875415644 1.5806716201328628 1.556772748319217 1.4994411545783843 
79 1 -0.8466217169395981 -0.977567507065642 -1.0584879366131597 -1.2208435810036773 -1.1462885794856639 -1.3176830576577914 -1.1492263580475643 
80 1 -0.9010049913236564 -0.9342461797084999 -1.0288717428952276 -1.2208435810036773 -1.1704209706327304 -1.1808042097541245 -1.0260325202510086 
81 1 -1.009771540091773 -1.0208888344227842 -1.0881041303310914 -1.2208435810036773 -1.1704209706327304 -1.1808042097541245 -1.0876294391492864 
82 -1 1.6550089047270844 1.7083547890771713 1.4885047231289823 0.9806163432699819 1.1221561883385973 1.556772748319217 1.4686426951292455 
83 -1 0.45857686827780153 0.49535762307719106 0.7777160738986172 0.17341437103630689 0.5188464096619321 0.7354996608972146 0.698681208900772 
84 1 -0.7922384425555398 -1.0208888344227842 -1.0584879366131597 -1.2208435810036773 -1.1704209706327304 -1.1808042097541245 -1.0260325202510086 
85 1 -0.8466217169395981 -1.1075314891370684 -1.0881041303310914 -1.2208435810036773 -1.194553361779797 -1.1808042097541245 -1.0876294391492864 
86 1 -0.7922384425555398 -0.37106892406565195 -0.6142450308441814 0.9316950116194561 -0.15686054245593295 0.3248631171862134 -0.5948540879630635 
87 1 -0.8466217169395981 -1.0642101617799264 -1.0881041303310914 -1.2208435810036773 -1.194553361779797 -1.1808042097541245 -1.0876294391492864 
88 -1 -0.19402242433089825 0.06214434950576956 0.6592512990268896 0.5403243584152501 0.47058162736779885 0.5986208129935475 0.6370842900024941 
89 1 -0.8466217169395981 -1.1075314891370684 -1.0881041303310914 -1.2208435810036773 -1.1704209706327304 -1.1808042097541245 -1.1184278985984255 
90 -1 0.18666049635750995 0.40871496836290677 0.27424078069377517 1.2986049989983992 0.8084351034267313 0.7354996608972146 0.6062858305533552 
91 -1 0.45857686827780153 0.49535762307719106 0.4815541367192983 1.371986996474188 1.3393477086621968 0.8723785088008816 0.9758673439430224 
92 1 -0.7922384425555398 -1.0208888344227842 -1.0288717428952276 -1.1963829151784142 -1.1462885794856639 -1.1808042097541245 -1.0568309797001476 
93 -1 0.9480263377343263 0.7552855872200439 0.8073322676165491 0.12449303938578113 0.44644923622073224 0.7354996608972146 0.6370842900024941 
94 -1 0.5673434170459182 0.32207231364862243 0.45193794300136647 0.24679636851209552 0.2533901070441994 0.8723785088008816 0.4214950738585216 
95 1 -0.9010049913236564 -1.0642101617799264 -1.0288717428952276 -1.2208435810036773 -1.1704209706327304 -1.1808042097541245 -1.1184278985984255 
96 -1 2.090075099799551 1.8383187711485978 1.9327476288979606 0.7849310166678789 0.9773618414561975 1.6936515962228842 1.222255019536134 
97 -1 2.4163747461039007 1.8816400985057398 1.843899047744165 0.7115490191920902 0.9290970591620643 0.051105421378879246 1.222255019536134 
98 1 -0.5203220706352482 -0.3277475967085098 -0.2884668999469306 0.6381670217163016 0.22925771589713276 -0.08577342652478782 0.021115101019715348 
99 1 -0.5747053450193065 -0.6309968882085049 -0.6142450308441814 -1.0496189202268371 -1.1221561883385973 -0.9070465139467903 -1.0260325202510086 
100 -1 1.437475807190851 1.4051054975771762 1.2811913671034592 0.6870883533668274 0.6153759742501985 1.2830150525118829 1.2838519384344118 
101 1 -0.9010049913236564 -1.0208888344227842 -0.9696393554593639 -1.1474615835278885 -1.1462885794856639 -0.9070465139467903 -1.1184278985984255 
102 -1 0.29542704512562656 0.40871496836290677 0.7777160738986172 0.3935603634636728 0.6877731476913983 0.8723785088008816 0.9450688844938835 
103 1 -0.9010049913236564 -1.1075314891370684 -1.0288717428952276 -1.1963829151784142 -1.1221561883385973 -1.3176830576577914 -1.0568309797001476 
104 1 -0.9010049913236564 -0.9342461797084999 -0.9992555491772958 -1.2208435810036773 -1.194553361779797 -1.1808042097541245 -1.0568309797001476 
105 1 -0.6834718937874231 -0.45771157877993623 -0.6142450308441814 1.4209083281247137 0.3499196716324658 0.5986208129935475 -0.317667952920813 
106 1 -0.7922384425555398 -1.0208888344227842 -1.0881041303310914 -1.2208435810036773 -1.1704209706327304 -1.1808042097541245 -1.1492263580475643 
107 1 -0.8466217169395981 -1.1075314891370684 -1.0584879366131597 -1.269764912654203 -1.194553361779797 -1.1808042097541245 -1.1492263580475643 
108 1 -0.8466217169395981 -0.6309968882085049 -0.7030936119979769 0.46694236093946145 -0.27752249819126595 -0.2226522744284549 -0.6872494663104802 
109 1 -0.9010049913236564 -1.0208888344227842 -1.0584879366131597 -1.1963829151784142 -1.1462885794856639 -1.0439253618504574 -1.0876294391492864 
110 1 -0.8466217169395981 -0.977567507065642 -1.0881041303310914 -1.1963829151784142 -1.1462885794856639 -1.1808042097541245 -1.1492263580475643 
111 -1 0.45857686827780153 0.40871496836290677 0.4223217492834346 0.148953705211044 0.3499196716324658 1.41989390041555 0.4214950738585216 
112 -1 4.047872977625651 3.397886556005715 2.7620010530000534 1.2252230015226107 1.1462885794856639 1.556772748319217 1.191456560086995 
113 -1 1.0024096121183848 0.7986069145771861 0.8961808487703447 0.17341437103630689 0.30165488933833257 0.8723785088008816 0.5138904522059384 
114 -1 0.6217266914299765 0.6253216051486176 0.5111703304372303 0.7604703508426159 0.5429788008089986 0.8723785088008816 0.3598981549602437 
115 1 -0.6834718937874231 -0.8476035249942155 -0.9104069680235002 -1.1230009177026257 -1.1704209706327304 -1.0439253618504574 -1.0568309797001476 
116 -1 0.023510673205335002 0.10546567686291171 0.037311230950320094 0.9316950116194561 0.6153759742501985 0.5986208129935475 0.23670431716368792 
117 1 -0.7378551681714814 -0.8909248523513578 -1.0584879366131597 -1.1963829151784142 -1.1704209706327304 -1.0439253618504574 -1.0260325202510086 
118 -1 0.18666049635750995 0.40871496836290677 0.3334731681296389 0.2957177001626213 0.6877731476913983 1.41989390041555 0.6370842900024941 
119 1 -0.6834718937874231 -0.7176395429227892 -0.8511745805876364 -1.1230009177026257 -1.1221561883385973 -0.9070465139467903 -1.1184278985984255 
120 1 -0.8466217169395981 -1.0642101617799264 -0.9992555491772958 -1.1719222493531514 -1.1462885794856639 -1.1808042097541245 -1.1184278985984255 
121 -1 1.219942709654618 0.9285708966486126 1.1331103985137998 0.5892456900657759 0.7601703211325981 0.8723785088008816 1.160658100637856 
122 -1 1.1655594352705596 1.318462842862892 1.4885047231289823 0.44248169511419855 0.6877731476913983 2.1042881399338853 0.9758673439430224 
123 -1 -0.5747053450193065 -0.06781963256565689 -0.1403859313572712 1.2252230015226107 0.6636407565443316 0.46174196508988047 0.20590585771454897 
124 1 -0.5203220706352482 -0.06781963256565689 -0.1700021250752031 1.1029196723962962 0.5429788008089986 -0.08577342652478782 -0.04048181787856253 
125 -1 -0.030872601178723313 0.192108331577196 0.12615981210411575 1.151841004046822 0.7119055388384649 0.5986208129935475 0.5754873711042162 
126 1 -0.8466217169395981 -1.0208888344227842 -1.0288717428952276 -1.2208435810036773 -1.1704209706327304 -1.1808042097541245 -1.1184278985984255 
127 -1 0.45857686827780153 0.4520362957200489 0.3927055555655027 0.44248169511419855 0.6153759742501985 1.2830150525118829 0.729479668349911 
128 1 -0.9010049913236564 -0.674318215565647 -0.7327098057159088 1.0050770090952448 0.03619858672059991 -0.359531122332122 -0.5948540879630635 
129 -1 0.24104377074156827 0.49535762307719106 0.4815541367192983 0.956155677444719 0.6636407565443316 0.46174196508988047 0.4830919927567994 
130 1 -0.8466217169395981 -1.0642101617799264 -1.0288717428952276 -1.2208435810036773 -1.194553361779797 -1.1808042097541245 -1.0568309797001476 
131 -1 1.8181587278792595 1.665033461720029 1.6069694980007099 0.8827736799689304 1.4600096643975298 0.8723785088008816 1.5918365329258013 
132 1 -0.7378551681714814 -1.0208888344227842 -1.0584879366131597 -1.2208435810036773 -1.1704209706327304 -1.1808042097541245 -1.0876294391492864 
133 1 -0.8466217169395981 -0.45771157877993623 -0.5846288371262495 1.0295376749205076 0.012066195573533304 -0.359531122332122 -0.2560710340225351 
134 1 -0.9553882657077147 -1.0208888344227842 -1.0584879366131597 -1.2208435810036773 -1.1704209706327304 -1.3176830576577914 -0.9952340608018696 
135 -1 0.5673434170459182 0.23542965893433815 0.4223217492834346 0.24679636851209552 0.03619858672059991 0.3248631171862134 0.051913560468854286 
136 -1 -0.24840569871495657 0.192108331577196 0.06692742466825198 1.8122789813289197 0.5188464096619321 0.3248631171862134 0.1443089388162711 
137 1 -0.9553882657077147 -1.1075314891370684 -1.0881041303310914 -1.2208435810036773 -1.194553361779797 -1.1808042097541245 -1.0876294391492864 
138 -1 0.5673434170459182 0.5820002777914753 0.5111703304372303 0.22233570268683264 0.47058162736779885 1.1461362046082157 0.5754873711042162 
139 -1 0.18666049635750995 0.3653936410057646 0.3334731681296389 0.8827736799689304 0.4223168450736656 0.8723785088008816 0.32909969551110474 
140 -1 0.24104377074156827 0.6686429325057597 0.3630893618475708 0.9806163432699819 1.5565392289857962 1.2830150525118829 0.9450688844938835 
141 1 -0.7922384425555398 -1.1075314891370684 -1.0288717428952276 -1.269764912654203 -1.1704209706327304 -1.4545619055614585 -1.1184278985984255 
142 1 -0.9010049913236564 -1.1508528164942107 -1.0584879366131597 -1.1963829151784142 -1.2186857529268635 -1.1808042097541245 -1.1492263580475643 
143 1 -0.9010049913236564 -0.977567507065642 -1.0288717428952276 -1.1963829151784142 -1.1462885794856639 -1.3176830576577914 -1.0260325202510086 
144 -1 -0.30278897309901487 -0.02449830520851474 0.09654361838618386 0.6381670217163016 0.5188464096619321 0.8723785088008816 0.39069661440938264 
145 1 0.07789394758939332 0.06214434950576956 -0.1700021250752031 -0.658248267022631 -1.0256266237503309 -1.1808042097541245 -0.9336371419035918 
146 -1 0.023510673205335002 0.192108331577196 0.15577600582204762 0.8827736799689304 0.832567494573798 0.7354996608972146 0.5754873711042162 
147 1 -0.9010049913236564 -1.0208888344227842 -0.9992555491772958 -1.2208435810036773 -1.2186857529268635 -1.1808042097541245 -1.1492263580475643 
148 -1 0.7848765145821515 1.1018562060771813 1.1923427859496636 1.4209083281247137 1.2428181440739303 0.18798426928254633 1.3454488573326897 
149 -1 0.6761099658140348 0.6686429325057597 0.7480998801806853 0.22233570268683264 0.5188464096619321 1.830530444126551 0.6678827494516331 
150 -1 0.5673434170459182 0.5386789504343332 0.6000189115910258 0.44248169511419855 1.0497590148973974 0.7354996608972146 1.2838519384344118 
151 1 -0.7378551681714814 -0.45771157877993623 -0.43654786853659 0.3201783659878842 -0.22925771589713276 -0.9070465139467903 -0.5332571690647856 
152 -1 0.24104377074156827 0.49535762307719106 0.3927055555655027 1.0539983407457705 0.953229450309131 0.8723785088008816 0.8834719655956057 
153 1 -0.7378551681714814 -1.1075314891370684 -1.0881041303310914 -1.2208435810036773 -1.194553361779797 -1.3176830576577914 -1.1492263580475643 
154 1 -0.9553882657077147 -1.194174143851353 -1.1473365177669552 -1.2453042468289401 -1.1704209706327304 -1.1808042097541245 -1.0876294391492864 
155 1 -1.009771540091773 -1.1075314891370684 -1.0881041303310914 -1.1963829151784142 -1.194553361779797 -1.1808042097541245 -1.0876294391492864 
156 -1 0.5129601426618599 0.5386789504343332 0.9257970424882765 0.4180210292889357 0.47058162736779885 0.8723785088008816 0.6370842900024941 
157 -1 -0.030872601178723313 0.14878700422005386 0.15577600582204762 0.7604703508426159 0.9290970591620643 0.46174196508988047 0.6678827494516331 
158 1 -0.8466217169395981 -0.9342461797084999 -0.9696393554593639 -1.1719222493531514 -1.1704209706327304 -1.0439253618504574 -1.0876294391492864 
159 1 -0.9010049913236564 -1.0208888344227842 -1.0288717428952276 -1.1963829151784142 -1.194553361779797 -1.1808042097541245 -1.1492263580475643 
160 -1 0.13227722197345163 0.23542965893433815 0.30385697441170706 0.07557170773525537 0.20512532475006615 0.5986208129935475 -0.10207873677684041 
161 -1 0.9480263377343263 0.8852495692914704 0.9554132362062084 0.24679636851209552 0.30165488933833257 1.9674092920302182 0.5138904522059384 
162 -1 -0.08525587556278164 0.10546567686291171 0.037311230950320094 1.0050770090952448 0.5912435831031319 0.8723785088008816 0.26750277661282684 
163 -1 1.0024096121183848 1.058534878720039 1.2515751733855274 0.3935603634636728 0.7360379299855315 1.556772748319217 0.729479668349911 
164 -1 0.13227722197345163 0.06214434950576956 0.12615981210411575 0.34463903181314703 0.13272815130886634 1.0092573567045486 0.021115101019715348 
165 -1 4.047872977625651 3.2679225739342885 2.6731524718462576 1.2007623356973478 1.0256266237503309 1.9674092920302182 1.191456560086995 
166 -1 0.8936430633502681 1.0152135513628968 0.9257970424882765 0.4180210292889357 1.073891406044464 1.1461362046082157 1.4378442356801067 
167 1 -0.30278897309901487 0.192108331577196 0.06692742466825198 0.7360096850173531 0.22925771589713276 0.7354996608972146 0.021115101019715348 
168 -1 2.3619914717198425 2.2715320447200193 2.1992933723593473 1.1273803382215593 1.5806716201328628 1.0092573567045486 1.8998211274171906 
169 1 0.45857686827780153 0.40871496836290677 0.3927055555655027 0.07557170773525537 0.13272815130886634 0.8723785088008816 -0.04048181787856253 
170 -1 1.0024096121183848 1.1018562060771813 1.6069694980007099 0.8583130141436675 2.497702483721394 -0.359531122332122 2.9469687486879144 
171 -1 0.3498103195096849 0.4520362957200489 0.27424078069377517 0.22233570268683264 0.5429788008089986 0.46174196508988047 0.6678827494516331 
172 1 -0.9010049913236564 -1.0642101617799264 -1.0584879366131597 -1.2208435810036773 -1.1704209706327304 -1.0439253618504574 -1.0260325202510086 
173 1 -0.8466217169395981 -1.0642101617799264 -0.9992555491772958 -1.1719222493531514 -1.1704209706327304 -1.3176830576577914 -1.0876294391492864 
174 1 -0.9010049913236564 -1.0208888344227842 -0.9992555491772958 -1.1719222493531514 -1.1221561883385973 -1.1808042097541245 -1.0876294391492864 
175 -1 0.6761099658140348 0.6253216051486176 0.7184836864627534 0.8338523483184046 0.6636407565443316 0.46174196508988047 0.3598981549602437 
176 1 1.437475807190851 1.5350694796486026 1.7254342728724374 0.6137063558910387 1.9667898784859283 -0.7701676660431231 2.115410343561163 
177 1 -0.7922384425555398 -0.9342461797084999 -1.0584879366131597 -1.1230009177026257 -1.1704209706327304 -1.0439253618504574 -1.0568309797001476 
178 1 -0.9010049913236564 -0.674318215565647 -0.7919421931517726 0.148953705211044 -0.47058162736779885 1.0092573567045486 -0.7488463852087581 
179 1 -0.9010049913236564 -1.0208888344227842 -1.0288717428952276 -1.1963829151784142 -1.194553361779797 -1.1808042097541245 -1.0568309797001476 
180 -1 0.9480263377343263 0.7986069145771861 0.8665646550524128 0.22233570268683264 0.49471401851486546 0.7354996608972146 0.729479668349911 
181 1 -1.009771540091773 -1.194174143851353 -1.0584879366131597 -1.2208435810036773 -1.1704209706327304 -1.1808042097541245 -1.1492263580475643 
182 -1 2.3619914717198425 2.141568062648593 2.021596210051756 1.6899756522026055 2.232246181103661 1.1461362046082157 1.9922165057646073 
183 1 -0.9553882657077147 -1.0642101617799264 -1.1177203240490232 -1.1719222493531514 -1.1704209706327304 -1.1808042097541245 -1.0260325202510086 
184 -1 0.9480263377343263 0.8419282419343282 0.9554132362062084 0.5892456900657759 1.3393477086621968 1.1461362046082157 1.253053478985273 
185 -1 0.07789394758939332 0.32207231364862243 0.45193794300136647 -0.1934956163426363 -0.18099293360299956 1.830530444126551 0.021115101019715348 
186 -1 0.9480263377343263 0.8852495692914704 0.8665646550524128 0.7360096850173531 0.8084351034267313 1.556772748319217 0.9758673439430224 
187 1 -0.9553882657077147 -0.6309968882085049 -0.7327098057159088 0.5158636925899872 0.03619858672059991 -0.08577342652478782 -0.5948540879630635 
188 -1 1.3287092584227347 1.2751415155057497 1.340423754539323 1.0050770090952448 1.6530687935740627 1.1461362046082157 1.745828830171496 
189 -1 0.3498103195096849 0.4520362957200489 0.4815541367192983 1.2741443331731364 1.0256266237503309 -0.2226522744284549 1.0066658033921614 
190 1 -0.9010049913236564 -1.1508528164942107 -1.0584879366131597 -1.2453042468289401 -1.2186857529268635 -1.1808042097541245 -1.1492263580475643 
191 1 -1.1185380888598897 -1.1508528164942107 -1.176952711484887 -1.2208435810036773 -1.194553361779797 -1.3176830576577914 -1.0876294391492864 
192 -1 -0.4115555218671315 -0.2411049419942255 -0.3180830936648625 1.151841004046822 0.6877731476913983 0.8723785088008816 0.20590585771454897 
193 1 -0.9553882657077147 -1.0642101617799264 -1.0288717428952276 -1.1719222493531514 -1.1462885794856639 -1.1808042097541245 -1.1492263580475643 
194 1 -0.7378551681714814 -0.6309968882085049 -0.6438612245621133 -0.8783942594499969 -0.7119055388384649 0.46174196508988047 -0.7488463852087581 
195 1 -0.4115555218671315 -0.5010329061370784 -0.6438612245621133 -1.0006975885763112 -1.0980237971915305 -0.9070465139467903 -0.9952340608018696 
196 1 -0.7922384425555398 -1.1075314891370684 -0.9992555491772958 -1.1963829151784142 -1.1704209706327304 -1.3176830576577914 -1.1184278985984255 
197 -1 0.3498103195096849 0.4520362957200489 0.30385697441170706 0.6137063558910387 0.4223168450736656 1.41989390041555 0.4214950738585216 
198 1 -0.9553882657077147 -1.0208888344227842 -1.0881041303310914 -1.2453042468289401 -1.194553361779797 -1.1808042097541245 -1.0568309797001476 
199 1 1.0024096121183848 1.0152135513628968 1.044261817360004 0.3201783659878842 1.31521531751513 0.8723785088008816 1.3454488573326897 
200 -1 1.056792886502443 1.2751415155057497 1.2811913671034592 0.7360096850173531 0.9773618414561975 0.8723785088008816 1.191456560086995 
201 -1 0.7304932401980931 0.7119642598629018 0.9257970424882765 0.44248169511419855 1.001494232603264 1.0092573567045486 1.4070457762309676 
202 -1 0.5673434170459182 0.5820002777914753 0.7777160738986172 0.2712570343373584 0.47058162736779885 1.41989390041555 0.8834719655956057 
203 1 -0.9553882657077147 -1.1075314891370684 -1.176952711484887 -1.269764912654203 -1.194553361779797 -1.1808042097541245 -1.1492263580475643 
204 -1 1.056792886502443 1.0152135513628968 1.1034942047958678 0.24679636851209552 0.5429788008089986 2.1042881399338853 0.7602781277990499 
205 -1 0.6761099658140348 0.8419282419343282 0.9257970424882765 0.22233570268683264 0.03619858672059991 1.2830150525118829 0.1443089388162711 
206 1 -0.6834718937874231 -1.0208888344227842 -1.0288717428952276 -1.1719222493531514 -1.1462885794856639 -1.0439253618504574 -1.0568309797001476 
207 1 -0.9010049913236564 -1.0642101617799264 -1.1177203240490232 -1.2453042468289401 -1.1462885794856639 -1.1808042097541245 -1.1800248174967032 
208 -1 1.2743259840386763 1.5350694796486026 1.4292723356931185 1.2252230015226107 1.6530687935740627 0.3248631171862134 1.8690226679680517 
209 1 -0.6290886194033648 -0.8476035249942155 -0.8807907743055683 -1.1230009177026257 -1.1462885794856639 -1.1808042097541245 -1.0568309797001476 
210 -1 1.1111761608865014 1.2318201881486077 1.1331103985137998 0.8093916824931418 0.9290970591620643 0.7354996608972146 1.2838519384344118 
211 1 -1.009771540091773 -1.0208888344227842 -0.9992555491772958 -1.2208435810036773 -1.1221561883385973 -1.1808042097541245 -1.0876294391492864 
212 1 -0.8466217169395981 -0.41439025142279406 -0.5550126434083176 1.371986996474188 0.18099293360299956 0.3248631171862134 -0.317667952920813 
213 -1 -0.24840569871495657 0.14878700422005386 0.06692742466825198 0.9806163432699819 0.398184453926599 0.3248631171862134 0.20590585771454897 
214 1 -0.7922384425555398 -0.7176395429227892 -0.9400231617414321 -1.1474615835278885 -1.0980237971915305 -0.9070465139467903 -1.0876294391492864 
215 -1 0.29542704512562656 0.192108331577196 0.12615981210411575 0.44248169511419855 0.47058162736779885 1.0092573567045486 0.39069661440938264 
216 1 -0.9553882657077147 -1.1075314891370684 -1.1177203240490232 -1.2453042468289401 -1.194553361779797 -1.3176830576577914 -1.0876294391492864 
217 -1 1.763775453495201 1.7083547890771713 1.9031314351800286 0.7360096850173531 1.1221561883385973 1.830530444126551 1.5918365329258013 
218 1 -0.9553882657077147 -1.194174143851353 -1.1473365177669552 -1.2208435810036773 -1.1704209706327304 -1.1808042097541245 -1.0568309797001476 
219 1 0.6761099658140348 0.6253216051486176 0.7777160738986172 0.2712570343373584 0.5188464096619321 0.7354996608972146 0.7910765872481889 
220 -1 0.4041935938937432 0.7119642598629018 0.6592512990268896 0.8583130141436675 0.7360379299855315 0.8723785088008816 0.7910765872481889 
221 1 -1.009771540091773 -1.0208888344227842 -1.0881041303310914 -1.1719222493531514 -1.1704209706327304 -1.1808042097541245 -1.0876294391492864 
222 1 -0.9553882657077147 -0.9342461797084999 -0.9992555491772958 -1.1963829151784142 -1.1704209706327304 -1.0439253618504574 -1.0568309797001476 
223 1 -0.7922384425555398 -1.1075314891370684 -1.0288717428952276 -1.1963829151784142 -1.194553361779797 -1.1808042097541245 -1.0876294391492864 
224 -1 1.437475807190851 1.361784170220034 2.1400609849234837 0.9806163432699819 1.5324068378387294 1.0092573567045486 1.776627289620635 
225 -1 -0.08525587556278164 0.14878700422005386 0.3927055555655027 0.5892456900657759 0.6877731476913983 0.46174196508988047 0.698681208900772 
226 1 -0.46593879625118984 -0.06781963256565689 -0.11076973763933932 1.0784590065710333 0.3740520627795324 0.5986208129935475 -0.009683358429423592 
227 -1 0.8392597889662098 0.8419282419343282 0.7184836864627534 0.3935603634636728 0.7843027122796647 1.830530444126551 1.0374642628413004 
228 1 -0.8466217169395981 -1.0642101617799264 -1.0584879366131597 -1.2208435810036773 -1.1704209706327304 -1.1808042097541245 -1.0876294391492864 
229 1 -0.9010049913236564 -1.0208888344227842 -1.1177203240490232 -1.1963829151784142 -1.194553361779797 -1.1808042097541245 -1.0876294391492864 
230 -1 5.244305014074933 4.350955757862843 3.65048686453801 1.4209083281247137 1.0256266237503309 1.0092573567045486 1.3146503978835509 
231 -1 1.0024096121183848 1.1451775334343233 1.2811913671034592 0.8338523483184046 1.3393477086621968 0.8723785088008816 1.0990611817395781 
232 -1 1.763775453495201 1.5783908070057449 1.6069694980007099 0.7115490191920902 0.6877731476913983 1.41989390041555 0.8526735061464668 
233 1 -0.9010049913236564 -0.8476035249942155 -0.8807907743055683 -1.0251582544015743 -1.0980237971915305 -0.9070465139467903 -1.0876294391492864 
234 1 -0.8466217169395981 -0.977567507065642 -1.0584879366131597 -1.1963829151784142 -1.1462885794856639 -1.3176830576577914 -1.1184278985984255 
235 1 -1.0641548144758313 -1.1075314891370684 -1.0881041303310914 -1.2208435810036773 -1.1462885794856639 -1.1808042097541245 -1.1492263580475643 
236 -1 0.29542704512562656 0.2787509862914803 0.3927055555655027 1.6165936547268167 1.2186857529268635 1.0092573567045486 1.0682627222904393 
237 -1 1.219942709654618 1.1884988607914655 1.044261817360004 0.8093916824931418 0.7119055388384649 0.8723785088008816 0.8834719655956057 
238 1 -0.7922384425555398 -1.0208888344227842 -1.0584879366131597 -1.2208435810036773 -1.1462885794856639 -1.1808042097541245 -1.0260325202510086 
239 -1 0.45857686827780153 0.49535762307719106 0.540786524155162 0.3201783659878842 0.7119055388384649 0.051105421378879246 0.8526735061464668 
240 1 -1.009771540091773 -1.0208888344227842 -0.9992555491772958 -1.1963829151784142 -1.1704209706327304 -1.1808042097541245 -1.1184278985984255 
241 1 -0.8466217169395981 -0.8042821976370734 -0.9992555491772958 -1.1230009177026257 -1.1462885794856639 -0.49640997023578903 -1.0260325202510086 
242 1 -0.5203220706352482 -0.02449830520851474 -0.1700021250752031 1.3230656648236623 0.5912435831031319 0.3248631171862134 0.08271201991799322 
243 1 -0.7922384425555398 -0.8042821976370734 -0.9104069680235002 -1.0251582544015743 -1.073891406044464 0.5986208129935475 -0.9952340608018696 
244 1 -0.8466217169395981 -0.8909248523513578 -1.0288717428952276 -1.1474615835278885 -1.1462885794856639 -0.359531122332122 -1.0876294391492864 
245 -1 1.056792886502443 0.9718922240057547 1.044261817360004 0.4914030267647243 0.8566998857208645 1.1461362046082157 1.0990611817395781 
246 1 -0.8466217169395981 -0.5443542334942205 -0.7623259994338407 1.2986049989983992 0.22925771589713276 -0.2226522744284549 -0.3484664123699519 
247 1 -0.7922384425555398 -0.977567507065642 -1.0584879366131597 -1.1963829151784142 -1.1462885794856639 -1.1808042097541245 -1.0876294391492864 
248 1 -1.009771540091773 -1.0208888344227842 -0.9992555491772958 -1.2208435810036773 -1.194553361779797 -1.3176830576577914 -1.1184278985984255 
249 1 -0.8466217169395981 -0.977567507065642 -0.9992555491772958 -1.1963829151784142 -1.1704209706327304 -1.1808042097541245 -0.9952340608018696 
250 1 -0.8466217169395981 -0.977567507065642 -1.0584879366131597 -1.1474615835278885 -1.1704209706327304 -0.9070465139467903 -1.0876294391492864 
251 1 -0.9010049913236564 -1.0642101617799264 -1.0584879366131597 -1.2208435810036773 -1.1704209706327304 -1.1808042097541245 -1.1184278985984255 
252 1 -0.9010049913236564 -0.9342461797084999 -1.0584879366131597 -1.1719222493531514 -1.1462885794856639 -1.1808042097541245 -1.1184278985984255 
253 1 -1.1185380888598897 -1.0642101617799264 -0.9104069680235002 -0.853933593624734 -0.7601703211325981 -1.1808042097541245 -0.9028386824544529 
254 1 -1.009771540091773 -0.8909248523513578 -0.9400231617414321 -1.1719222493531514 -1.1704209706327304 -0.7701676660431231 -1.0568309797001476 
255 -1 1.9813085510314343 1.6217121343628869 1.577353304282778 0.7360096850173531 1.1704209706327304 1.1461362046082157 1.3146503978835509 
256 -1 0.18666049635750995 0.6686429325057597 0.6296351053089577 1.2007623356973478 1.1462885794856639 0.5986208129935475 1.160658100637856 
257 -1 0.6217266914299765 0.6253216051486176 0.6888674927448215 0.051111041909992494 0.22925771589713276 1.41989390041555 0.4214950738585216 
258 1 -0.9010049913236564 -1.1075314891370684 -1.0288717428952276 -1.2208435810036773 -1.194553361779797 -1.1808042097541245 -1.0260325202510086 
259 -1 0.9480263377343263 1.1018562060771813 1.1923427859496636 0.36909969763840994 0.6395083653972651 1.9674092920302182 0.9142704250447445 
260 -1 0.7304932401980931 0.7552855872200439 0.9850294299241403 0.19787503686156976 0.953229450309131 1.2830150525118829 1.191456560086995 
261 1 -0.7378551681714814 -1.0642101617799264 -0.9992555491772958 -1.2208435810036773 -1.1462885794856639 -1.3176830576577914 -1.1184278985984255 
262 -1 0.4041935938937432 0.32207231364862243 0.12615981210411575 0.9072343457941933 0.4223168450736656 0.7354996608972146 0.2983012360619658 
263 -1 -0.5203220706352482 -0.02449830520851474 -0.08115354392140743 1.4698296597752394 0.8084351034267313 -0.08577342652478782 0.32909969551110474 
264 -1 0.4041935938937432 0.5386789504343332 0.45193794300136647 0.4914030267647243 0.30165488933833257 0.7354996608972146 0.3598981549602437 
265 1 -0.8466217169395981 -1.0208888344227842 -1.0584879366131597 -1.2208435810036773 -1.194553361779797 -1.3176830576577914 -1.1184278985984255 
266 1 0.5129601426618599 0.3653936410057646 0.27424078069377517 -0.1690349505173734 1.4600096643975298 0.3248631171862134 1.5302396140275234 
267 1 0.5673434170459182 0.192108331577196 0.09654361838618386 -0.48702360624579083 -0.5671111919560653 0.3248631171862134 -0.6564510068613413 
268 -1 1.2743259840386763 1.2318201881486077 1.1923427859496636 0.6381670217163016 0.832567494573798 0.7354996608972146 0.9142704250447445 
269 1 -0.8466217169395981 -0.9342461797084999 -0.8807907743055683 -1.0985402518773628 -1.0256266237503309 -0.9070465139467903 -1.0568309797001476 
270 1 -0.9553882657077147 -1.0642101617799264 -1.0881041303310914 -1.2453042468289401 -1.194553361779797 -1.1808042097541245 -1.1184278985984255 
271 -1 0.13227722197345163 0.5386789504343332 0.3334731681296389 1.6165936547268167 1.0497590148973974 0.8723785088008816 0.5754873711042162 
272 -1 0.07789394758939332 0.14878700422005386 0.15577600582204762 0.34463903181314703 0.49471401851486546 0.5986208129935475 0.4214950738585216 
273 1 -1.009771540091773 -1.0642101617799264 -0.9992555491772958 -1.2453042468289401 -1.2186857529268635 -1.1808042097541245 -1.0568309797001476 
274 1 -0.030872601178723313 0.2787509862914803 0.30385697441170706 1.2496836673478735 0.7119055388384649 0.5986208129935475 0.4830919927567994 
275 1 -0.9010049913236564 -1.0642101617799264 -1.0288717428952276 -1.1963829151784142 -1.194553361779797 -1.1808042097541245 -1.0876294391492864 
276 1 -0.9553882657077147 -0.5876755608513627 -0.6142450308441814 1.0784590065710333 0.2533901070441994 0.7354996608972146 -0.28686949347167406 
277 1 -1.009771540091773 -1.0642101617799264 -1.1177203240490232 -1.2453042468289401 -1.194553361779797 -1.1808042097541245 -1.1184278985984255 
278 -1 -0.030872601178723313 0.23542965893433815 0.3630893618475708 0.4180210292889357 0.08446336901473313 0.8723785088008816 0.051913560468854286 
279 1 -0.9553882657077147 -1.1075314891370684 -1.0288717428952276 -1.2453042468289401 -1.194553361779797 -1.1808042097541245 -1.1492263580475643 
280 -1 0.6761099658140348 0.6686429325057597 0.7777160738986172 0.4180210292889357 0.13272815130886634 0.3248631171862134 0.051913560468854286 
281 -1 0.5673434170459182 0.7986069145771861 0.6888674927448215 0.8338523483184046 0.7360379299855315 1.830530444126551 0.32909969551110474 
282 1 -0.30278897309901487 -0.11114095992279904 -0.11076973763933932 1.2741443331731364 0.22925771589713276 0.18798426928254633 -0.1636756556751183 
283 1 -0.46593879625118984 -0.45771157877993623 -0.5253964496903857 -0.853933593624734 -1.001494232603264 0.8723785088008816 -0.9336371419035918 
284 -1 0.29542704512562656 0.4520362957200489 0.7777160738986172 0.34463903181314703 0.8084351034267313 0.3248631171862134 1.0374642628413004 
285 -1 0.3498103195096849 0.4520362957200489 0.6000189115910258 0.5403243584152501 0.5671111919560653 0.8723785088008816 0.5754873711042162 
286 1 -0.9010049913236564 -1.1075314891370684 -1.0584879366131597 -1.2208435810036773 -1.1704209706327304 -1.1808042097541245 -1.0876294391492864 
287 -1 0.7848765145821515 1.0152135513628968 1.1034942047958678 1.151841004046822 0.398184453926599 0.5986208129935475 0.23670431716368792 
288 1 -0.8466217169395981 -1.0642101617799264 -1.1177203240490232 -1.1963829151784142 -1.1704209706327304 -1.1808042097541245 -1.1184278985984255 
289 1 -0.13963914994683996 -0.02449830520851474 -0.021921156485543672 -0.5114842720710537 -0.08446336901473313 -1.1808042097541245 0.23670431716368792 
290 -1 0.24104377074156827 0.7552855872200439 0.540786524155162 0.9316950116194561 0.9773618414561975 0.8723785088008816 0.4214950738585216 
291 -1 1.1111761608865014 1.058534878720039 0.9554132362062084 0.7849310166678789 1.194553361779797 0.7354996608972146 1.253053478985273 
292 1 -0.9553882657077147 -1.0208888344227842 -1.1177203240490232 -1.2208435810036773 -1.194553361779797 -1.1808042097541245 -1.0876294391492864 
293 -1 2.3076081973357843 2.184889390005735 1.9919800163338244 1.2986049989983992 1.8461279227505953 0.8723785088008816 1.9922165057646073 
294 -1 0.6761099658140348 0.8419282419343282 0.8961808487703447 0.9316950116194561 1.31521531751513 0.7354996608972146 0.9142704250447445 
295 1 -0.7922384425555398 -1.0208888344227842 -1.1177203240490232 -1.2208435810036773 -1.194553361779797 -1.1808042097541245 -1.1492263580475643 
296 -1 0.29542704512562656 0.32207231364862243 0.24462458697584327 1.567672323076291 0.7360379299855315 1.0092573567045486 0.20590585771454897 
297 1 -0.6290886194033648 -0.8476035249942155 -0.9104069680235002 -1.0985402518773628 -1.1221561883385973 -1.0439253618504574 -1.0876294391492864 
298 1 -0.9553882657077147 -1.0642101617799264 -1.0584879366131597 -1.2208435810036773 -1.1704209706327304 -1.3176830576577914 -1.0876294391492864 
299 1 -0.9010049913236564 -1.1508528164942107 -1.0584879366131597 -1.2208435810036773 -1.194553361779797 -1.3176830576577914 -1.1184278985984255 
300 -1 1.6550089047270844 1.4917481522914604 0.6888674927448215 0.44248169511419855 1.2669505352209969 1.556772748319217 1.5918365329258013 
301 -1 1.2743259840386763 0.9285708966486126 0.9257970424882765 0.34463903181314703 0.7601703211325981 1.0092573567045486 0.8834719655956057 
302 -1 0.023510673205335002 0.40871496836290677 0.27424078069377517 0.4914030267647243 0.9290970591620643 0.8723785088008816 0.7602781277990499 
303 -1 -0.30278897309901487 0.10546567686291171 -0.021921156485543672 1.0050770090952448 0.9290970591620643 0.7354996608972146 0.2983012360619658 
304 -1 0.7304932401980931 0.6686429325057597 0.7777160738986172 0.10003237356051825 0.30165488933833257 0.8723785088008816 0.4522935333076605 
305 -1 1.219942709654618 1.2751415155057497 1.3996561419751867 0.46694236093946145 0.7119055388384649 0.8723785088008816 0.8834719655956057 
306 -1 0.9480263377343263 0.8419282419343282 0.9257970424882765 0.2957177001626213 0.5188464096619321 0.3248631171862134 0.698681208900772 
307 -1 0.45857686827780153 0.5386789504343332 0.836948461334481 0.6381670217163016 0.953229450309131 0.7354996608972146 0.8834719655956057 
308 -1 0.4041935938937432 0.5820002777914753 0.4223217492834346 1.2496836673478735 1.2669505352209969 -0.08577342652478782 0.9450688844938835 
309 1 -0.8466217169395981 -1.0642101617799264 -1.0584879366131597 -1.2208435810036773 -1.194553361779797 -1.1808042097541245 -1.0568309797001476 
310 1 -0.9553882657077147 -1.1508528164942107 -1.0584879366131597 -1.2208435810036773 -1.1704209706327304 -1.1808042097541245 -1.0876294391492864 
311 1 -0.7922384425555398 -1.0208888344227842 -0.9696393554593639 -1.1963829151784142 -1.1704209706327304 -1.1808042097541245 -1.0568309797001476 
312 -1 0.4041935938937432 0.5820002777914753 0.6000189115910258 0.22233570268683264 0.3499196716324658 1.1461362046082157 0.5446889116550773 
313 -1 1.6006256303430262 1.6217121343628869 1.4885047231289823 0.8093916824931418 1.1704209706327304 0.8723785088008816 1.3146503978835509 
314 1 -0.8466217169395981 -1.0642101617799264 -0.9992555491772958 -1.1963829151784142 -1.1704209706327304 -1.1808042097541245 -1.0876294391492864 
315 1 -0.8466217169395981 -0.3277475967085098 -0.3180830936648625 1.0295376749205076 0.6636407565443316 0.3248631171862134 0.1443089388162711 
316 1 -0.9553882657077147 -1.1075314891370684 -1.0288717428952276 -1.1963829151784142 -1.194553361779797 -1.1808042097541245 -1.0876294391492864 
317 1 -0.5747053450193065 -0.8476035249942155 -0.8807907743055683 -0.9762369227510485 -0.6636407565443316 -0.7701676660431231 -0.5948540879630635 
318 -1 -0.19402242433089825 -0.02449830520851474 0.007695037232388211 0.7360096850173531 0.4223168450736656 -0.08577342652478782 0.4522935333076605 
319 1 -0.7922384425555398 -0.5443542334942205 -0.7327098057159088 0.8583130141436675 -0.012066195573533304 -0.08577342652478782 -0.5640556285139245 
320 -1 0.9480263377343263 0.9718922240057547 0.9257970424882765 0.4180210292889357 1.194553361779797 0.7354996608972146 1.2838519384344118 
321 -1 0.7304932401980931 0.7119642598629018 0.7480998801806853 0.44248169511419855 0.5429788008089986 0.46174196508988047 0.4830919927567994 
322 -1 0.5673434170459182 0.7986069145771861 0.8961808487703447 1.176301669872085 0.9290970591620643 1.0092573567045486 0.7910765872481889 
323 1 -0.6290886194033648 -0.6309968882085049 -0.8215583868697045 -1.0740795860521 -1.1462885794856639 -1.0439253618504574 -1.0568309797001476 
324 -1 1.383092532806793 1.361784170220034 1.4588885294110505 0.956155677444719 1.0256266237503309 0.8723785088008816 1.222255019536134 
325 1 0.18666049635750995 0.3653936410057646 0.30385697441170706 0.6626276875415644 0.4223168450736656 0.7354996608972146 0.1443089388162711 
326 -1 -0.030872601178723313 0.06214434950576956 0.09654361838618386 1.0050770090952448 0.7119055388384649 0.5986208129935475 0.26750277661282684 
327 -1 0.8392597889662098 0.7552855872200439 0.7777160738986172 0.17341437103630689 0.44644923622073224 1.556772748319217 0.729479668349911 
328 -1 1.6006256303430262 1.4484268249343184 1.4588885294110505 0.5892456900657759 0.9773618414561975 1.2830150525118829 0.9142704250447445 
329 -1 1.4918590815749095 1.1451775334343233 1.1627265922317316 0.17341437103630689 0.7360379299855315 1.1461362046082157 1.0682627222904393 
330 1 -1.009771540091773 -0.977567507065642 -0.9400231617414321 -1.1719222493531514 -1.1704209706327304 -1.1808042097541245 -1.1184278985984255 
331 1 -0.7378551681714814 -0.45771157877993623 -0.5846288371262495 1.3230656648236623 0.27752249819126595 -0.2226522744284549 -0.317667952920813 
332 -1 1.056792886502443 1.1018562060771813 1.2515751733855274 0.5647850242405129 0.7360379299855315 0.5986208129935475 0.7602781277990499 
333 1 -0.9010049913236564 -1.1075314891370684 -1.0288717428952276 -1.2208435810036773 -1.2186857529268635 -1.3176830576577914 -1.1800248174967032 
334 -1 0.7304932401980931 0.8419282419343282 1.1627265922317316 0.8827736799689304 1.435877273250463 1.0092573567045486 1.8074257490697738 
335 1 -0.6834718937874231 -0.5443542334942205 -0.6438612245621133 -1.0251582544015743 -1.0497590148973974 -0.7701676660431231 -0.9952340608018696 
336 -1 0.8392597889662098 0.8852495692914704 0.8073322676165491 0.8583130141436675 0.5912435831031319 0.8723785088008816 0.5138904522059384 
337 -1 -0.46593879625118984 -0.15446228727994119 -0.22923451251106686 1.4942903256005022 0.6153759742501985 0.46174196508988047 0.051913560468854286 
338 -1 1.7093921791111428 1.4484268249343184 1.577353304282778 0.6137063558910387 1.2669505352209969 1.1461362046082157 1.5302396140275234 
339 1 -0.9553882657077147 -0.977567507065642 -1.0288717428952276 -1.2208435810036773 -1.194553361779797 -1.3176830576577914 -1.1184278985984255 
340 -1 0.6217266914299765 0.5820002777914753 0.4815541367192983 0.5158636925899872 0.7119055388384649 1.0092573567045486 0.6062858305533552 
341 1 -0.9010049913236564 -1.0208888344227842 -1.0288717428952276 -1.1963829151784142 -1.1704209706327304 -1.1808042097541245 -1.1184278985984255 
342 1 -1.009771540091773 -1.0208888344227842 -1.0881041303310914 -1.1963829151784142 -1.1704209706327304 -1.1808042097541245 -1.0876294391492864 
343 1 -1.009771540091773 -1.0642101617799264 -0.9992555491772958 -1.1719222493531514 -1.1462885794856639 -1.4545619055614585 -1.1184278985984255 
344 -1 0.29542704512562656 0.23542965893433815 0.8073322676165491 0.22233570268683264 0.060330977867666516 1.556772748319217 0.051913560468854286 
345 1 -0.46593879625118984 -0.3277475967085098 -0.3180830936648625 0.5403243584152501 0.13272815130886634 0.18798426928254633 -0.13287719622597935 
346 1 -0.7922384425555398 -0.37106892406565195 -0.6142450308441814 1.2741443331731364 0.398184453926599 0.8723785088008816 -0.4100633312682298 
347 -1 -0.13963914994683996 0.7119642598629018 0.836948461334481 0.3935603634636728 0.4223168450736656 -0.359531122332122 0.4830919927567994 
348 -1 0.7848765145821515 0.7986069145771861 0.540786524155162 0.5158636925899872 0.5188464096619321 0.3248631171862134 0.3598981549602437 
349 -1 0.45857686827780153 0.6686429325057597 0.9257970424882765 0.2957177001626213 0.832567494573798 0.5986208129935475 1.0682627222904393 
350 1 -0.7922384425555398 -1.1508528164942107 -1.0584879366131597 -1.1963829151784142 -1.194553361779797 -1.0439253618504574 -1.0876294391492864 
351 1 -0.19402242433089825 0.018823022148627407 -0.11076973763933932 1.5921329889015539 0.8566998857208645 0.7354996608972146 0.23670431716368792 
352 -1 0.023510673205335002 0.3653936410057646 0.3334731681296389 0.9316950116194561 0.9049646680149978 0.46174196508988047 0.729479668349911 
353 -1 0.13227722197345163 0.2787509862914803 0.3927055555655027 -0.12011361886684765 0.012066195573533304 0.8723785088008816 -0.1636756556751183 
354 -1 0.6217266914299765 0.7552855872200439 0.7480998801806853 0.44248169511419855 0.6395083653972651 1.0092573567045486 0.8218750466973278 
355 -1 0.13227722197345163 0.192108331577196 0.12615981210411575 1.371986996474188 0.3257872804853992 0.46174196508988047 -0.22527257457339617 
356 -1 1.0024096121183848 0.9285708966486126 0.9554132362062084 1.5187509914257653 2.256378572250728 0.3248631171862134 2.638984154196525 
357 1 -1.009771540091773 -1.1508528164942107 -0.9992555491772958 -1.2208435810036773 -1.194553361779797 -1.1808042097541245 -1.0876294391492864 
358 -1 0.6761099658140348 0.6686429325057597 0.9554132362062084 0.8338523483184046 1.2428181440739303 0.46174196508988047 1.5610380734766622 
359 1 -0.6834718937874231 -0.5443542334942205 -0.7623259994338407 -0.9517762569257855 -1.073891406044464 0.5986208129935475 -1.0568309797001476 
360 -1 1.437475807190851 1.1018562060771813 1.044261817360004 0.22233570268683264 0.5429788008089986 0.8723785088008816 0.6370842900024941 
361 1 -0.9553882657077147 -1.0642101617799264 -1.0584879366131597 -1.2208435810036773 -1.194553361779797 -1.1808042097541245 -1.0876294391492864 
362 -1 0.5673434170459182 0.49535762307719106 0.540786524155162 0.19787503686156976 0.22925771589713276 1.0092573567045486 0.20590585771454897 
363 1 -0.13963914994683996 0.018823022148627407 0.09654361838618386 0.5158636925899872 0.8566998857208645 0.051105421378879246 0.8526735061464668 
364 1 -0.9553882657077147 -1.0208888344227842 -1.1177203240490232 -1.2208435810036773 -1.194553361779797 -1.1808042097541245 -1.1492263580475643 
365 1 -0.8466217169395981 -1.0208888344227842 -1.1177203240490232 -1.1963829151784142 -1.1462885794856639 -1.1808042097541245 -1.1184278985984255 
366 1 -0.7922384425555398 -0.8909248523513578 -0.8807907743055683 -1.1230009177026257 -1.1462885794856639 -1.0439253618504574 -1.0260325202510086 
367 1 -0.7922384425555398 -0.5876755608513627 -0.673477418280045 0.6870883533668274 0.15686054245593295 -0.359531122332122 -0.44086179071736875 
368 -1 1.437475807190851 1.1018562060771813 1.0146456236420722 0.34463903181314703 1.001494232603264 1.1461362046082157 1.253053478985273 
369 -1 1.763775453495201 1.4051054975771762 1.9623638226158924 0.8583130141436675 1.435877273250463 1.9674092920302182 1.3762473167818288 
370 1 0.5129601426618599 0.6253216051486176 0.3927055555655027 0.9072343457941933 0.060330977867666516 0.051105421378879246 0.051913560468854286 
371 -1 1.7093921791111428 1.6217121343628869 1.5181209168469143 0.7849310166678789 0.9773618414561975 0.7354996608972146 1.222255019536134 
372 1 -0.8466217169395981 -1.1075314891370684 -1.0584879366131597 -1.2453042468289401 -1.194553361779797 -1.3176830576577914 -1.0876294391492864 
373 1 -0.8466217169395981 -1.0642101617799264 -0.9992555491772958 -1.2208435810036773 -1.194553361779797 -1.1808042097541245 -1.0876294391492864 
374 -1 0.8392597889662098 0.8852495692914704 0.836948461334481 0.148953705211044 0.5671111919560653 -1.1808042097541245 0.6678827494516331 
375 1 -0.8466217169395981 -1.1075314891370684 -1.0881041303310914 -1.269764912654203 -1.2186857529268635 -1.1808042097541245 -1.1184278985984255 
376 -1 0.3498103195096849 0.5820002777914753 0.5111703304372303 0.34463903181314703 0.20512532475006615 0.7354996608972146 0.4214950738585216 
377 1 -0.9553882657077147 -1.0642101617799264 -0.9992555491772958 -1.2208435810036773 -1.1704209706327304 -1.1808042097541245 -1.1492263580475643 
378 -1 -0.30278897309901487 -0.11114095992279904 0.09654361838618386 1.176301669872085 0.6877731476913983 -0.08577342652478782 0.32909969551110474 
379 1 -0.9010049913236564 -0.5876755608513627 -0.7030936119979769 1.3964476622994508 0.4223168450736656 -0.359531122332122 -0.3484664123699519 
380 1 -0.9010049913236564 -1.194174143851353 -1.0881041303310914 -1.2208435810036773 -1.194553361779797 -1.1808042097541245 -1.0568309797001476 
381 1 -0.8466217169395981 -1.0642101617799264 -0.9992555491772958 -1.1963829151784142 -1.1704209706327304 -1.1808042097541245 -1.1492263580475643 
382 -1 0.9480263377343263 0.8852495692914704 0.836948461334481 0.46694236093946145 1.1462885794856639 0.8723785088008816 1.3762473167818288 
383 1 -0.9010049913236564 -1.0208888344227842 -1.0584879366131597 -1.1963829151784142 -1.1462885794856639 -1.3176830576577914 -1.0568309797001476 
384 1 -0.4115555218671315 -0.19778361463708335 -0.19961831879313496 1.4453689939499765 0.832567494573798 -0.08577342652478782 0.20590585771454897 
385 1 -0.8466217169395981 -1.1508528164942107 -1.0584879366131597 -1.2208435810036773 -1.2186857529268635 -1.1808042097541245 -1.0876294391492864 
386 1 -0.8466217169395981 -1.194174143851353 -1.0584879366131597 -1.2453042468289401 -1.194553361779797 -1.1808042097541245 -1.0876294391492864 
387 -1 0.6217266914299765 0.6686429325057597 0.4815541367192983 0.5892456900657759 0.20512532475006615 0.7354996608972146 0.08271201991799322 
388 1 -0.8466217169395981 -1.0642101617799264 -1.0288717428952276 -1.2208435810036773 -1.194553361779797 -1.1808042097541245 -1.0260325202510086 
389 -1 0.8392597889662098 0.7552855872200439 0.9257970424882765 0.7360096850173531 1.0497590148973974 0.5986208129935475 1.222255019536134 
390 -1 0.7304932401980931 0.8852495692914704 0.9850294299241403 0.2957177001626213 0.7360379299855315 -0.7701676660431231 0.9758673439430224 
391 -1 0.18666049635750995 0.32207231364862243 0.4815541367192983 0.10003237356051825 0.7601703211325981 0.7354996608972146 1.0990611817395781 
392 1 -0.8466217169395981 -1.0642101617799264 -1.0288717428952276 -1.2208435810036773 -1.1462885794856639 -1.1808042097541245 -1.1184278985984255 
393 -1 2.0356918254154928 2.228210717362877 2.584303890692462 1.371986996474188 2.690761612897927 0.18798426928254633 3.008565667586192 
394 -1 1.6006256303430262 1.361784170220034 1.2219589796675954 0.5892456900657759 0.8084351034267313 0.7354996608972146 0.9758673439430224 
395 1 -0.9010049913236564 -1.1075314891370684 -1.0881041303310914 -1.2453042468289401 -1.194553361779797 -1.1808042097541245 -1.1184278985984255 
396 1 -0.9553882657077147 -1.1075314891370684 -1.0288717428952276 -1.1719222493531514 -1.194553361779797 -1.1808042097541245 -1.1184278985984255 
397 1 -0.9553882657077147 -0.8909248523513578 -1.0288717428952276 -1.1230009177026257 -1.1704209706327304 -0.9070465139467903 -1.0568309797001476 
398 -1 1.5462423559589678 1.6217121343628869 1.2811913671034592 1.3230656648236623 1.5806716201328628 0.7354996608972146 1.6226349923749401 
399 -1 0.18666049635750995 0.23542965893433815 0.3630893618475708 1.151841004046822 1.2186857529268635 0.8723785088008816 0.7910765872481889 
400 -1 0.6761099658140348 0.7552855872200439 0.6296351053089577 0.8583130141436675 0.3499196716324658 1.2830150525118829 0.3598981549602437 
401 1 -0.46593879625118984 -0.2411049419942255 -0.37731548110072627 1.4942903256005022 0.6153759742501985 -0.49640997023578903 -0.10207873677684041 
402 -1 0.5129601426618599 0.8419282419343282 1.073878011077936 0.7115490191920902 0.7843027122796647 0.5986208129935475 0.8526735061464668 
403 1 -0.24840569871495657 -0.5010329061370784 -0.37731548110072627 -0.7805515961489454 -0.5912435831031319 -0.6332888181394561 -0.44086179071736875 
404 1 -0.8466217169395981 -0.9342461797084999 -0.8807907743055683 -1.1719222493531514 -1.1462885794856639 -1.1808042097541245 -1.0568309797001476 
405 1 -0.9010049913236564 -1.1075314891370684 -1.0288717428952276 -1.2208435810036773 -1.194553361779797 -1.3176830576577914 -1.0876294391492864 
406 -1 1.1655594352705596 1.2318201881486077 1.1627265922317316 1.0539983407457705 0.953229450309131 0.3248631171862134 0.9142704250447445 
407 -1 -0.3571722474830732 -0.06781963256565689 -0.25885070622899875 1.0050770090952448 0.49471401851486546 0.3248631171862134 -0.04048181787856253 
408 -1 0.3498103195096849 0.49535762307719106 0.6000189115910258 0.3201783659878842 0.6153759742501985 1.0092573567045486 0.698681208900772 
409 -1 0.023510673205335002 0.49535762307719106 0.5111703304372303 0.9806163432699819 1.4600096643975298 1.2830150525118829 1.0990611817395781 
410 -1 2.633907843640134 2.48813868150573 2.376990534666939 1.2007623356973478 1.6048040112799293 1.41989390041555 1.8074257490697738 
411 1 -0.7922384425555398 -0.977567507065642 -0.9992555491772958 -1.1719222493531514 -1.1704209706327304 -1.3176830576577914 -1.0876294391492864 
412 -1 0.5129601426618599 0.5386789504343332 0.5704027178730939 0.5158636925899872 0.6636407565443316 0.8723785088008816 0.729479668349911 
413 -1 0.45857686827780153 0.9718922240057547 1.2811913671034592 0.8827736799689304 0.9773618414561975 1.41989390041555 1.0990611817395781 
414 1 -0.9553882657077147 -1.0642101617799264 -1.176952711484887 -1.2208435810036773 -1.194553361779797 -1.1808042097541245 -1.0260325202510086 
415 1 0.24104377074156827 0.6253216051486176 0.3334731681296389 0.8583130141436675 0.13272815130886634 0.5986208129935475 0.32909969551110474 
416 1 -0.9010049913236564 -1.0642101617799264 -1.0881041303310914 -1.1719222493531514 -1.194553361779797 -1.1808042097541245 -1.0568309797001476 
417 1 -1.009771540091773 -1.1075314891370684 -1.1177203240490232 -1.2208435810036773 -1.1704209706327304 -1.1808042097541245 -1.0568309797001476 
418 -1 1.763775453495201 1.4917481522914604 1.3996561419751867 0.9806163432699819 0.8808322768679312 1.2830150525118829 0.8834719655956057 
419 -1 0.8392597889662098 0.8852495692914704 0.9554132362062084 1.2741443331731364 0.5912435831031319 1.0092573567045486 1.3146503978835509 
420 1 -0.9010049913236564 -1.1075314891370684 -1.0584879366131597 -1.2453042468289401 -1.194553361779797 -1.1808042097541245 -1.0568309797001476 
421 -1 0.7848765145821515 0.8852495692914704 1.044261817360004 0.8093916824931418 0.9049646680149978 0.7354996608972146 1.0066658033921614 
422 1 -1.0641548144758313 -1.1508528164942107 -1.1177203240490232 -1.2453042468289401 -1.194553361779797 -1.1808042097541245 -1.0876294391492864 
423 -1 0.6761099658140348 0.7986069145771861 1.0146456236420722 0.6870883533668274 0.8084351034267313 0.46174196508988047 0.6370842900024941 
424 -1 0.5673434170459182 0.5820002777914753 0.8961808487703447 0.44248169511419855 0.832567494573798 -0.08577342652478782 1.0682627222904393 
425 -1 4.972388642154642 4.177670448434274 3.2950925399228272 1.4209083281247137 1.31521531751513 1.41989390041555 1.6534334518240792 
426 1 -0.30278897309901487 -0.28442626935136767 -0.19961831879313496 -0.48702360624579083 -0.49471401851486546 0.46174196508988047 -0.3484664123699519 
427 -1 1.219942709654618 0.9285708966486126 1.0146456236420722 0.3201783659878842 1.2669505352209969 1.1461362046082157 1.0682627222904393 
428 1 -0.7378551681714814 -0.3277475967085098 -0.4661640622545219 1.2741443331731364 0.398184453926599 -0.08577342652478782 -0.19447411512425722 
429 -1 0.023510673205335002 0.14878700422005386 0.09654361838618386 0.5892456900657759 0.6153759742501985 1.0092573567045486 0.5138904522059384 
430 1 -0.9010049913236564 -1.1075314891370684 -1.0881041303310914 -1.2208435810036773 -1.2186857529268635 -1.0439253618504574 -1.0876294391492864 
431 1 -0.8466217169395981 -0.8042821976370734 -0.673477418280045 -0.3157989454689507 0.27752249819126595 -0.08577342652478782 -0.9952340608018696 
432 1 -0.9553882657077147 -1.0642101617799264 -1.0881041303310914 -1.2208435810036773 -1.194553361779797 -1.0439253618504574 -1.0876294391492864 
433 1 -0.8466217169395981 -0.8476035249942155 -1.0584879366131597 -1.1474615835278885 -1.1221561883385973 -1.0439253618504574 -1.0568309797001476 
434 -1 0.29542704512562656 0.40871496836290677 0.5704027178730939 0.12449303938578113 0.4223168450736656 0.8723785088008816 0.6062858305533552 
435 1 -0.7922384425555398 -0.8909248523513578 -1.0584879366131597 -1.1963829151784142 -1.1462885794856639 -1.0439253618504574 -1.1492263580475643 
436 1 -1.009771540091773 -1.1075314891370684 -1.0584879366131597 -1.2208435810036773 -1.194553361779797 -1.3176830576577914 -1.0876294391492864 
437 -1 0.07789394758939332 0.14878700422005386 0.09654361838618386 0.8338523483184046 0.5188464096619321 0.7354996608972146 0.32909969551110474 
438 1 -0.24840569871495657 0.2787509862914803 0.1853921995399795 1.176301669872085 1.001494232603264 0.46174196508988047 0.7910765872481889 
439 -1 0.24104377074156827 0.3653936410057646 0.6000189115910258 0.7115490191920902 -0.10859576016179973 0.46174196508988047 -0.317667952920813 
440 1 -1.1185380888598897 -1.0208888344227842 -1.0288717428952276 -1.2208435810036773 -1.194553361779797 -1.1808042097541245 -1.0876294391492864 
441 1 -0.9553882657077147 -1.0208888344227842 -1.1177203240490232 -1.2453042468289401 -1.194553361779797 -1.3176830576577914 -1.1184278985984255 
442 1 -0.9553882657077147 -0.7176395429227892 -0.7919421931517726 0.7604703508426159 -0.13272815130886634 0.18798426928254633 -0.5332571690647856 
443 -1 1.5462423559589678 1.5783908070057449 1.7846666603083012 0.7604703508426159 1.3876124909563299 0.8723785088008816 1.6534334518240792 
444 -1 3.1777405874807174 2.7047453182914407 2.1696771786414155 1.7144363180278683 1.435877273250463 0.5986208129935475 1.2838519384344118 
445 -1 0.07789394758939332 0.192108331577196 0.09654361838618386 1.2496836673478735 0.6153759742501985 0.5986208129935475 0.1443089388162711 
446 -1 0.7304932401980931 0.5820002777914753 0.540786524155162 -0.022270955565796145 0.3257872804853992 0.051105421378879246 0.4214950738585216 
447 -1 1.763775453495201 1.4917481522914604 1.3996561419751867 0.8583130141436675 0.7360379299855315 0.7354996608972146 0.729479668349911 
448 1 -0.9010049913236564 -1.1075314891370684 -1.0584879366131597 -1.2208435810036773 -1.194553361779797 -1.1808042097541245 -1.0876294391492864 
449 1 -0.9553882657077147 -1.1508528164942107 -1.1473365177669552 -1.2453042468289401 -1.2186857529268635 -1.1808042097541245 -1.1800248174967032 
450 -1 1.056792886502443 1.0152135513628968 1.1034942047958678 1.0539983407457705 1.3634800998092633 0.5986208129935475 1.2838519384344118 
451 -1 0.24104377074156827 0.49535762307719106 0.5111703304372303 0.7604703508426159 1.1704209706327304 0.8723785088008816 0.8218750466973278 
452 -1 0.3498103195096849 0.5386789504343332 0.45193794300136647 0.9072343457941933 0.30165488933833257 0.5986208129935475 0.11351047936713217 
453 1 -0.9010049913236564 -1.1075314891370684 -1.0584879366131597 -1.2453042468289401 -1.1462885794856639 -1.3176830576577914 -1.0876294391492864 
454 1 -0.9553882657077147 -1.1075314891370684 -1.0584879366131597 -1.2453042468289401 -1.194553361779797 -1.1808042097541245 -1.0876294391492864 
455 -1 0.18666049635750995 0.40871496836290677 0.27424078069377517 0.44248169511419855 0.5912435831031319 1.0092573567045486 0.698681208900772 
456 -1 1.437475807190851 1.4484268249343184 1.2811913671034592 1.4698296597752394 1.7737307493093957 1.0092573567045486 1.8382242085189129 
457 -1 0.8392597889662098 0.8852495692914704 0.8665646550524128 0.8827736799689304 0.5912435831031319 1.0092573567045486 1.0682627222904393 
