id label data 
0 1 -0.9220528407641415 -1.1608810115618193 -1.2369299978918784 -1.3041618808420339 -1.2909627951544762 -1.3968268730324442 -1.1831292926605312 
1 -1 0.27661585222924245 0.6076340028207265 0.6485597965983113 0.9298520222170725 0.39254466671999966 0.4102331350410797 0.5413630593710458 
2 -1 0.13830792611462123 0.22317421708539045 0.5653764233119795 0.7113071838743338 0.414991432878326 0.5492377510467354 0.4579198810469372 
3 1 -0.9220528407641415 -0.7379752472529497 -0.8210131314602189 0.9298520222170725 -0.12373095492150626 -0.42379456099285445 -0.7102846154905827 
4 -1 1.3369766191080052 1.4534455314384658 1.5081213205570743 1.2698106596391103 1.1108411837864427 0.5492377510467354 0.87513577266748 
5 -1 0.1844105681528283 0.4538500885265921 0.48219305002564755 0.7355899436901937 1.0210541191531373 0.6882423670523911 0.7082494160192628 
6 1 -1.0142581248405558 -1.2377729687088865 -1.2923855800827664 -1.3527274004737537 -1.2909627951544762 -1.5358314890381 -1.238758078209937 
7 -1 1.7980030394900761 1.4534455314384658 1.5081213205570743 0.5413278651633149 0.6619058606199157 -0.14578532898154306 0.9029501654421829 
8 1 -1.0142581248405558 -1.1224350329882857 -1.2092022067964345 -1.3527274004737537 -1.26851602899615 -1.2578222570267887 -1.1831292926605312 
9 1 -0.8759501987259345 -1.007097097267685 -1.2092022067964345 -1.3527274004737537 -1.2909627951544762 -1.2578222570267887 -1.1275005071111255 
10 -1 -0.09220528407641415 0.14628225993832325 0.094003974689432 0.12852094829369737 0.4374381990366523 1.2442608310750138 0.3744767027228286 
11 -1 0.23051321019103538 -0.007501654355811169 0.1771873479757639 0.07995542866197765 -0.16862448723815895 0.13222390302976833 -0.15399675999652562 
12 -1 -0.09220528407641415 0.10783628136478965 0.094003974689432 0.7113071838743338 0.19052377129506257 0.6882423670523911 0.09633277497580008 
13 -1 0.32271849426744953 0.3769581313795249 0.48219305002564755 0.0556726688461178 0.2803108359283679 1.661274679091981 0.4022910954975315 
14 -1 1.751900397451869 1.7994593386002684 1.840854813702402 0.9541347820329323 1.267968546894727 0.8272469830580468 1.5148668064856456 
15 -1 0.599334346496692 0.761417917114861 1.2862989917935226 0.687024424058474 2.1209456609111283 -0.5627991769985101 2.460556160825543 
16 -1 -0.1844105681528283 0.06939030279125605 0.20491513907120787 -0.3571342480234997 -0.37064538266309605 1.661274679091981 -0.18181115277122847 
17 1 -1.0603607668787627 -1.0455430758412185 -1.1537466246055466 -1.3527274004737537 -1.2909627951544762 -1.2578222570267887 -1.1553148998858285 
18 1 -1.152566050955177 -1.199326990135353 -1.2369299978918784 -1.3770101602896134 -1.26851602899615 -1.3968268730324442 -1.238758078209937 
19 1 -0.9681554828023486 -1.0839890544147521 -1.2092022067964345 -1.3041618808420339 -1.2909627951544762 -1.118817641021133 -1.1831292926605312 
20 1 -0.8759501987259345 -1.1608810115618193 -1.1537466246055466 -1.3770101602896134 -1.26851602899615 -1.5358314890381 -1.2109436854352342 
21 -1 0.09220528407641415 0.2616201956589241 0.20491513907120787 0.3227830268205762 0.07828994050343084 0.5492377510467354 0.12414716775050293 
22 1 0.1844105681528283 0.10783628136478965 0.03854839249854406 -0.3328514882076398 1.1557347161030953 0.13222390302976833 1.1810940931892113 
23 1 0.23051321019103538 -0.04594763292934478 -0.12781835407411973 -0.6485273658138179 -0.7297936411963175 0.13222390302976833 -0.7937277938146913 
24 -1 0.0 0.06939030279125605 0.010820601403100094 1.3912244587184097 0.48233173135330504 0.8272469830580468 -0.01492479612301135 
25 -1 1.0142581248405558 0.7998638956883946 0.8703821253618631 0.007107149214398098 0.48233173135330504 0.9662515990637025 0.7638782015686686 
26 -1 0.27661585222924245 0.3000661742324577 0.23264293016665183 0.347065786636436 0.4598849651949787 0.8272469830580468 0.34666230994812575 
27 -1 0.0 -0.007501654355811169 0.5376486322165355 0.0556726688461178 -0.1461777210798326 1.3832654470806696 -0.15399675999652562 
28 -1 -0.13830792611462123 -0.04594763292934478 -0.10009056297867577 1.1969623801915308 0.10073670666175719 0.271228519035424 -0.4043262949688513 
29 -1 0.599334346496692 0.6076340028207265 0.6762875876937553 1.3426589390866899 1.8964779993278646 0.13222390302976833 2.1824122330785145 
30 1 -0.9681554828023486 -1.1224350329882857 -1.2646577889873225 -1.3527274004737537 -1.26851602899615 -1.3968268730324442 -1.2109436854352342 
31 1 -0.599334346496692 -0.39196144009114725 -0.40509626502855944 1.2698106596391103 0.5721187959866104 -0.2847899449871988 -0.01492479612301135 
32 1 -0.9681554828023486 -1.2762189472824201 -1.2092022067964345 -1.4012929201054733 -1.3134095613128025 -1.3968268730324442 -1.1831292926605312 
33 -1 1.0603607668787627 1.2227696599972642 0.9812932897436389 1.1483968605598112 1.267968546894727 0.5492377510467354 1.26453727151332 
34 1 -0.9681554828023486 -1.0455430758412185 -1.0428354602237706 -1.3284446406578938 -1.26851602899615 -1.3968268730324442 -1.1553148998858285 
35 -1 0.7376422726113132 0.8767558528354618 0.8703821253618631 0.8812865025853528 0.6843526267782422 0.13222390302976833 0.6248062376951543 
36 -1 -0.23051321019103538 0.22317421708539045 0.2603707212620958 0.8084382231377732 1.1557347161030953 1.1052562150693581 0.7916925943433715 
37 1 -1.0142581248405558 -1.1608810115618193 -1.2369299978918784 -1.3284446406578938 -1.3134095613128025 -1.3968268730324442 -1.1553148998858285 
38 -1 3.964827215285809 3.491082395835747 2.8667830842338287 1.2455278998232506 1.0210541191531373 1.2442608310750138 1.2923516642880228 
39 1 -0.5071290624202779 -0.46885339723821445 -0.40509626502855944 -0.6485273658138179 -0.6624533427213385 0.271228519035424 -0.5155838660676627 
40 -1 -0.23051321019103538 -0.08439361150287839 -0.12781835407411973 0.4199140660840156 0.3700979005616733 0.8272469830580468 0.2632191316240172 
