id label data 
0 -1 0.6093281615100146 0.6604655530222805 0.9410279133030747 0.7617989342215276 1.1833270497744022 1.4013479927274006 1.1767069332092943 
1 -1 1.3817702674021088 1.403477371521266 1.4764201919276811 1.1055224418021647 1.063056358549717 0.7185635452070279 0.9922149692417505 
2 1 -0.7700327418687252 -0.9129712390932182 -1.051821123799627 -1.177783715697782 -1.1258702217395524 -0.7835622393377919 -1.037196634401232 
3 1 -0.8252071780038748 -1.1315041268870374 -1.1410531702370614 -1.2268870739235873 -1.1739784982294263 -1.1932329078500155 -1.0986939557237465 
4 -1 1.9886890648887543 1.753129991991377 1.5953962538442603 1.228280837366678 1.7125180911630165 0.8551204347111026 1.853177467756955 
5 -1 0.6093281615100146 0.44193266522846125 0.46512366563675783 0.4917304639795984 0.8706232525902208 0.8551204347111026 0.9307176479192358 
6 -1 1.5472935758075577 1.3160642164037384 1.208724052615378 0.8600056506731382 0.9187315290800948 1.1282342137192516 0.9922149692417505 
7 1 -0.9355560502741739 -1.0877975493282737 -1.1113091547579166 -1.2268870739235873 -1.1499243599844893 -1.32978979735409 -1.0679452950624893 
8 -1 -0.4389861250578276 0.004866889640822743 -0.04052459750870374 1.0809707626892622 0.7984608378554097 0.5820066557029534 0.6232310413066627 
9 -1 0.2782815446991171 0.3545195101109336 0.3164035882410339 0.663592217769917 0.3414322112016062 0.035779097686655284 0.3772417560166043 
10 -1 0.33345598083426664 0.5730523979047528 0.6733317739907715 0.2953170310763772 0.6300818701408505 1.264791103223326 0.838471665935464 
11 1 -0.6045094334632763 -0.30107915327052426 -0.5164288451750205 1.1055224418021647 0.5338653171611024 0.035779097686655284 -0.14548547522476996 
12 1 -0.5493349973281267 -0.16995942059423266 -0.36770876777929656 0.737247255108625 0.07683669050729892 -0.6470053498337174 -0.45297208183734305 
13 -1 1.1058980867263608 1.141237906168683 0.9410279133030747 1.15462580002797 1.3276518792440242 0.9916773242151771 1.545690861144382 
14 1 -0.9355560502741739 -1.1315041268870374 -1.170797185716206 -1.2023353948106847 -1.1739784982294263 -1.1932329078500155 -1.0679452950624893 
15 -1 0.16793267242881788 0.3545195101109336 0.6733317739907715 0.8845573297860408 1.159272911529465 0.30889287669480436 1.5764395218056393 
16 1 -0.7148583057335756 -0.47590546350557966 -0.5759168761333101 0.8354539715602356 -0.2358671066768824 -0.6470053498337174 0.008257828081516592 
17 1 -1.045904922544473 -1.218917282004565 -1.051821123799627 -1.2268870739235873 -1.1980326364743634 -1.1932329078500155 -1.1294426163850038 
18 -1 0.9403747783209121 0.8789984408160998 0.9112838978239298 0.3444203893021825 0.6300818701408505 0.8551204347111026 0.838471665935464 
19 1 -0.8252071780038748 -1.0877975493282737 -1.1410531702370614 -1.2268870739235873 -1.1739784982294263 -1.1932329078500155 -1.160191277046261 
20 1 -0.4389861250578276 -0.16995942059423266 -0.3379647523001517 1.6702110613989258 0.19710738173198405 0.30889287669480436 -0.23773145720854189 
21 1 -0.8803816141390243 -0.8692646615344544 -0.903101046403903 -1.030473641020366 -0.9815453922699302 0.8551204347111026 -0.94495065241746 
22 1 -0.8252071780038748 -0.7818515064169266 -0.9625890773621926 -1.1532320365848794 -1.0537078070047412 0.30889287669480436 -1.037196634401232 
23 1 -0.9355560502741739 -1.1752107044458013 -1.051821123799627 -1.2268870739235873 -1.1739784982294263 -1.32978979735409 -1.1294426163850038 
24 1 -0.9355560502741739 -1.0440909717695097 -1.1410531702370614 -1.2268870739235873 -1.1739784982294263 -1.1932329078500155 -1.0986939557237465 
25 1 -1.1010793586796226 -1.1315041268870374 -1.051821123799627 -1.177783715697782 -1.1739784982294263 -1.1932329078500155 -1.0679452950624893 
26 1 -0.8252071780038748 -1.0877975493282737 -1.1113091547579166 -1.1532320365848794 -1.1739784982294263 -1.1932329078500155 -1.0986939557237465 
27 -1 0.7748514699154634 0.6604655530222805 0.8517958668656402 0.5162821430925011 0.7744066996104726 0.8551204347111026 0.838471665935464 
28 -1 0.6093281615100146 0.9227050183748636 0.9112838978239298 1.1055224418021647 0.6300818701408505 0.5820066557029534 0.8077230052742066 
29 -1 0.44380485310456586 0.48563924278722514 0.8220518513864955 0.8845573297860408 0.6541360083857876 0.7185635452070279 0.7154770232904347 
30 1 -0.8252071780038748 -0.956677816651982 -0.8733570309247581 -1.104128678359074 -1.1499243599844893 -1.056676018345941 -1.037196634401232 
31 1 -0.9907304864093235 -1.000384394210746 -1.1113091547579166 -1.177783715697782 -1.1499243599844893 -0.9201191288418664 -1.0679452950624893 
32 1 -1.1010793586796226 -1.0877975493282737 -1.1410531702370614 -1.2759904321493927 -1.2220867747193005 -1.32978979735409 -1.160191277046261 
33 -1 0.1127582362936683 0.44193266522846125 0.2866595727618891 0.663592217769917 0.2452156582218581 1.1282342137192516 0.19274979204906045 
34 1 -0.8252071780038748 -0.6070251961818712 -0.6651489225707445 1.1055224418021647 0.07683669050729892 -0.2373346813214938 -0.5759667244823723 
35 -1 1.6024680119427073 1.6220102593150854 1.6846283002816946 0.7617989342215276 1.6163015381832684 1.6744617717355497 1.7301828251119258 
36 1 -0.659683869598426 -0.8692646615344544 -0.8733570309247581 -1.0059219619074633 -1.0296536687598041 0.035779097686655284 -1.0064479737399745 
37 -1 0.9403747783209121 0.7478787081398083 0.8220518513864955 0.24621367285057189 0.6060277318959135 1.264791103223326 1.2997015758543236 
38 -1 1.878340192618455 1.8842497246676684 1.8333483776774187 1.4492459493828018 1.3998142939788354 0.7185635452070279 1.1767069332092943 
39 -1 0.830025906050613 1.0538247510511551 1.030259959740509 1.301935874705386 1.207381188019339 0.7185635452070279 1.2382042545318088 
40 -1 0.44380485310456586 0.48563924278722514 0.5840997275533371 0.9091090088989435 0.8706232525902208 -0.2373346813214938 0.9307176479192358 
41 1 -0.9907304864093235 -0.6507317737406351 -0.6948929380498894 0.4180754266408905 -0.1396505536971343 -0.9201191288418664 -0.45297208183734305 
42 -1 0.33345598083426664 0.529345820345989 0.4948676811159027 0.7617989342215276 1.1833270497744022 0.8551204347111026 1.0844609512255223 
43 -1 0.9403747783209121 0.835291863257336 0.9112838978239298 0.9336606880118462 0.8706232525902208 0.8551204347111026 0.838471665935464 
44 -1 0.7748514699154634 0.8789984408160998 0.7328198049490611 1.0318674044634568 0.9668398055699688 0.035779097686655284 0.6847283626291774 
45 1 -0.7700327418687252 -0.6507317737406351 -0.8733570309247581 -1.0795769992461715 -1.0777619452496783 -0.9201191288418664 -0.94495065241746 
46 -1 0.830025906050613 1.0538247510511551 1.0897479906987986 0.3935237475279878 0.5579194554060394 -0.10077779181741925 0.6847283626291774 
47 -1 -0.2734628166523788 -0.16995942059423266 -0.18924467490442773 1.1791774791408727 0.5579194554060394 0.5820066557029534 0.19274979204906045 
48 1 0.9403747783209121 1.097531328609919 1.1194920061779434 1.1791774791408727 1.4238684322237722 0.035779097686655284 1.4841935398218673 
49 -1 0.4989792892397154 0.7478787081398083 0.7328198049490611 0.9091090088989435 1.303597740999087 0.8551204347111026 0.9922149692417505 
50 1 -0.8803816141390243 -1.000384394210746 -1.0815651392787717 -1.2023353948106847 -1.1980326364743634 -1.1932329078500155 -1.0679452950624893 
51 -1 0.830025906050613 0.8789984408160998 0.9410279133030747 0.4917304639795984 0.9427856673250318 0.8551204347111026 1.2074555938705516 
52 -1 0.830025906050613 0.835291863257336 0.8220518513864955 0.22166199373766923 0.5098111789161653 0.9916773242151771 0.8077230052742066 
53 1 -0.9355560502741739 -1.1752107044458013 -1.170797185716206 -1.2023353948106847 -1.1739784982294263 -1.32978979735409 -1.160191277046261 
54 -1 0.6093281615100146 0.6604655530222805 0.5543557120741922 0.6881438968828196 0.9187315290800948 0.9916773242151771 0.5617337199841481 
55 1 0.9403747783209121 2.365022077814071 2.249764594385446 0.6881438968828196 1.7846805058978275 -0.2373346813214938 2.222161395692043 
56 -1 1.1610725228615104 1.141237906168683 0.8815398823447851 1.2037291582537755 1.159272911529465 1.5379048822314751 0.8692203265967212 
57 1 -0.9355560502741739 -1.1752107044458013 -1.051821123799627 -1.2759904321493927 -1.2220867747193005 -1.1932329078500155 -1.1294426163850038 
58 -1 0.5541537253748651 0.835291863257336 0.9112838978239298 0.6144888595441117 0.8465691143452837 0.17233598719072982 1.0844609512255223 
59 1 -0.659683869598426 -0.8255580839756905 -0.9328450618830477 -1.104128678359074 -1.1739784982294263 -1.056676018345941 -1.037196634401232 
60 -1 0.9955492144560617 0.223399777434642 1.3574441300111018 0.7126955759957223 0.6541360083857876 0.17233598719072982 0.7154770232904347 
61 1 -0.8803816141390243 -1.0877975493282737 -1.1113091547579166 -1.2268870739235873 -1.1980326364743634 -1.1932329078500155 -1.0679452950624893 
62 -1 -0.6045094334632763 -0.3447857308292881 -0.27847672134186213 0.6881438968828196 0.6060277318959135 -0.10077779181741925 0.5617337199841481 
63 1 -0.7700327418687252 -0.5196120410643436 -0.605660891612455 0.6144888595441117 0.41359462593641727 0.035779097686655284 -0.08398815390225534 
64 -1 0.16793267242881788 0.3545195101109336 0.25691555728274423 1.0318674044634568 0.19710738173198405 -0.10077779181741925 -0.20698279654728458 
65 1 -1.2114282309499218 -0.8692646615344544 -0.8138689999664686 0.14800695639896128 -0.6928957333306859 -0.5104484603296429 -0.8219560097724308 
66 -1 1.0507236505912114 1.0101181734923914 0.9707719287822194 0.589937180431209 0.7262984231205986 1.1282342137192516 0.8692203265967212 
67 1 -0.38381168892267803 -0.12625284303546883 -0.24873270586271734 0.5653855013183063 -0.16370469194207132 -0.6470053498337174 -0.48372074249860036 
68 1 -0.8803816141390243 -0.43219888594681577 -0.605660891612455 1.4001425911569967 0.5338653171611024 0.4454497661988789 0.0390064887427739 
69 1 -0.9907304864093235 -0.7818515064169266 -0.754380969008179 -0.539440058762313 -0.40424607439144156 0.5820066557029534 -0.42222342117608574 
70 -1 0.44380485310456586 0.6604655530222805 0.4948676811159027 0.6144888595441117 0.7262984231205986 0.8551204347111026 0.6539797019679201 
71 -1 1.1058980867263608 1.0538247510511551 1.208724052615378 0.6881438968828196 0.6541360083857876 0.8551204347111026 0.7769743446129493 
72 1 -0.3286372527875284 -0.08254626547670496 -0.12975664394613814 1.0564190835763594 0.4857570406712283 0.4454497661988789 0.13125247072654583 
73 -1 0.002409364023369118 0.26710635499340585 1.7143723157608395 1.1791774791408727 0.8946773908351577 0.7185635452070279 0.9614663085804932 
74 1 -0.9355560502741739 -1.1752107044458013 -1.1410531702370614 -1.2023353948106847 -1.1739784982294263 -1.1932329078500155 -1.1909399377075185 
75 -1 2.5956078623753998 2.1464891900202514 1.7143723157608395 1.4737976284957046 1.1833270497744022 0.7185635452070279 0.9307176479192358 
76 1 -1.045904922544473 -1.1752107044458013 -1.051821123799627 -1.2268870739235873 -1.2220867747193005 -1.1932329078500155 -1.160191277046261 
77 -1 0.38863041696941625 0.26710635499340585 0.25691555728274423 0.24621367285057189 0.5338653171611024 0.4454497661988789 0.6847283626291774 
78 1 -0.9907304864093235 -1.0440909717695097 -1.051821123799627 -1.177783715697782 -1.1499243599844893 -1.056676018345941 -1.0986939557237465 
79 1 -0.8803816141390243 -0.956677816651982 -1.1113091547579166 -1.177783715697782 -1.1258702217395524 -1.1932329078500155 -1.0986939557237465 
80 1 -0.8803816141390243 -1.0440909717695097 -1.051821123799627 -1.2268870739235873 -1.1499243599844893 -1.1932329078500155 -1.1294426163850038 
81 -1 0.44380485310456586 0.44193266522846125 0.4948676811159027 0.3444203893021825 0.4376487641813543 0.8551204347111026 0.46948773800037624 
82 -1 1.21624695899666 1.0538247510511551 1.1789800371362331 0.663592217769917 1.5681932616933942 1.5379048822314751 1.4841935398218673 
83 1 -0.8803816141390243 -1.000384394210746 -1.0815651392787717 -1.2268870739235873 -1.1499243599844893 -1.32978979735409 -1.160191277046261 
84 1 -0.9355560502741739 -0.956677816651982 -1.051821123799627 -1.2268870739235873 -1.1739784982294263 -1.1932329078500155 -1.037196634401232 
85 1 -1.045904922544473 -1.0440909717695097 -1.1113091547579166 -1.2268870739235873 -1.1739784982294263 -1.1932329078500155 -1.0986939557237465 
86 -1 1.6576424480778569 1.709423414432613 1.4764201919276811 0.9827640462376515 1.111164635039591 1.5379048822314751 1.45344487916061 
87 -1 0.44380485310456586 0.48563924278722514 0.7625638204282058 0.17255863551186393 0.5098111789161653 0.7185635452070279 0.6847283626291774 
88 1 -0.8252071780038748 -1.0440909717695097 -1.0815651392787717 -1.2268870739235873 -1.1739784982294263 -1.1932329078500155 -1.037196634401232 
89 1 -0.8803816141390243 -1.1315041268870374 -1.1113091547579166 -1.2268870739235873 -1.1980326364743634 -1.1932329078500155 -1.0986939557237465 
90 1 -0.8252071780038748 -0.38849230838805193 -0.6354049070915997 0.9336606880118462 -0.16370469194207132 0.30889287669480436 -0.6067153851436295 
91 1 -0.8803816141390243 -1.0877975493282737 -1.1113091547579166 -1.2268870739235873 -1.1980326364743634 -1.1932329078500155 -1.0986939557237465 
92 -1 -0.21828838051722924 0.0485734671995866 0.6435877585116266 0.5408338222054038 0.4617029024262913 0.5820066557029534 0.6232310413066627 
93 1 -0.8803816141390243 -1.1315041268870374 -1.1113091547579166 -1.2268870739235873 -1.1739784982294263 -1.1932329078500155 -1.1294426163850038 
94 -1 0.16793267242881788 0.3982260876696974 0.25691555728274423 1.301935874705386 0.7984608378554097 0.7185635452070279 0.5924823806454055 
95 -1 0.44380485310456586 0.48563924278722514 0.46512366563675783 1.375590912044094 1.3276518792440242 0.8551204347111026 0.9614663085804932 
96 1 -0.8252071780038748 -1.0440909717695097 -1.051821123799627 -1.2023353948106847 -1.1499243599844893 -1.1932329078500155 -1.0679452950624893 
97 -1 0.5541537253748651 0.31081293255216974 0.43537965015761304 0.24621367285057189 0.2452156582218581 0.8551204347111026 0.4079904166778616 
98 -1 2.0990379371590535 1.8405431471089047 1.922580424114853 0.7863506133344302 0.9668398055699688 1.6744617717355497 1.2074555938705516 
99 -1 2.430084553969951 1.8842497246676684 1.8333483776774187 0.7126955759957223 0.9187315290800948 0.035779097686655284 1.2074555938705516 
100 1 -0.5493349973281267 -0.3447857308292881 -0.3082207368210069 0.6390405386570144 0.22116151997692107 -0.10077779181741925 0.008257828081516592 
101 1 -0.9355560502741739 -1.0877975493282737 -0.9923330928413373 -1.2268870739235873 -1.1739784982294263 -1.32978979735409 -1.0679452950624893 
102 1 -0.6045094334632763 -0.6507317737406351 -0.6354049070915997 -1.0550253201332687 -1.1258702217395524 -0.9201191288418664 -1.037196634401232 
103 -1 1.4369447035372584 1.403477371521266 1.2682120835736674 0.6881438968828196 0.6060277318959135 1.264791103223326 1.2689529151930663 
104 1 -0.9355560502741739 -1.0440909717695097 -0.9923330928413373 -1.1532320365848794 -1.1499243599844893 -0.9201191288418664 -1.1294426163850038 
105 -1 0.2782815446991171 0.3982260876696974 0.7625638204282058 0.3935237475279878 0.6781901466307245 0.8551204347111026 0.9307176479192358 
106 1 -0.9907304864093235 -1.0877975493282737 -1.0815651392787717 -1.177783715697782 -1.1980326364743634 -1.32978979735409 -1.0679452950624893 
107 1 -0.7148583057335756 -0.47590546350557966 -0.6354049070915997 1.4246942702698993 0.3414322112016062 0.5820066557029534 -0.3299774391923138 
108 1 -0.8803816141390243 -1.1315041268870374 -1.0815651392787717 -1.2759904321493927 -1.1980326364743634 -1.1932329078500155 -1.160191277046261 
109 1 -0.8803816141390243 -0.6507317737406351 -0.7246369535290341 0.4671787848666958 -0.28397538316675647 -0.2373346813214938 -0.6989613671274015 
110 1 -0.9355560502741739 -1.0440909717695097 -1.0815651392787717 -1.2023353948106847 -1.1499243599844893 -1.056676018345941 -1.0986939557237465 
111 -1 0.44380485310456586 0.3982260876696974 0.40563563467846825 0.14800695639896128 0.3414322112016062 1.4013479927274006 0.4079904166778616 
112 -1 4.0853176380244385 3.4139799392244035 2.7554128575309074 1.228280837366678 1.135218773284528 1.5379048822314751 1.1767069332092943 
113 -1 0.9955492144560617 0.7915852856985721 0.8815398823447851 0.17255863551186393 0.2933239347117321 0.8551204347111026 0.5002363986616335 
114 -1 0.6093281615100146 0.6167589754635167 0.4948676811159027 0.7617989342215276 0.5338653171611024 0.8551204347111026 0.346493095355347 
115 1 -0.7148583057335756 -0.8692646615344544 -0.9328450618830477 -1.1286803574719766 -1.1739784982294263 -1.056676018345941 -1.0679452950624893 
116 1 -0.7700327418687252 -0.9129712390932182 -1.0815651392787717 -1.2023353948106847 -1.1739784982294263 -1.056676018345941 -1.037196634401232 
117 -1 0.16793267242881788 0.3982260876696974 0.3164035882410339 0.2953170310763772 0.6781901466307245 1.4013479927274006 0.6232310413066627 
118 1 -0.7148583057335756 -0.7381449288581627 -0.8733570309247581 -1.1286803574719766 -1.1258702217395524 -0.9201191288418664 -1.1294426163850038 
119 1 -0.8803816141390243 -1.0877975493282737 -1.022077108320482 -1.177783715697782 -1.1499243599844893 -1.1932329078500155 -1.1294426163850038 
120 -1 1.21624695899666 0.9227050183748636 1.1194920061779434 0.589937180431209 0.7503525613655356 0.8551204347111026 1.145958272548037 
121 -1 1.1610725228615104 1.3160642164037384 1.4764201919276811 0.4426271057537931 0.6781901466307245 2.084132440247773 0.9614663085804932 
122 -1 1.1610725228615104 1.097531328609919 1.2384680680945226 0.7617989342215276 1.2554894645092132 0.8551204347111026 1.2689529151930663 
123 1 -0.5493349973281267 -0.08254626547670496 -0.18924467490442773 1.1055224418021647 0.5338653171611024 -0.10077779181741925 -0.053239493240998026 
124 1 -0.8803816141390243 -1.0440909717695097 -1.0815651392787717 -1.177783715697782 -1.1739784982294263 -1.056676018345941 -1.1294426163850038 
125 1 -0.8803816141390243 -1.0440909717695097 -1.051821123799627 -1.2268870739235873 -1.1739784982294263 -1.1932329078500155 -1.1294426163850038 
126 -1 0.44380485310456586 0.44193266522846125 0.37589161919932346 0.4426271057537931 0.6060277318959135 1.264791103223326 0.7154770232904347 
127 -1 0.22310710856396748 0.48563924278722514 0.46512366563675783 0.9582123671247489 0.6541360083857876 0.4454497661988789 0.46948773800037624 
128 1 -0.8803816141390243 -1.0877975493282737 -1.051821123799627 -1.2268870739235873 -1.1980326364743634 -1.1932329078500155 -1.0679452950624893 
129 -1 1.8231657564833055 1.665716836873849 1.5953962538442603 0.8845573297860408 1.4479225704687093 0.8551204347111026 1.5764395218056393 
130 1 -0.7700327418687252 -1.0440909717695097 -1.0815651392787717 -1.2268870739235873 -1.1739784982294263 -1.1932329078500155 -1.0986939557237465 
131 1 -0.8803816141390243 -0.47590546350557966 -0.605660891612455 1.0318674044634568 0.0046742757724878466 -0.37389157082556834 -0.2684801178697992 
132 -1 0.5541537253748651 0.223399777434642 0.40563563467846825 0.24621367285057189 0.02872841401742487 0.30889287669480436 0.0390064887427739 
133 -1 -0.2734628166523788 0.17969319987587815 0.048707448928730655 1.8175211360763417 0.5098111789161653 0.30889287669480436 0.13125247072654583 
134 1 -0.9907304864093235 -1.1315041268870374 -1.1113091547579166 -1.2268870739235873 -1.1980326364743634 -1.1932329078500155 -1.0986939557237465 
135 -1 0.5541537253748651 0.5730523979047528 0.4948676811159027 0.22166199373766923 0.4617029024262913 1.1282342137192516 0.5617337199841481 
136 -1 0.16793267242881788 0.3545195101109336 0.3164035882410339 0.8845573297860408 0.41359462593641727 0.8551204347111026 0.3157444346940897 
137 -1 0.22310710856396748 0.6604655530222805 0.34614760372017866 0.9827640462376515 1.5441391234484574 1.264791103223326 0.9307176479192358 
138 1 -0.8252071780038748 -1.1315041268870374 -1.051821123799627 -1.2759904321493927 -1.1739784982294263 -1.4663466868581647 -1.1294426163850038 
139 1 -0.9355560502741739 -1.1752107044458013 -1.0815651392787717 -1.2023353948106847 -1.2220867747193005 -1.1932329078500155 -1.160191277046261 
140 -1 0.7748514699154634 1.0101181734923914 1.2384680680945226 0.4917304639795984 0.7503525613655356 0.7185635452070279 0.8692203265967212 
141 1 -0.9355560502741739 -1.000384394210746 -1.051821123799627 -1.2023353948106847 -1.1499243599844893 -1.32978979735409 -1.037196634401232 
142 -1 1.1058980867263608 0.9664115959336276 0.9707719287822194 0.5162821430925011 0.6300818701408505 0.5820066557029534 0.8692203265967212 
143 -1 -0.3286372527875284 -0.03883968791794111 0.07845146440787545 0.6390405386570144 0.5098111789161653 0.8551204347111026 0.3772417560166043 
144 1 0.05758380015851871 0.0485734671995866 -0.18924467490442773 -0.6621984543268262 -1.0296536687598041 -1.1932329078500155 -0.94495065241746 
145 -1 0.002409364023369118 0.17969319987587815 0.13793949536616507 0.8845573297860408 0.8225149761003467 0.7185635452070279 0.5617337199841481 
146 1 -0.9355560502741739 -1.0440909717695097 -1.022077108320482 -1.2268870739235873 -1.2220867747193005 -1.1932329078500155 -1.160191277046261 
147 -1 0.6645025976451642 0.6604655530222805 0.7328198049490611 0.22166199373766923 0.5098111789161653 1.8110186612396242 0.6539797019679201 
148 -1 0.5541537253748651 0.529345820345989 0.5840997275533371 0.4426271057537931 1.03900222030478 0.7185635452070279 1.2689529151930663 
149 1 -0.7700327418687252 -0.47590546350557966 -0.45694081421673094 0.31986871018927987 -0.2358671066768824 -0.9201191288418664 -0.5452180638211149 
150 -1 0.22310710856396748 0.48563924278722514 0.37589161919932346 1.0564190835763594 0.9427856673250318 0.8551204347111026 0.8692203265967212 
151 1 -0.7700327418687252 -1.1315041268870374 -1.1113091547579166 -1.2268870739235873 -1.1980326364743634 -1.32978979735409 -1.160191277046261 
152 1 -1.045904922544473 -1.1315041268870374 -1.1113091547579166 -1.2023353948106847 -1.1980326364743634 -1.1932329078500155 -1.0986939557237465 
153 -1 0.4989792892397154 0.529345820345989 0.9112838978239298 0.4180754266408905 0.4617029024262913 0.8551204347111026 0.6232310413066627 
154 -1 -0.05276507211178047 0.1359866223171143 0.13793949536616507 0.7617989342215276 0.9187315290800948 0.4454497661988789 0.6539797019679201 
155 1 -0.8803816141390243 -0.956677816651982 -0.9923330928413373 -1.177783715697782 -1.1739784982294263 -1.056676018345941 -1.0986939557237465 
156 1 -0.9355560502741739 -1.0440909717695097 -1.051821123799627 -1.2023353948106847 -1.1980326364743634 -1.1932329078500155 -1.160191277046261 
157 -1 0.1127582362936683 0.223399777434642 0.2866595727618891 0.07435191906025332 0.19710738173198405 0.5820066557029534 -0.11473681456351265 
158 -1 0.9403747783209121 0.8789984408160998 0.9410279133030747 0.24621367285057189 0.2933239347117321 1.9475755507436987 0.5002363986616335 
159 -1 0.9955492144560617 1.0538247510511551 1.2384680680945226 0.3935237475279878 0.7262984231205986 1.5379048822314751 0.7154770232904347 
160 -1 0.1127582362936683 0.0485734671995866 0.10819547988702026 0.3444203893021825 0.12494496699717297 0.9916773242151771 0.008257828081516592 
161 1 -0.7700327418687252 -1.1315041268870374 -1.0815651392787717 -1.2023353948106847 -1.1980326364743634 -1.1932329078500155 -1.1294426163850038 
162 -1 4.0853176380244385 3.282860206548112 2.666180811093473 1.2037291582537755 1.0149480820598429 1.9475755507436987 1.1767069332092943 
163 1 -0.3286372527875284 0.17969319987587815 0.048707448928730655 0.737247255108625 0.22116151997692107 0.7185635452070279 0.008257828081516592 
164 -1 2.3749101178348013 2.277608922696543 2.1902765634271564 1.1300741209150673 1.5681932616933942 0.9916773242151771 1.8839261284182125 
165 1 0.44380485310456586 0.3982260876696974 0.37589161919932346 0.07435191906025332 0.12494496699717297 0.8551204347111026 -0.053239493240998026 
166 -1 0.9955492144560617 1.097531328609919 1.5953962538442603 0.8600056506731382 2.4822505150010015 -0.37389157082556834 2.9293805909009607 
167 -1 0.33345598083426664 0.44193266522846125 0.25691555728274423 0.22166199373766923 0.5338653171611024 0.4454497661988789 0.6539797019679201 
168 1 -0.9355560502741739 -1.0877975493282737 -1.0815651392787717 -1.2268870739235873 -1.1739784982294263 -1.056676018345941 -1.037196634401232 
169 -1 1.6576424480778569 1.3597707939625021 1.2979560990528123 0.5408338222054038 1.159272911529465 0.9916773242151771 1.4226962184993528 
170 1 -0.8803816141390243 -1.0877975493282737 -1.022077108320482 -1.177783715697782 -1.1739784982294263 -1.32978979735409 -1.0986939557237465 
171 -1 0.6645025976451642 0.6167589754635167 0.7030757894699162 0.8354539715602356 0.6541360083857876 0.4454497661988789 0.346493095355347 
172 1 1.4369447035372584 1.5345971041975577 1.7143723157608395 0.6144888595441117 1.9530594736123867 -0.7835622393377919 2.0991667530470135 
173 1 -0.8252071780038748 -0.956677816651982 -1.0815651392787717 -1.1286803574719766 -1.1739784982294263 -1.056676018345941 -1.0679452950624893 
174 1 -0.9355560502741739 -0.6944383512993989 -0.8138689999664686 0.14800695639896128 -0.47640848912625267 0.9916773242151771 -0.7604586884499162 
175 1 -0.9355560502741739 -1.0440909717695097 -1.051821123799627 -1.2023353948106847 -1.1980326364743634 -1.1932329078500155 -1.0679452950624893 
176 -1 0.9403747783209121 0.7915852856985721 0.8517958668656402 0.22166199373766923 0.4857570406712283 0.7185635452070279 0.7154770232904347 
177 1 -1.045904922544473 -1.218917282004565 -1.0815651392787717 -1.2268870739235873 -1.1739784982294263 -1.1932329078500155 -1.160191277046261 
178 -1 2.3749101178348013 2.1464891900202514 2.0118124705522873 1.6947627405118284 2.217654994306694 1.1282342137192516 1.9761721104019843 
179 1 -0.9907304864093235 -1.0877975493282737 -1.1410531702370614 -1.177783715697782 -1.1739784982294263 -1.1932329078500155 -1.037196634401232 
180 1 -0.8252071780038748 -1.0440909717695097 -1.051821123799627 -1.2514387530364899 -1.1739784982294263 -1.1932329078500155 -1.0679452950624893 
181 -1 0.9403747783209121 0.835291863257336 0.9410279133030747 0.589937180431209 1.3276518792440242 1.1282342137192516 1.2382042545318088 
182 -1 0.05758380015851871 0.31081293255216974 0.43537965015761304 -0.19571655118167586 -0.18775883018700834 1.8110186612396242 0.008257828081516592 
183 -1 0.9403747783209121 0.8789984408160998 0.8517958668656402 0.737247255108625 0.7984608378554097 1.5379048822314751 0.9614663085804932 
184 1 -0.9907304864093235 -0.6507317737406351 -0.754380969008179 0.5162821430925011 0.02872841401742487 -0.10077779181741925 -0.6067153851436295 
185 -1 1.3265958312669592 1.2723576388449744 1.3277001145319571 1.0073157253505542 1.6403556764282055 1.1282342137192516 1.7301828251119258 
186 -1 0.33345598083426664 0.44193266522846125 0.46512366563675783 1.2773841955924834 1.0149480820598429 -0.2373346813214938 0.9922149692417505 
187 1 -0.9355560502741739 -1.1752107044458013 -1.0815651392787717 -1.2514387530364899 -1.2220867747193005 -1.1932329078500155 -1.160191277046261 
188 -1 0.44380485310456586 0.44193266522846125 0.6138437430324819 0.24621367285057189 0.36548634944654323 1.1282342137192516 0.346493095355347 
189 1 -1.1562537948147722 -1.1752107044458013 -1.200541201195351 -1.2268870739235873 -1.1980326364743634 -1.32978979735409 -1.0986939557237465 
190 1 -0.9355560502741739 -1.0440909717695097 -1.022077108320482 -1.2268870739235873 -1.1739784982294263 -1.1932329078500155 -1.0986939557237465 
191 -1 -0.4389861250578276 -0.25737257571176037 -0.3379647523001517 1.15462580002797 0.6781901466307245 0.8551204347111026 0.19274979204906045 
192 1 -0.9907304864093235 -1.0877975493282737 -1.051821123799627 -1.177783715697782 -1.1499243599844893 -1.1932329078500155 -1.160191277046261 
193 1 -0.7700327418687252 -0.6507317737406351 -0.6651489225707445 -0.8831635663429501 -0.716949871575623 0.4454497661988789 -0.7604586884499162 
194 1 -0.4389861250578276 -0.5196120410643436 -0.6651489225707445 -1.0059219619074633 -1.1018160834946154 -0.9201191288418664 -1.0064479737399745 
195 1 -0.8252071780038748 -1.1315041268870374 -1.022077108320482 -1.2023353948106847 -1.1739784982294263 -1.32978979735409 -1.1294426163850038 
196 -1 0.33345598083426664 0.44193266522846125 0.2866595727618891 0.6144888595441117 0.41359462593641727 1.4013479927274006 0.4079904166778616 
197 1 -0.9907304864093235 -1.0440909717695097 -1.1113091547579166 -1.2514387530364899 -1.1980326364743634 -1.1932329078500155 -1.0679452950624893 
198 1 0.9955492144560617 1.0101181734923914 1.030259959740509 0.31986871018927987 1.303597740999087 0.8551204347111026 1.3304502365155808 
199 -1 1.0507236505912114 1.2723576388449744 1.2682120835736674 0.737247255108625 0.9668398055699688 0.8551204347111026 1.1767069332092943 
200 -1 0.7748514699154634 0.5730523979047528 0.5246116965950475 0.4917304639795984 0.6060277318959135 1.1282342137192516 0.5309850593228909 
201 -1 0.7196770337803138 0.7041721305810444 0.9112838978239298 0.4426271057537931 0.9908939438149059 0.9916773242151771 1.3919475578380955 
202 -1 0.5541537253748651 0.5730523979047528 0.7625638204282058 0.27076535196347457 0.4617029024262913 1.4013479927274006 0.8692203265967212 
203 1 -0.9907304864093235 -1.1315041268870374 -1.200541201195351 -1.2759904321493927 -1.1980326364743634 -1.1932329078500155 -1.160191277046261 
204 -1 1.0507236505912114 1.0101181734923914 1.0897479906987986 0.24621367285057189 0.5338653171611024 2.084132440247773 0.746225683951692 
205 -1 0.6645025976451642 0.835291863257336 0.9112838978239298 0.22166199373766923 0.02872841401742487 1.264791103223326 0.13125247072654583 
206 1 -0.7148583057335756 -1.0440909717695097 -1.051821123799627 -1.177783715697782 -1.1499243599844893 -1.056676018345941 -1.0679452950624893 
207 1 -0.9355560502741739 -1.0877975493282737 -1.1410531702370614 -1.2514387530364899 -1.1499243599844893 -1.1932329078500155 -1.1909399377075185 
208 -1 1.2714213951318096 1.5345971041975577 1.4169321609693915 1.228280837366678 1.6403556764282055 0.30889287669480436 1.853177467756955 
209 1 -0.659683869598426 -0.8692646615344544 -0.903101046403903 -1.1286803574719766 -1.1499243599844893 -1.1932329078500155 -1.0679452950624893 
210 -1 1.1058980867263608 1.2286510612862107 1.1194920061779434 0.8109022924473329 0.9187315290800948 0.7185635452070279 1.2689529151930663 
211 1 -1.045904922544473 -1.0440909717695097 -1.022077108320482 -1.2268870739235873 -1.1258702217395524 -1.1932329078500155 -1.0986939557237465 
212 -1 -0.2734628166523788 0.1359866223171143 0.048707448928730655 0.9827640462376515 0.38954048769148025 0.30889287669480436 0.19274979204906045 
213 1 -0.8252071780038748 -0.7381449288581627 -0.9625890773621926 -1.1532320365848794 -1.1018160834946154 -0.9201191288418664 -1.0986939557237465 
214 -1 0.2782815446991171 0.17969319987587815 0.10819547988702026 0.4426271057537931 0.4617029024262913 0.9916773242151771 0.3772417560166043 
215 -1 3.91979432961899 2.976914163636765 2.4579727027394593 1.6702110613989258 1.111164635039591 0.30889287669480436 0.9614663085804932 
216 1 -0.9907304864093235 -1.1315041268870374 -1.1410531702370614 -1.2514387530364899 -1.1980326364743634 -1.32978979735409 -1.0986939557237465 
217 -1 1.767991320348156 1.709423414432613 1.8928364086357083 0.737247255108625 1.111164635039591 1.8110186612396242 1.5764395218056393 
218 -1 0.6093281615100146 0.7041721305810444 1.1789800371362331 0.9582123671247489 0.8465691143452837 0.7185635452070279 0.3772417560166043 
219 1 -0.9907304864093235 -1.218917282004565 -1.170797185716206 -1.2268870739235873 -1.1739784982294263 -1.1932329078500155 -1.0679452950624893 
220 1 0.6645025976451642 0.6167589754635167 0.7625638204282058 0.27076535196347457 0.5098111789161653 0.7185635452070279 0.7769743446129493 
221 -1 0.38863041696941625 0.7041721305810444 0.6435877585116266 0.8600056506731382 0.7262984231205986 0.8551204347111026 0.7769743446129493 
222 1 -1.045904922544473 -1.0440909717695097 -1.1113091547579166 -1.177783715697782 -1.1739784982294263 -1.1932329078500155 -1.0986939557237465 
223 1 -0.9907304864093235 -0.956677816651982 -1.022077108320482 -1.2023353948106847 -1.1739784982294263 -1.056676018345941 -1.0679452950624893 
224 1 -0.8252071780038748 -1.1315041268870374 -1.051821123799627 -1.2023353948106847 -1.1980326364743634 -1.1932329078500155 -1.0986939557237465 
225 1 -0.4941605611929772 -0.08254626547670496 -0.12975664394613814 1.0809707626892622 0.36548634944654323 0.5820066557029534 -0.022490832579740716 
226 1 -0.8803816141390243 -1.0877975493282737 -1.0815651392787717 -1.2268870739235873 -1.1739784982294263 -1.1932329078500155 -1.0986939557237465 
227 1 -0.9355560502741739 -1.0440909717695097 -1.1410531702370614 -1.2023353948106847 -1.1980326364743634 -1.1932329078500155 -1.0986939557237465 
228 -1 1.767991320348156 1.5783036817563214 1.5953962538442603 0.7126955759957223 0.6781901466307245 1.4013479927274006 0.838471665935464 
229 1 -0.9355560502741739 -0.8692646615344544 -0.903101046403903 -1.030473641020366 -1.1018160834946154 -0.9201191288418664 -1.0986939557237465 
230 1 -0.8803816141390243 -1.000384394210746 -1.0815651392787717 -1.2023353948106847 -1.1499243599844893 -1.32978979735409 -1.1294426163850038 
231 1 -1.1010793586796226 -1.1315041268870374 -1.1113091547579166 -1.2268870739235873 -1.1499243599844893 -1.1932329078500155 -1.160191277046261 
232 -1 0.2782815446991171 0.26710635499340585 0.37589161919932346 1.6211077031731205 1.207381188019339 0.9916773242151771 1.053712290564265 
233 -1 1.21624695899666 1.1849444837274468 1.030259959740509 0.8109022924473329 0.7022442848756616 0.8551204347111026 0.8692203265967212 
234 1 -0.8252071780038748 -1.0440909717695097 -1.0815651392787717 -1.2268870739235873 -1.1499243599844893 -1.1932329078500155 -1.037196634401232 
235 1 -1.045904922544473 -1.0440909717695097 -1.022077108320482 -1.2023353948106847 -1.1739784982294263 -1.1932329078500155 -1.1294426163850038 
236 1 -0.5493349973281267 -0.03883968791794111 -0.18924467490442773 1.3264875538182885 0.5819735936509765 0.30889287669480436 0.06975514940403121 
237 1 -0.8252071780038748 -0.8255580839756905 -0.9328450618830477 -1.030473641020366 -1.0777619452496783 0.5820066557029534 -1.0064479737399745 
238 1 -0.8803816141390243 -0.9129712390932182 -1.051821123799627 -1.1532320365848794 -1.1499243599844893 -0.37389157082556834 -1.0986939557237465 
239 -1 1.0507236505912114 0.9664115959336276 1.030259959740509 0.4917304639795984 0.8465691143452837 1.1282342137192516 1.0844609512255223 
240 1 -0.8803816141390243 -0.5633186186231074 -0.7841249844873237 1.301935874705386 0.22116151997692107 -0.2373346813214938 -0.3607260998535711 
241 1 -0.8252071780038748 -1.000384394210746 -1.0815651392787717 -1.2023353948106847 -1.1499243599844893 -1.1932329078500155 -1.0986939557237465 
242 1 -1.045904922544473 -1.0440909717695097 -1.022077108320482 -1.2268870739235873 -1.1980326364743634 -1.32978979735409 -1.1294426163850038 
243 1 -0.8803816141390243 -1.000384394210746 -1.022077108320482 -1.2023353948106847 -1.1739784982294263 -1.1932329078500155 -1.0064479737399745 
244 -1 0.7196770337803138 0.7478787081398083 0.6138437430324819 0.4426271057537931 0.7262984231205986 0.7185635452070279 0.9614663085804932 
245 1 -0.8803816141390243 -1.000384394210746 -1.0815651392787717 -1.1532320365848794 -1.1739784982294263 -0.9201191288418664 -1.0986939557237465 
246 1 -0.9355560502741739 -1.0877975493282737 -1.0815651392787717 -1.2268870739235873 -1.1739784982294263 -1.1932329078500155 -1.1294426163850038 
247 1 -0.9355560502741739 -0.956677816651982 -1.0815651392787717 -1.177783715697782 -1.1499243599844893 -1.1932329078500155 -1.1294426163850038 
248 1 -1.1562537948147722 -1.0877975493282737 -0.9328450618830477 -0.8586118872300474 -0.765058148065497 -1.1932329078500155 -0.9142019917562026 
249 1 -1.045904922544473 -0.9129712390932182 -0.9625890773621926 -1.177783715697782 -1.1739784982294263 -0.7835622393377919 -1.0679452950624893 
250 -1 1.9886890648887543 1.6220102593150854 1.5656522383651155 0.737247255108625 1.159272911529465 1.1282342137192516 1.2997015758543236 
251 -1 0.16793267242881788 0.6604655530222805 0.6138437430324819 1.2037291582537755 1.135218773284528 0.5820066557029534 1.145958272548037 
252 -1 0.6093281615100146 0.6167589754635167 0.6733317739907715 0.04980023994735067 0.22116151997692107 1.4013479927274006 0.4079904166778616 
253 -1 0.7196770337803138 0.7478787081398083 0.9707719287822194 0.19711031462476658 0.9427856673250318 1.264791103223326 1.1767069332092943 
254 -1 0.16793267242881788 0.7915852856985721 0.9112838978239298 0.9336606880118462 0.38954048769148025 -0.10077779181741925 0.2849957740328324 
255 1 -0.7700327418687252 -1.0877975493282737 -1.022077108320482 -1.2268870739235873 -1.1499243599844893 -1.32978979735409 -1.1294426163850038 
256 -1 0.38863041696941625 0.31081293255216974 0.10819547988702026 0.9091090088989435 0.41359462593641727 0.7185635452070279 0.2849957740328324 
257 -1 -0.5493349973281267 -0.03883968791794111 -0.10001262846699334 1.4737976284957046 0.7984608378554097 -0.10077779181741925 0.3157444346940897 
258 -1 0.38863041696941625 0.529345820345989 0.43537965015761304 0.4917304639795984 0.2933239347117321 0.7185635452070279 0.346493095355347 
259 1 -0.8803816141390243 -1.0440909717695097 -1.0815651392787717 -1.2268870739235873 -1.1980326364743634 -1.32978979735409 -1.1294426163850038 
260 1 0.4989792892397154 0.3545195101109336 0.25691555728274423 -0.1711648720687732 1.4479225704687093 0.30889287669480436 1.5149422004831248 
261 1 0.5541537253748651 0.17969319987587815 0.07845146440787545 -0.4903367005365077 -0.5726250421060007 0.30889287669480436 -0.6682127064661442 
262 -1 1.2714213951318096 1.2286510612862107 1.1789800371362331 0.6390405386570144 0.8225149761003467 0.7185635452070279 0.8999689872579786 
263 1 -0.8803816141390243 -0.956677816651982 -0.903101046403903 -1.104128678359074 -1.0296536687598041 -0.9201191288418664 -1.0679452950624893 
264 1 -0.9907304864093235 -1.0877975493282737 -1.1113091547579166 -1.2514387530364899 -1.1980326364743634 -1.1932329078500155 -1.1294426163850038 
265 -1 0.1127582362936683 0.529345820345989 0.3164035882410339 1.6211077031731205 1.03900222030478 0.8551204347111026 0.5617337199841481 
266 -1 0.05758380015851871 0.1359866223171143 0.13793949536616507 0.3444203893021825 0.4857570406712283 0.5820066557029534 0.4079904166778616 
267 1 -1.045904922544473 -1.0877975493282737 -1.022077108320482 -1.2514387530364899 -1.2220867747193005 -1.1932329078500155 -1.0679452950624893 
268 1 -0.05276507211178047 0.26710635499340585 0.2866595727618891 1.2528325164795806 0.7022442848756616 0.5820066557029534 0.46948773800037624 
269 -1 0.7748514699154634 0.7478787081398083 1.3871881454902466 0.8109022924473329 1.4960308469585835 0.9916773242151771 1.6994341644506685 
270 1 -0.9355560502741739 -1.0877975493282737 -1.051821123799627 -1.2023353948106847 -1.1980326364743634 -1.1932329078500155 -1.0986939557237465 
271 1 -0.9907304864093235 -0.6070251961818712 -0.6354049070915997 1.0809707626892622 0.2452156582218581 0.7185635452070279 -0.2992287785310565 
272 1 -1.045904922544473 -1.0877975493282737 -1.1410531702370614 -1.2514387530364899 -1.1980326364743634 -1.1932329078500155 -1.1294426163850038 
273 -1 -0.05276507211178047 0.223399777434642 0.34614760372017866 0.4180754266408905 0.07683669050729892 0.8551204347111026 0.0390064887427739 
274 1 -0.9907304864093235 -1.1315041268870374 -1.051821123799627 -1.2514387530364899 -1.1980326364743634 -1.1932329078500155 -1.160191277046261 
275 -1 0.6645025976451642 0.6604655530222805 0.7625638204282058 0.4180754266408905 0.12494496699717297 0.30889287669480436 0.0390064887427739 
276 -1 0.5541537253748651 0.7915852856985721 0.6733317739907715 0.8354539715602356 0.7262984231205986 1.8110186612396242 0.3157444346940897 
277 1 -0.3286372527875284 -0.12625284303546883 -0.12975664394613814 1.2773841955924834 0.22116151997692107 0.17233598719072982 -0.17623413588602727 
278 1 -0.4941605611929772 -0.47590546350557966 -0.5461728606541654 -0.8586118872300474 -1.0055995305148673 0.8551204347111026 -0.94495065241746 
279 -1 0.2782815446991171 0.44193266522846125 0.7625638204282058 0.3444203893021825 0.7984608378554097 0.30889287669480436 1.0229636299030078 
280 1 -0.9355560502741739 -1.1315041268870374 -1.0815651392787717 -1.2268870739235873 -1.1739784982294263 -1.1932329078500155 -1.0986939557237465 
281 -1 0.7748514699154634 1.0101181734923914 1.0897479906987986 1.15462580002797 0.38954048769148025 0.5820066557029534 0.22349845271031776 
282 1 -0.8803816141390243 -1.0877975493282737 -1.1410531702370614 -1.2023353948106847 -1.1739784982294263 -1.1932329078500155 -1.1294426163850038 
283 1 -0.16311394438207966 -0.03883968791794111 -0.04052459750870374 -0.5148883796494104 -0.09154227720726026 -1.1932329078500155 0.22349845271031776 
284 -1 0.22310710856396748 0.7478787081398083 0.5246116965950475 0.9336606880118462 0.9668398055699688 0.8551204347111026 0.4079904166778616 
285 -1 1.1058980867263608 1.0538247510511551 0.9410279133030747 0.7863506133344302 1.1833270497744022 0.7185635452070279 1.2382042545318088 
286 1 -0.9907304864093235 -1.0440909717695097 -1.1410531702370614 -1.2268870739235873 -1.1980326364743634 -1.1932329078500155 -1.0986939557237465 
287 -1 2.319735681699652 2.1901957675790156 1.9820684550731427 1.301935874705386 1.8327887823877016 0.8551204347111026 1.9761721104019843 
288 -1 0.6645025976451642 0.835291863257336 0.8815398823447851 0.9336606880118462 1.303597740999087 0.7185635452070279 0.8999689872579786 
289 1 -0.8252071780038748 -1.0440909717695097 -1.1410531702370614 -1.2268870739235873 -1.1980326364743634 -1.1932329078500155 -1.160191277046261 
290 -1 0.2782815446991171 0.31081293255216974 0.22717154180359947 1.5720043449473151 0.7262984231205986 0.9916773242151771 0.19274979204906045 
291 1 -0.659683869598426 -0.8692646615344544 -0.9328450618830477 -1.104128678359074 -1.1258702217395524 -1.056676018345941 -1.0986939557237465 
292 1 -0.9907304864093235 -1.0877975493282737 -1.0815651392787717 -1.2268870739235873 -1.1739784982294263 -1.32978979735409 -1.0986939557237465 
293 1 -0.9355560502741739 -1.1752107044458013 -1.0815651392787717 -1.2268870739235873 -1.1980326364743634 -1.32978979735409 -1.1294426163850038 
294 -1 1.6576424480778569 1.4908905266387937 0.6733317739907715 0.4426271057537931 1.2554894645092132 1.5379048822314751 1.5764395218056393 
295 -1 0.05758380015851871 0.223399777434642 0.3164035882410339 0.24621367285057189 0.5579194554060394 1.1282342137192516 0.6847283626291774 
296 -1 1.2714213951318096 0.9227050183748636 0.9112838978239298 0.3444203893021825 0.7503525613655356 0.9916773242151771 0.8692203265967212 
297 -1 0.002409364023369118 0.3982260876696974 0.25691555728274423 0.4917304639795984 0.9187315290800948 0.8551204347111026 0.746225683951692 
298 -1 -0.3286372527875284 0.09228004475835044 -0.04052459750870374 1.0073157253505542 0.9187315290800948 0.7185635452070279 0.2849957740328324 
299 1 -0.8252071780038748 -1.218917282004565 -1.1113091547579166 -1.2268870739235873 -1.1980326364743634 -1.1932329078500155 -1.1294426163850038 
300 -1 0.7196770337803138 0.6604655530222805 0.7625638204282058 0.09890359817315597 0.2933239347117321 0.8551204347111026 0.43873907733911893 
301 -1 1.21624695899666 1.2723576388449744 1.3871881454902466 0.4671787848666958 0.7022442848756616 0.8551204347111026 0.8692203265967212 
302 -1 0.9403747783209121 0.835291863257336 0.9112838978239298 0.2953170310763772 0.5098111789161653 0.30889287669480436 0.6847283626291774 
303 -1 0.44380485310456586 0.529345820345989 0.8220518513864955 0.6390405386570144 0.9427856673250318 0.7185635452070279 0.8692203265967212 
304 -1 0.38863041696941625 0.5730523979047528 0.40563563467846825 1.2528325164795806 1.2554894645092132 -0.10077779181741925 0.9307176479192358 
305 -1 0.38863041696941625 0.6604655530222805 0.6138437430324819 1.0809707626892622 1.0149480820598429 0.8551204347111026 0.5924823806454055 
306 1 -0.8803816141390243 -1.0877975493282737 -1.0815651392787717 -1.2268870739235873 -1.1980326364743634 -1.1932329078500155 -1.0679452950624893 
307 1 -0.9907304864093235 -1.1752107044458013 -1.0815651392787717 -1.2268870739235873 -1.1739784982294263 -1.1932329078500155 -1.0986939557237465 
308 1 -0.8252071780038748 -1.0440909717695097 -0.9923330928413373 -1.2023353948106847 -1.1739784982294263 -1.1932329078500155 -1.0679452950624893 
309 -1 0.38863041696941625 0.5730523979047528 0.5840997275533371 0.22166199373766923 0.3414322112016062 1.1282342137192516 0.5309850593228909 
310 -1 1.6024680119427073 1.6220102593150854 1.4764201919276811 0.8109022924473329 1.159272911529465 0.8551204347111026 1.2997015758543236 
311 1 -0.8803816141390243 -1.0877975493282737 -1.022077108320482 -1.2023353948106847 -1.1739784982294263 -1.1932329078500155 -1.0986939557237465 
312 1 -0.8803816141390243 -0.3447857308292881 -0.3379647523001517 1.0318674044634568 0.6541360083857876 0.30889287669480436 0.13125247072654583 
313 1 -0.9907304864093235 -1.1315041268870374 -1.051821123799627 -1.2023353948106847 -1.1980326364743634 -1.1932329078500155 -1.0986939557237465 
314 1 -0.6045094334632763 -0.8692646615344544 -0.903101046403903 -0.9813702827945607 -0.6688415950857488 -0.7835622393377919 -0.6067153851436295 
315 -1 -0.21828838051722924 -0.03883968791794111 -0.010780582029558942 0.737247255108625 0.41359462593641727 -0.10077779181741925 0.43873907733911893 
316 -1 0.2782815446991171 0.3545195101109336 0.34614760372017866 0.8600056506731382 0.7262984231205986 1.1282342137192516 0.6232310413066627 
317 -1 0.9403747783209121 0.9664115959336276 0.9112838978239298 0.4180754266408905 1.1833270497744022 0.7185635452070279 1.2689529151930663 
318 -1 0.7196770337803138 0.7041721305810444 0.7328198049490611 0.4426271057537931 0.5338653171611024 0.4454497661988789 0.46948773800037624 
319 -1 0.5541537253748651 0.7915852856985721 0.8815398823447851 1.1791774791408727 0.9187315290800948 0.9916773242151771 0.7769743446129493 
320 1 -0.659683869598426 -0.6507317737406351 -0.8436130154456133 -1.0795769992461715 -1.1499243599844893 -1.056676018345941 -1.0679452950624893 
321 -1 1.3817702674021088 1.3597707939625021 1.4466761764485363 0.9582123671247489 1.0149480820598429 0.8551204347111026 1.2074555938705516 
322 -1 -0.05276507211178047 0.0485734671995866 0.07845146440787545 1.0073157253505542 0.7022442848756616 0.5820066557029534 0.2542471133715751 
323 -1 0.830025906050613 0.7478787081398083 0.7625638204282058 0.17255863551186393 0.4376487641813543 1.5379048822314751 0.7154770232904347 
324 -1 1.6024680119427073 1.44718394908003 1.4466761764485363 0.589937180431209 0.9668398055699688 1.264791103223326 0.8999689872579786 
325 -1 1.492119139672408 1.141237906168683 1.1492360216570883 0.17255863551186393 0.7262984231205986 1.1282342137192516 1.053712290564265 
326 1 -1.045904922544473 -1.000384394210746 -0.9625890773621926 -1.177783715697782 -1.1739784982294263 -1.1932329078500155 -1.1294426163850038 
327 -1 1.0507236505912114 1.097531328609919 1.2384680680945226 0.5653855013183063 0.7262984231205986 0.5820066557029534 0.746225683951692 
328 1 -0.9355560502741739 -1.1315041268870374 -1.051821123799627 -1.2268870739235873 -1.2220867747193005 -1.32978979735409 -1.1909399377075185 
329 -1 0.7196770337803138 0.835291863257336 1.1492360216570883 0.8845573297860408 1.4238684322237722 0.9916773242151771 1.7916801464344405 
330 1 -0.7148583057335756 -0.5633186186231074 -0.6651489225707445 -1.030473641020366 -1.0537078070047412 -0.7835622393377919 -1.0064479737399745 
331 -1 1.1610725228615104 1.141237906168683 1.030259959740509 0.8109022924473329 0.9187315290800948 0.8551204347111026 0.838471665935464 
332 -1 0.830025906050613 0.8789984408160998 0.7923078359073507 0.8600056506731382 0.5819735936509765 0.8551204347111026 0.5002363986616335 
333 -1 -0.4941605611929772 -0.16995942059423266 -0.24873270586271734 1.4983493076086072 0.6060277318959135 0.4454497661988789 0.0390064887427739 
334 -1 1.7128168842130065 1.44718394908003 1.5656522383651155 0.6144888595441117 1.2554894645092132 1.1282342137192516 1.5149422004831248 
335 1 -0.9907304864093235 -1.000384394210746 -1.051821123799627 -1.2268870739235873 -1.1980326364743634 -1.32978979735409 -1.1294426163850038 
336 -1 0.6093281615100146 0.5730523979047528 0.46512366563675783 0.5162821430925011 0.7022442848756616 0.9916773242151771 0.5924823806454055 
337 1 -0.9355560502741739 -1.0440909717695097 -1.051821123799627 -1.2023353948106847 -1.1739784982294263 -1.1932329078500155 -1.1294426163850038 
338 1 -0.9907304864093235 -0.7818515064169266 -0.8436130154456133 0.17255863551186393 -0.42830021263637863 -0.10077779181741925 -0.6682127064661442 
339 1 -1.045904922544473 -1.0440909717695097 -1.1113091547579166 -1.2023353948106847 -1.1739784982294263 -1.1932329078500155 -1.0986939557237465 
340 1 -1.045904922544473 -1.0877975493282737 -1.022077108320482 -1.177783715697782 -1.1499243599844893 -1.4663466868581647 -1.1294426163850038 
341 -1 0.44380485310456586 0.44193266522846125 0.5246116965950475 0.7126955759957223 0.8225149761003467 0.8551204347111026 0.4079904166778616 
342 -1 0.2782815446991171 0.223399777434642 0.7923078359073507 0.22166199373766923 0.0527825522623619 1.5379048822314751 0.0390064887427739 
343 1 -0.4941605611929772 -0.3447857308292881 -0.3379647523001517 0.5408338222054038 0.12494496699717297 0.17233598719072982 -0.14548547522476996 
344 1 -0.8252071780038748 -0.38849230838805193 -0.6354049070915997 1.2773841955924834 0.38954048769148025 0.8551204347111026 -0.42222342117608574 
345 -1 1.2714213951318096 1.5345971041975577 1.3574441300111018 1.4001425911569967 1.3276518792440242 0.5820066557029534 1.2997015758543236 
346 -1 -0.16311394438207966 0.7041721305810444 0.8220518513864955 0.3935237475279878 0.41359462593641727 -0.37389157082556834 0.46948773800037624 
347 -1 0.7748514699154634 0.7915852856985721 0.5246116965950475 0.5162821430925011 0.5098111789161653 0.30889287669480436 0.346493095355347 
348 -1 0.44380485310456586 0.6604655530222805 0.9112838978239298 0.2953170310763772 0.8225149761003467 0.5820066557029534 1.053712290564265 
349 1 -0.8252071780038748 -1.1752107044458013 -1.0815651392787717 -1.2023353948106847 -1.1980326364743634 -1.056676018345941 -1.0986939557237465 
350 1 -0.21828838051722924 0.004866889640822743 -0.12975664394613814 1.596556024060218 0.8465691143452837 0.7185635452070279 0.22349845271031776 
351 -1 0.002409364023369118 0.3545195101109336 0.3164035882410339 0.9336606880118462 0.8946773908351577 0.4454497661988789 0.7154770232904347 
352 -1 0.1127582362936683 0.26710635499340585 0.37589161919932346 -0.1220615138429679 0.0046742757724878466 0.8551204347111026 -0.17623413588602727 
353 -1 0.6093281615100146 0.7478787081398083 0.7328198049490611 0.4426271057537931 0.6300818701408505 0.9916773242151771 0.8077230052742066 
354 -1 0.1127582362936683 0.17969319987587815 0.10819547988702026 1.375590912044094 0.3173780729566692 0.4454497661988789 -0.23773145720854189 
355 -1 0.9955492144560617 0.9227050183748636 0.9410279133030747 1.5229009867215098 2.241709132551631 0.30889287669480436 2.6218939842883877 
356 1 -1.045904922544473 -1.1752107044458013 -1.022077108320482 -1.2268870739235873 -1.1980326364743634 -1.1932329078500155 -1.0986939557237465 
357 -1 0.6645025976451642 0.6604655530222805 0.9410279133030747 0.8354539715602356 1.231435326264276 0.4454497661988789 1.545690861144382 
358 1 -0.7148583057335756 -0.5633186186231074 -0.7841249844873237 -0.956818603681658 -1.0777619452496783 0.5820066557029534 -1.0679452950624893 
359 1 -0.9907304864093235 -1.0877975493282737 -1.0815651392787717 -1.2268870739235873 -1.1980326364743634 -1.1932329078500155 -1.0986939557237465 
360 -1 0.5541537253748651 0.48563924278722514 0.5246116965950475 0.19711031462476658 0.22116151997692107 0.9916773242151771 0.19274979204906045 
361 1 -0.16311394438207966 0.004866889640822743 0.07845146440787545 0.5162821430925011 0.8465691143452837 0.035779097686655284 0.838471665935464 
362 1 -0.9907304864093235 -1.0440909717695097 -1.1410531702370614 -1.2268870739235873 -1.1980326364743634 -1.1932329078500155 -1.160191277046261 
363 1 -0.8803816141390243 -1.0440909717695097 -1.1410531702370614 -1.2023353948106847 -1.1499243599844893 -1.1932329078500155 -1.1294426163850038 
364 1 -0.8252071780038748 -0.9129712390932182 -0.903101046403903 -1.1286803574719766 -1.1499243599844893 -1.056676018345941 -1.037196634401232 
365 1 -0.8252071780038748 -0.6070251961818712 -0.6948929380498894 0.6881438968828196 0.14899910524211 -0.37389157082556834 -0.45297208183734305 
366 -1 1.4369447035372584 1.097531328609919 1.0005159442613643 0.3444203893021825 0.9908939438149059 1.1282342137192516 1.2382042545318088 
367 -1 0.9955492144560617 1.2723576388449744 1.922580424114853 1.3264875538182885 0.6781901466307245 0.30889287669480436 1.45344487916061 
368 -1 1.767991320348156 1.403477371521266 1.9523244395939978 0.8600056506731382 1.4238684322237722 1.9475755507436987 1.361198897176838 
369 1 0.4989792892397154 0.6167589754635167 0.37589161919932346 0.9091090088989435 0.0527825522623619 0.035779097686655284 0.0390064887427739 
370 1 -0.8803816141390243 -1.1315041268870374 -1.0815651392787717 -1.2514387530364899 -1.1980326364743634 -1.32978979735409 -1.0986939557237465 
371 1 -0.8803816141390243 -1.1315041268870374 -1.1113091547579166 -1.2759904321493927 -1.2220867747193005 -1.1932329078500155 -1.1294426163850038 
372 -1 0.33345598083426664 0.5730523979047528 0.4948676811159027 0.3444203893021825 0.19710738173198405 0.7185635452070279 0.4079904166778616 
373 1 -0.9907304864093235 -1.0877975493282737 -1.022077108320482 -1.2268870739235873 -1.1739784982294263 -1.1932329078500155 -1.160191277046261 
374 -1 0.6645025976451642 0.6167589754635167 0.6435877585116266 0.9091090088989435 0.5819735936509765 0.8551204347111026 0.838471665935464 
375 1 -0.9355560502741739 -1.1315041268870374 -1.051821123799627 -1.2268870739235873 -1.1980326364743634 -1.1932329078500155 -1.1294426163850038 
376 -1 -0.3286372527875284 -0.12625284303546883 0.07845146440787545 1.1791774791408727 0.6781901466307245 -0.10077779181741925 0.3157444346940897 
377 1 -0.9355560502741739 -1.218917282004565 -1.1113091547579166 -1.2268870739235873 -1.1980326364743634 -1.1932329078500155 -1.0679452950624893 
378 1 -0.8803816141390243 -1.0877975493282737 -1.022077108320482 -1.2023353948106847 -1.1739784982294263 -1.1932329078500155 -1.160191277046261 
379 -1 0.9403747783209121 0.8789984408160998 0.8220518513864955 0.4671787848666958 1.135218773284528 0.8551204347111026 1.361198897176838 
380 1 -0.9355560502741739 -1.0440909717695097 -1.0815651392787717 -1.2023353948106847 -1.1499243599844893 -1.32978979735409 -1.0679452950624893 
381 1 -0.4389861250578276 -0.21366599815299653 -0.21898869038357255 1.4492459493828018 0.8225149761003467 -0.10077779181741925 0.19274979204906045 
382 -1 0.05758380015851871 0.3545195101109336 0.16768351084530986 1.3264875538182885 0.7503525613655356 0.7185635452070279 0.3772417560166043 
383 1 -0.8803816141390243 -1.1752107044458013 -1.0815651392787717 -1.2268870739235873 -1.2220867747193005 -1.1932329078500155 -1.0986939557237465 
384 1 -0.8803816141390243 -1.218917282004565 -1.0815651392787717 -1.2514387530364899 -1.1980326364743634 -1.1932329078500155 -1.0986939557237465 
385 -1 0.6093281615100146 0.6604655530222805 0.46512366563675783 0.589937180431209 0.19710738173198405 0.7185635452070279 0.06975514940403121 
386 1 -0.8803816141390243 -1.0877975493282737 -1.051821123799627 -1.2268870739235873 -1.1980326364743634 -1.1932329078500155 -1.037196634401232 
387 -1 0.830025906050613 0.7478787081398083 0.9112838978239298 0.737247255108625 1.03900222030478 0.5820066557029534 1.2074555938705516 
388 -1 0.7196770337803138 0.8789984408160998 0.9707719287822194 0.2953170310763772 0.7262984231205986 -0.7835622393377919 0.9614663085804932 
389 -1 0.16793267242881788 0.31081293255216974 0.46512366563675783 0.09890359817315597 0.7503525613655356 0.7185635452070279 1.0844609512255223 
390 1 -0.8803816141390243 -1.0877975493282737 -1.051821123799627 -1.2268870739235873 -1.1499243599844893 -1.1932329078500155 -1.1294426163850038 
391 -1 0.22310710856396748 0.17969319987587815 0.13793949536616507 0.31986871018927987 0.14899910524211 0.5820066557029534 0.06975514940403121 
392 -1 2.043863501023904 2.2339023451377793 2.5769487646560387 1.375590912044094 2.6746836209604976 0.17233598719072982 2.9908779122234757 
393 1 -1.045904922544473 -1.218917282004565 -1.1410531702370614 -1.2023353948106847 -1.1980326364743634 -1.1932329078500155 -1.160191277046261 
394 1 -0.9355560502741739 -1.1315041268870374 -1.1113091547579166 -1.2514387530364899 -1.1980326364743634 -1.1932329078500155 -1.1294426163850038 
395 1 -0.9907304864093235 -0.9129712390932182 -1.051821123799627 -1.1286803574719766 -1.1739784982294263 -0.9201191288418664 -1.0679452950624893 
396 -1 1.5472935758075577 1.6220102593150854 1.2682120835736674 1.3264875538182885 1.5681932616933942 0.7185635452070279 1.6071881824668965 
397 -1 0.16793267242881788 0.223399777434642 0.34614760372017866 1.15462580002797 1.207381188019339 0.8551204347111026 0.7769743446129493 
398 -1 0.6645025976451642 0.7478787081398083 0.6138437430324819 0.8600056506731382 0.3414322112016062 1.264791103223326 0.346493095355347 
399 -1 0.9403747783209121 0.31081293255216974 0.6435877585116266 0.6390405386570144 0.5579194554060394 0.7185635452070279 0.746225683951692 
400 1 -0.4941605611929772 -0.25737257571176037 -0.39745278325844136 1.4983493076086072 0.6060277318959135 -0.5104484603296429 -0.11473681456351265 
401 -1 0.4989792892397154 0.835291863257336 1.060003975219654 0.7126955759957223 0.7744066996104726 0.5820066557029534 0.838471665935464 
402 1 -0.2734628166523788 -0.5196120410643436 -0.39745278325844136 -0.7849568498913395 -0.5966791803509378 -0.6470053498337174 -0.45297208183734305 
403 1 -0.8803816141390243 -0.956677816651982 -0.903101046403903 -1.177783715697782 -1.1499243599844893 -1.1932329078500155 -1.0679452950624893 
404 1 -0.9355560502741739 -1.1315041268870374 -1.051821123799627 -1.2268870739235873 -1.1980326364743634 -1.32978979735409 -1.0986939557237465 
405 -1 1.1610725228615104 1.2286510612862107 1.1492360216570883 1.0564190835763594 0.9427856673250318 0.30889287669480436 0.8999689872579786 
406 -1 -0.38381168892267803 -0.08254626547670496 -0.27847672134186213 1.0073157253505542 0.4857570406712283 0.30889287669480436 -0.053239493240998026 
407 -1 0.33345598083426664 0.48563924278722514 0.5840997275533371 0.31986871018927987 0.6060277318959135 0.9916773242151771 0.6847283626291774 
408 -1 0.002409364023369118 0.48563924278722514 0.4948676811159027 0.9827640462376515 1.4479225704687093 1.264791103223326 1.0844609512255223 
409 -1 2.6507822985105496 2.4961418104903625 2.368740656302025 1.2037291582537755 1.5922473999383313 1.4013479927274006 1.7916801464344405 
410 1 -0.8252071780038748 -1.000384394210746 -1.022077108320482 -1.177783715697782 -1.1739784982294263 -1.32978979735409 -1.0986939557237465 
411 -1 0.4989792892397154 0.529345820345989 0.5543557120741922 0.5162821430925011 0.6541360083857876 0.8551204347111026 0.7154770232904347 
412 -1 0.44380485310456586 0.9664115959336276 1.2682120835736674 0.8845573297860408 0.9668398055699688 1.4013479927274006 1.0844609512255223 
413 1 -0.9907304864093235 -1.0877975493282737 -1.200541201195351 -1.2268870739235873 -1.1980326364743634 -1.1932329078500155 -1.037196634401232 
414 1 0.22310710856396748 0.6167589754635167 0.3164035882410339 0.8600056506731382 0.12494496699717297 0.5820066557029534 0.3157444346940897 
415 1 -0.9355560502741739 -1.0877975493282737 -1.1113091547579166 -1.177783715697782 -1.1980326364743634 -1.1932329078500155 -1.0679452950624893 
416 1 -1.045904922544473 -1.1315041268870374 -1.1410531702370614 -1.2268870739235873 -1.1739784982294263 -1.1932329078500155 -1.0679452950624893 
417 -1 1.767991320348156 1.4908905266387937 1.3871881454902466 0.9827640462376515 0.8706232525902208 1.264791103223326 0.8692203265967212 
418 -1 0.830025906050613 0.8789984408160998 0.9410279133030747 1.2773841955924834 0.5819735936509765 0.9916773242151771 1.2997015758543236 
419 1 -0.9355560502741739 -1.1315041268870374 -1.0815651392787717 -1.2514387530364899 -1.1980326364743634 -1.1932329078500155 -1.0679452950624893 
420 -1 0.7748514699154634 0.8789984408160998 1.030259959740509 0.8109022924473329 0.8946773908351577 0.7185635452070279 0.9922149692417505 
421 1 -1.1010793586796226 -1.1752107044458013 -1.1410531702370614 -1.2514387530364899 -1.1980326364743634 -1.1932329078500155 -1.0986939557237465 
422 -1 0.8852003421857626 0.835291863257336 1.1194920061779434 0.4426271057537931 0.9187315290800948 1.4013479927274006 1.0229636299030078 
423 -1 0.6645025976451642 0.7915852856985721 1.0005159442613643 0.6881438968828196 0.7984608378554097 0.4454497661988789 0.6232310413066627 
424 -1 0.5541537253748651 0.5730523979047528 0.8815398823447851 0.4426271057537931 0.8225149761003467 -0.10077779181741925 1.053712290564265 
425 -1 5.023283052321982 4.200698335282152 3.2908051361555137 1.4246942702698993 1.303597740999087 1.4013479927274006 1.637936843128154 
426 1 -0.3286372527875284 -0.30107915327052426 -0.21898869038357255 -0.4903367005365077 -0.5004626273711896 0.4454497661988789 -0.3607260998535711 
427 -1 1.21624695899666 0.9227050183748636 1.0005159442613643 0.31986871018927987 1.2554894645092132 1.1282342137192516 1.053712290564265 
428 1 -0.7700327418687252 -0.3447857308292881 -0.48668482969587573 1.2773841955924834 0.38954048769148025 -0.10077779181741925 -0.20698279654728458 
429 -1 0.002409364023369118 0.1359866223171143 0.07845146440787545 0.589937180431209 0.6060277318959135 0.9916773242151771 0.5002363986616335 
430 1 -0.9355560502741739 -1.1315041268870374 -1.1113091547579166 -1.2268870739235873 -1.2220867747193005 -1.056676018345941 -1.0986939557237465 
431 1 -0.8803816141390243 -0.8255580839756905 -0.6948929380498894 -0.31847494674618915 0.2692697964667951 -0.10077779181741925 -1.0064479737399745 
432 1 -0.9907304864093235 -1.0877975493282737 -1.1113091547579166 -1.2268870739235873 -1.1980326364743634 -1.056676018345941 -1.0986939557237465 
433 1 -0.9907304864093235 -1.0440909717695097 -1.0815651392787717 -1.2023353948106847 -1.1739784982294263 -1.1932329078500155 -1.037196634401232 
434 1 -0.8803816141390243 -0.8692646615344544 -1.0815651392787717 -1.1532320365848794 -1.1258702217395524 -1.056676018345941 -1.0679452950624893 
435 1 -0.8252071780038748 -0.9129712390932182 -1.0815651392787717 -1.2023353948106847 -1.1499243599844893 -1.056676018345941 -1.160191277046261 
436 1 -1.045904922544473 -1.1315041268870374 -1.0815651392787717 -1.2268870739235873 -1.1980326364743634 -1.32978979735409 -1.0986939557237465 
437 -1 0.05758380015851871 0.1359866223171143 0.07845146440787545 0.8354539715602356 0.5098111789161653 0.7185635452070279 0.3157444346940897 
438 1 -0.2734628166523788 0.26710635499340585 0.16768351084530986 1.1791774791408727 0.9908939438149059 0.4454497661988789 0.7769743446129493 
439 -1 0.22310710856396748 0.3545195101109336 0.5840997275533371 0.7126955759957223 -0.11559641545219727 0.4454497661988789 -0.3299774391923138 
440 1 -1.1562537948147722 -1.0440909717695097 -1.051821123799627 -1.2268870739235873 -1.1980326364743634 -1.1932329078500155 -1.0986939557237465 
441 1 -0.9907304864093235 -1.0440909717695097 -1.1410531702370614 -1.2514387530364899 -1.1980326364743634 -1.32978979735409 -1.1294426163850038 
442 1 -0.9907304864093235 -0.7381449288581627 -0.8138689999664686 0.7617989342215276 -0.1396505536971343 0.17233598719072982 -0.5452180638211149 
443 -1 1.5472935758075577 1.5783036817563214 1.773860346719129 0.7617989342215276 1.3757601557338983 0.8551204347111026 1.637936843128154 
444 -1 3.202526659862045 2.7146746982841816 2.1605325479480113 1.719314419624731 1.4238684322237722 0.5820066557029534 1.2689529151930663 
445 -1 0.05758380015851871 0.17969319987587815 0.07845146440787545 1.2528325164795806 0.6060277318959135 0.5820066557029534 0.13125247072654583 
446 -1 0.7196770337803138 0.5730523979047528 0.5246116965950475 -0.023854797391357287 0.3173780729566692 0.035779097686655284 0.4079904166778616 
447 -1 1.767991320348156 1.4908905266387937 1.3871881454902466 0.8600056506731382 0.7262984231205986 0.7185635452070279 0.7154770232904347 
448 1 -0.9355560502741739 -1.1315041268870374 -1.0815651392787717 -1.2268870739235873 -1.1980326364743634 -1.1932329078500155 -1.0986939557237465 
449 1 -0.9907304864093235 -1.1752107044458013 -1.170797185716206 -1.2514387530364899 -1.2220867747193005 -1.1932329078500155 -1.1909399377075185 
450 -1 1.0507236505912114 1.0101181734923914 1.0897479906987986 1.0564190835763594 1.3517060174889612 0.5820066557029534 1.2689529151930663 
451 -1 0.22310710856396748 0.48563924278722514 0.4948676811159027 0.7617989342215276 1.159272911529465 0.8551204347111026 0.8077230052742066 
452 -1 0.33345598083426664 0.529345820345989 0.43537965015761304 0.9091090088989435 0.2933239347117321 0.5820066557029534 0.10050381006528852 
453 1 -0.9355560502741739 -1.1315041268870374 -1.0815651392787717 -1.2514387530364899 -1.1499243599844893 -1.32978979735409 -1.0986939557237465 
454 1 -0.9907304864093235 -1.1315041268870374 -1.0815651392787717 -1.2514387530364899 -1.1980326364743634 -1.1932329078500155 -1.0986939557237465 
455 -1 0.16793267242881788 0.3982260876696974 0.25691555728274423 0.4426271057537931 0.5819735936509765 0.9916773242151771 0.6847283626291774 
456 -1 1.4369447035372584 1.44718394908003 1.2682120835736674 1.4737976284957046 1.7606263676528906 0.9916773242151771 1.8224288070956978 
457 -1 0.830025906050613 0.8789984408160998 0.8517958668656402 0.8845573297860408 0.5819735936509765 0.9916773242151771 1.053712290564265 
