id label data 
0 -1 0.8497474605635568 0.8495743782410982 1.0451780909409654 0.7688746592945329 1.2307475753994186 1.2955988121077944 1.220093361048444 
1 -1 0.5088507298090967 0.7443400896976388 0.7521152371740837 0.292000965353099 0.6521857789878275 1.1576259515976135 0.865543035125217 
2 1 -0.9910948855105274 -0.99202567126944 -0.9736993461197749 -1.0633242700593974 -1.0331898888198507 0.7437073700670708 -1.0039041379245253 
3 1 -1.2638122701140955 -1.2551113926280884 -1.2341996605792254 -1.3143104247654154 -1.2847384959553252 -1.4638583980958237 -1.2295270726029424 
4 -1 1.2588235374689087 0.9548086667845574 0.9149279337112401 0.2418037344118954 0.62703091827428 1.1576259515976135 1.3490207522932538 
5 -1 1.1224648451671249 1.323128676686665 1.1428657088632592 1.3210441996477722 1.255902436112966 0.6057345095568899 1.2845570566708489 
6 -1 1.1224648451671249 1.323128676686665 1.207990787478122 0.39239542723550613 0.5767211968471851 -0.22210265350419559 0.7043837960692048 
7 -1 0.8497474605635568 0.8495743782410982 0.6218650799443586 0.6935788128827276 0.9540441075503967 0.8816802305772518 0.575456404824395 
8 -1 0.7815681144126648 1.0600429553280168 1.012615551633534 0.6182829664709222 0.8785795254097544 0.05384306751616625 1.1233978176148367 
9 -1 0.09977465290374474 0.3760200797955312 1.8918041129341792 1.1955511222947632 0.9288892468368493 0.6057345095568899 0.9944704263700268 
10 1 -1.1956329239632033 -1.3603456811715475 -1.1365120426569315 -1.2641131938242118 -1.2847384959553252 -1.3258855375856429 -1.2295270726029424 
11 -1 1.5997202682233689 1.323128676686665 1.3056784054004158 0.6684801974121258 1.6332253468161777 1.4335716726179755 1.5424118391604684 
12 -1 1.327002883619801 1.007425811056287 0.9800530123261028 0.16650788800009006 0.30001772899816337 0.7437073700670708 0.51099270920199 
13 1 -0.9910948855105274 -1.2551113926280884 -1.1039495033495001 -1.2139159628830083 -1.2092739138146829 -1.3258855375856429 -1.1972952247917399 
14 1 -0.3093014240016073 0.27078579125207186 0.0683019117180265 0.7437760438239311 0.2245531468575211 0.6057345095568899 -0.004716855777249201 
15 1 0.6452094221108808 0.5338715126107202 0.42648984409977075 0.06611342611768291 0.12393370400333134 0.7437073700670708 -0.06918055139965411 
16 1 -1.0592742316614194 -1.2551113926280884 -1.1690745819643626 -1.2641131938242118 -1.2344287745282303 -1.187912677075462 -1.1005996813581325 
17 -1 1.2588235374689087 1.0600429553280168 1.0451780909409654 0.5931843510003204 1.381676739680703 1.0196530910874326 1.2845570566708489 
18 1 -1.3319916162649874 -1.3603456811715475 -1.2993247391940879 -1.2641131938242118 -1.2595836352417777 -1.4638583980958237 -1.1650633769805374 
19 -1 0.7815681144126648 0.7443400896976388 0.8498028550963777 0.26690234988249717 0.4761017539929954 1.2955988121077944 0.8977748829364195 
20 -1 0.44067138365820474 0.3760200797955312 0.42648984409977075 1.6473262007655955 1.255902436112966 0.8816802305772518 1.0911659698036342 
21 1 -0.9910948855105274 -1.0446428155411696 -1.1365120426569315 -1.1888173474124064 -1.2092739138146829 -0.4980483745245574 -1.1650633769805374 
22 1 -1.1956329239632033 -1.2024942483563585 -1.1039495033495001 -1.2641131938242118 -1.2595836352417777 -1.4638583980958237 -1.1972952247917399 
23 1 -1.0592742316614194 -1.0972599598128994 -1.1690745819643626 -1.2139159628830083 -1.2092739138146829 -1.3258855375856429 -1.1972952247917399 
24 -1 0.8497474605635568 0.7969572339693685 0.7521152371740837 0.04101481064708112 0.2245531468575211 1.2955988121077944 0.41429716576838266 
25 -1 0.5770300759599888 0.42863722406726085 0.1334269903328891 0.9194663521181436 0.4257920325659006 0.6057345095568899 0.28536977452357287 
26 1 -1.1274535778123114 -1.2551113926280884 -1.201637121271794 -1.2892118092948135 -1.2595836352417777 -1.3258855375856429 -1.1972952247917399 
27 1 -0.3093014240016073 -0.09753421865003574 -0.12707332412656128 1.2959455841771705 0.2245531468575211 0.05384306751616625 -0.1981079426444639 
28 -1 2.213334383581397 1.796682975132232 1.7289914163970226 0.6182829664709222 1.306212157540061 1.0196530910874326 1.574643686971671 
29 1 -1.0592742316614194 -1.2024942483563585 -1.1365120426569315 -1.23901457835361 -1.2344287745282303 -1.3258855375856429 -1.1972952247917399 
30 1 -0.5138394624542834 -0.360619940008684 -0.3550110992785803 0.5429871200591169 0.12393370400333134 0.05384306751616625 -0.16587609483326146 
31 1 -1.1274535778123114 -1.2024942483563585 -1.2341996605792254 -1.2641131938242118 -1.2595836352417777 -1.3258855375856429 -1.2295270726029424 
32 -1 0.5088507298090967 0.7443400896976388 0.556740001329496 0.34219819629430254 0.19939828614397365 0.6057345095568899 0.41429716576838266 
33 1 -1.0592742316614194 -1.4129628254432773 -1.201637121271794 -1.2641131938242118 -1.2595836352417777 -1.3258855375856429 -1.132831529169335 
34 -1 0.8497474605635568 0.8495743782410982 0.5241774620220646 0.5931843510003204 0.19939828614397365 0.6057345095568899 0.059746839845155705 
35 -1 1.1224648451671249 0.9548086667845574 1.012615551633534 0.7437760438239311 1.079818411118134 0.46776164904670897 1.2523252088596464 
36 1 -1.1274535778123114 -1.0446428155411696 -1.1365120426569315 -1.1637187319418048 -1.2344287745282303 -1.0499398165652811 -1.132831529169335 
37 1 -0.5138394624542834 -0.25538565146522474 -0.42013617789344293 1.5218331234125866 0.62703091827428 -0.6360212350347383 -0.13364424702205902 
38 -1 -0.3774807701524993 -0.04491707437830608 -0.28988602066371777 1.0198608140005507 0.5012566147065429 0.19181592802634717 -0.06918055139965411 
39 1 -0.9229155393596353 -1.0446428155411696 -1.1690745819643626 -1.23901457835361 -1.2092739138146829 -1.187912677075462 -1.2295270726029424 
40 1 -0.2411220778507153 0.3760200797955312 0.19855206894775168 1.1955511222947632 1.029508689691039 0.3297887885365281 0.8010793395028121 
