id label data 
0 -1 0.3500146705475877 0.24304335540539873 0.2302033849573358 0.37070928794730784 0.7720860472030564 0.7231686303454578 0.8169509378070874 
1 -1 1.2654376550566633 1.119251160300398 0.9671349526561241 0.757376260475129 0.822992819546115 1.0031048743501516 0.8824942795222691 
2 1 -1.1577408333497132 -1.29032030316085 -1.3320915385640955 -1.4337365838491907 -1.365998391205408 -1.516321321692093 -1.3132076679363207 
3 1 -0.996195600789288 -0.8522164007133503 -1.0962734369004832 -1.2790697948380623 -1.2896382326908198 -1.0964169556850523 -1.1821209845059573 
4 1 -1.103892422496238 -1.20269952267135 -1.3026142758561439 -1.4079587856806692 -1.4169051635484664 -1.376353199689746 -1.3132076679363207 
5 -1 0.5654083139614878 0.6373368676081483 0.5839305374527541 0.08715350809357235 0.3902852546301164 0.8631367523478047 0.6858642543767238 
6 -1 0.888498779082338 0.9440095993213982 0.6428850628686572 1.1182654348344288 1.0775266812614084 1.4230092403571923 0.7514075960919055 
7 1 -0.6192567248149629 -0.3264917177763508 -0.477250920033501 0.44804268245287204 -0.32240955817270506 -0.8164807116803584 -0.6905459216420938 
8 1 -1.1577408333497132 -1.29032030316085 -1.2141824877322893 -1.4337365838491907 -1.3914517773769373 -1.516321321692093 -1.3132076679363207 
9 1 -1.2115892442031881 -1.29032030316085 -1.3026142758561439 -1.382180987512148 -1.4169051635484664 -1.516321321692093 -1.3132076679363207 
10 -1 0.888498779082338 0.9001992090766482 0.9966122153640756 0.6542650678010433 1.1793402259475259 0.7231686303454578 1.1774393172405873 
11 1 -1.103892422496238 -1.2465099129161 -1.3026142758561439 -1.382180987512148 -1.3914517773769373 -1.2363850776873992 -1.3787510096515025 
12 -1 0.5115599031080128 0.8125784285871482 0.9966122153640756 0.37070928794730784 0.6448191163454097 0.5832005083431109 0.7514075960919055 
13 -1 0.834650368228863 0.7687680383423983 0.7313168509925119 0.3964870861158292 0.517552185487763 0.44323238634076395 0.7514075960919055 
14 1 -0.996195600789288 -1.3341306934055999 -1.3026142758561439 -1.4079587856806692 -1.4169051635484664 -1.376353199689746 -1.3787510096515025 
15 -1 1.3731344767636133 1.1630615505451478 1.0555667407799787 0.42226488428435066 1.0775266812614084 0.8631367523478047 1.3412976715285416 
16 1 -1.0500440116427632 -1.2465099129161 -1.2731370131481923 -1.459514382017712 -1.3914517773769373 -1.376353199689746 -1.3132076679363207 
17 -1 0.18846943798716262 0.24304335540539873 0.37758969849709345 0.11293130626209376 0.23756493760094036 1.0031048743501516 0.19428919151286037 
18 1 -1.1577408333497132 -1.2465099129161 -1.243659750440241 -1.4337365838491907 -1.3914517773769373 -1.376353199689746 -1.3459793387939116 
19 -1 0.5115599031080128 0.3744745261396486 0.28915791037323885 0.37070928794730784 0.4920987993162337 1.0031048743501516 0.39091921665840573 
20 -1 3.5809193217560895 2.7840459896008967 2.2051799863900885 1.6080436000363354 1.0266199089183499 0.1632961423360701 0.8497226086646783 
21 -1 0.3500146705475877 0.5059056968738985 0.9376576899481726 0.8604874531492146 0.746632661031527 0.5832005083431109 0.22706086237045126 
22 -1 0.4577114922545378 0.5497160871186485 0.37758969849709345 0.319153691610265 0.6193657301738804 0.5832005083431109 0.8497226086646783 
23 -1 -0.08077261628021255 0.5935264773633985 0.6723623255766088 0.8347096549806932 0.2630183237724697 -0.2566082236709707 0.12874584979767859 
24 -1 0.5115599031080128 0.5497160871186485 1.1439985289038332 0.7058206641380862 1.433874087662819 0.8631367523478047 1.6362427092468597 
25 -1 -0.18846943798716262 0.023991404181648936 0.08281707141757813 0.11293130626209376 0.44119202697317506 1.0031048743501516 0.5547775709463602 
26 1 -1.0500440116427632 -1.4217514738950998 -1.3320915385640955 -1.4337365838491907 -1.4169051635484664 -1.376353199689746 -1.3787510096515025 
27 -1 0.13462102713368757 0.46209530662914855 0.37758969849709345 0.9893764439918217 0.9248063642322324 0.7231686303454578 0.4564625583735875 
28 -1 0.026924205426737517 0.1554225749158988 0.11229433412552967 0.757376260475129 0.6193657301738804 1.0031048743501516 0.48923422923117843 
29 -1 0.888498779082338 0.9440095993213982 0.7902713764084149 0.7058206641380862 0.822992819546115 0.7231686303454578 0.7186359252343146 
30 1 -1.2115892442031881 -0.9836475714476002 -1.0667961741925316 0.03559791175652953 -0.6023968060595277 -0.2566082236709707 -0.8871759467876391 
31 -1 0.18846943798716262 0.24304335540539873 0.28915791037323885 0.6027094714640006 0.7211792748599978 0.7231686303454578 0.2598325332280422 
32 -1 0.996195600789288 1.3383031115241477 1.1145212661958819 1.3244878201826 1.2557003844621137 0.44323238634076395 1.2102109880981782 
33 -1 0.7269535465219129 1.075440770055648 1.674589257646961 1.2471544256770357 0.5684589578308217 0.1632961423360701 1.3740693423861325 
34 -1 0.40386308140106275 0.4182849163843986 0.407066961205045 0.8089318568121717 0.46664541314470437 0.7231686303454578 0.7186359252343146 
35 1 -1.1577408333497132 -1.3341306934055999 -1.2731370131481923 -1.4337365838491907 -1.4169051635484664 -1.376353199689746 -1.3787510096515025 
36 -1 -0.18846943798716262 0.1554225749158988 -0.06456924212217953 1.2471544256770357 0.6448191163454097 0.5832005083431109 0.22706086237045126 
37 -1 -0.026924205426737517 -0.019818986063101025 -0.09404650483013106 0.19026470076765797 0.008484462057176324 0.44323238634076395 -0.10065584620545769 
38 1 -1.2654376550566633 -1.4217514738950998 -1.361568801272047 -1.4079587856806692 -1.4169051635484664 -1.376353199689746 -1.4115226805090935 
39 -1 0.6731051356684379 0.11161218467114886 0.407066961205045 0.5253760769584362 0.44119202697317506 0.5832005083431109 0.620320912661542 
40 -1 0.6192567248149629 0.6373368676081483 0.8787031645322695 0.319153691610265 0.822992819546115 1.2830411183548456 0.91526595037986 
41 1 -1.2115892442031881 -1.2465099129161 -1.3026142758561439 -1.4079587856806692 -1.3914517773769373 -1.376353199689746 -1.2804359970787298 
