id label data 
0 -1 1.327415033665931 1.362511990060866 1.4505079987922807 1.0927749595667602 1.0616590770482872 0.733034855304875 0.9928769282752685 
1 1 -0.9125978356453277 -0.8568585264731369 -0.8936957649352203 -1.038496467069598 -1.1105616496909276 -0.9109211638397714 -1.10172764660325 
2 1 -0.7525969164088092 -0.8995387287141754 -1.040208500168189 -1.1854807033893466 -1.1346974355435855 -0.7739248289110509 -1.0401216296950582 
3 1 -0.8059305561543154 -1.112939739919368 -1.1281161413079703 -1.2344754488292629 -1.1829690072489014 -1.1849138336972125 -1.10172764660325 
4 -1 1.9140850708664985 1.7039536079891742 1.5677181869786556 1.2152618231665508 1.7133252950700515 0.8700311902335955 1.8553611649899526 
5 -1 0.5807440772288447 0.42354754075801865 0.4542213992080927 0.48034064156780665 0.8685727902270237 0.8700311902335955 0.9312709113670768 
6 -1 1.4874159529024493 1.277151585578789 1.1867850753729368 0.8478012323671787 0.9168443619323396 1.1440238600910366 0.9928769282752685 
7 1 -0.9125978356453277 -1.0702595376783295 -1.0988135942613766 -1.2344754488292629 -1.1588332213962433 -1.321910168625933 -1.0709246381491542 
8 -1 -0.43259507793577234 -0.003254481652366507 -0.04392190058400123 1.068277586846802 0.7961654326690499 0.5960385203761545 0.6232408268261183 
9 -1 0.2607422387558077 0.3381871362759416 0.3077086639751239 0.6518222506075136 0.337585501468549 0.048053180661272336 0.37681675919335134 
10 1 -0.5925959971722908 -0.30201589733963613 -0.5127626533295014 1.0927749595667602 0.5306717882898125 0.048053180661272336 -0.14683438452627828 
11 1 -0.5392623574267846 -0.17397529061652056 -0.36624991809653257 0.725314368767388 0.07209185708931164 -0.6369284939823303 -0.4548644690672369 
12 -1 1.0607468349384002 1.1064307766146348 0.9230621519535929 1.1417697050066764 1.3271527214275247 1.007027525162316 1.547331080448994 
13 1 -0.9125978356453277 -1.112939739919368 -1.157418688354564 -1.2099780761093049 -1.1829690072489014 -1.1849138336972125 -1.0709246381491542 
14 -1 0.1540749592647954 0.3381871362759416 0.659339228534249 0.8722986050871369 1.158202220458919 0.32204585051871343 1.57813408890309 
15 1 -0.37926143819026614 0.08210592282971052 0.2198010228353426 1.2152618231665508 1.1099306487536031 0.048053180661272336 0.6848468437343099 
16 1 -0.6992632766633031 -0.47273670630379017 -0.5713677474226889 0.8233038596472205 -0.24167335899524162 -0.6369284939823303 0.007180657744201006 
17 1 -1.01926511513634 -1.198300144401445 -1.040208500168189 -1.2344754488292629 -1.2071047931015593 -1.1849138336972125 -1.1325306550573457 
18 -1 0.9007459157018816 0.8503495631684038 0.8937596049069991 0.3333564052480578 0.6272149317004443 0.8700311902335955 0.8388618860047892 
19 1 -0.8059305561543154 -1.0702595376783295 -1.1281161413079703 -1.2344754488292629 -1.1829690072489014 -1.1849138336972125 -1.1633336635114417 
20 1 -0.43259507793577234 -0.17397529061652056 -0.3369473710499388 1.6562145321257973 0.19277078635260134 0.32204585051871343 -0.23924340988856588 
21 1 -0.8059305561543154 -0.7714981219910598 -0.9523008590284078 -1.1609833306693886 -1.0622900779856117 0.32204585051871343 -1.0401216296950582 
22 1 -0.9125978356453277 -1.1556199421604065 -1.040208500168189 -1.2344754488292629 -1.1829690072489014 -1.321910168625933 -1.1325306550573457 
23 1 -0.9125978356453277 -1.0275793354372909 -1.1281161413079703 -1.2344754488292629 -1.1829690072489014 -1.1849138336972125 -1.10172764660325 
24 1 -1.0725987548818463 -1.112939739919368 -1.040208500168189 -1.1854807033893466 -1.1829690072489014 -1.1849138336972125 -1.0709246381491542 
25 1 -0.8059305561543154 -1.0702595376783295 -1.0988135942613766 -1.1609833306693886 -1.1829690072489014 -1.1849138336972125 -1.10172764660325 
26 -1 0.7407449964653631 0.6369485519632112 0.8351545108138115 0.5048380142877648 0.772029646816392 0.8700311902335955 0.8388618860047892 
27 1 -0.9659314753908339 -1.112939739919368 -1.0695110472147829 -1.2344754488292629 -1.1829690072489014 -1.1849138336972125 -1.1325306550573457 
28 -1 0.5807440772288447 0.8930297654094423 0.8937596049069991 1.0927749595667602 0.6272149317004443 0.5960385203761545 0.8080588775506934 
29 -1 0.4207431579923262 0.46622774299905717 0.8058519637672178 0.8722986050871369 0.6513507175531023 0.733034855304875 0.7156498521884058 
30 -1 0.4207431579923262 0.5515881474811342 0.542129040347874 0.40684852340793226 0.723758075111076 1.007027525162316 0.9312709113670768 
31 1 -0.8059305561543154 -0.9422189309552139 -0.8643932178886266 -1.1119885852294722 -1.1588332213962433 -1.047917498768492 -1.0401216296950582 
32 1 -0.9659314753908339 -0.9848991331962523 -1.0988135942613766 -1.1854807033893466 -1.1588332213962433 -0.9109211638397714 -1.0709246381491542 
33 -1 0.10074131951928923 0.42354754075801865 0.2784061169285301 0.6518222506075136 0.24104235805791724 1.1440238600910366 0.19199870846877617 
34 1 -0.8059305561543154 -0.6007773130269057 -0.6592753885624701 1.0927749595667602 0.07209185708931164 -0.22593948919616874 -0.5780765028836203 
35 -1 1.5407495926479555 1.5759130012660585 1.6556258281184368 0.7498117414873462 1.6167821516594199 1.6920091998059188 1.732149131173569 
36 1 -0.6459296369177969 -0.8568585264731369 -0.8643932178886266 -1.0139990943496398 -1.0381542921329536 0.048053180661272336 -1.0093186212409624 
37 -1 1.8074177913754863 1.8319942147122896 1.8021385633514058 1.435738177646174 1.3995600789854985 0.733034855304875 1.1776949789998437 
38 -1 0.4207431579923262 0.46622774299905717 0.5714315873944678 0.896795977807095 0.8685727902270237 -0.22593948919616874 0.9312709113670768 
39 1 -0.9659314753908339 -0.6434575152679443 -0.688577935609064 0.40684852340793226 -0.14513021558460984 -0.9109211638397714 -0.4548644690672369 
40 -1 0.31407587850131385 0.5089079452400956 0.4835239462546865 0.7498117414873462 1.182338006311577 0.8700311902335955 1.085285953637556 
41 -1 0.9007459157018816 0.8076693609273653 0.8937596049069991 0.9212933505270531 0.8685727902270237 0.8700311902335955 0.8388618860047892 
42 -1 0.7407449964653631 0.8503495631684038 0.7179443226274366 1.0192828414068857 0.9651159336376555 0.048053180661272336 0.6848468437343099 
43 1 -0.7525969164088092 -0.6434575152679443 -0.8643932178886266 -1.0874912125095142 -1.0864258638382696 -0.9109211638397714 -0.9477126043327706 
44 -1 -0.27259415869925385 -0.17397529061652056 -0.19043463581697004 1.1662670777266344 0.5548075741424705 0.5960385203761545 0.19199870846877617 
45 1 0.9007459157018816 1.0637505743735964 1.0988774342331555 1.1662670777266344 1.4236958648381564 0.048053180661272336 1.4857250635408024 
46 -1 0.47407679773783235 0.7223089564452883 0.7179443226274366 0.896795977807095 1.3030169355748666 0.8700311902335955 0.9928769282752685 
47 1 -0.8592641958998216 -0.9848991331962523 -1.0695110472147829 -1.2099780761093049 -1.2071047931015593 -1.1849138336972125 -1.0709246381491542 
48 -1 0.7940786362108693 0.8503495631684038 0.9230621519535929 0.48034064156780665 0.9409801477849975 0.8700311902335955 1.2084979874539394 
49 -1 0.7940786362108693 0.8076693609273653 0.8058519637672178 0.21086954164826713 0.5065360024371546 1.007027525162316 0.8080588775506934 
50 1 -0.9125978356453277 -1.1556199421604065 -1.157418688354564 -1.2099780761093049 -1.1829690072489014 -1.321910168625933 -1.1633336635114417 
51 1 0.9007459157018816 2.3014764393637135 2.212374222003718 0.6763196233274718 1.7857326526280253 -0.22593948919616874 2.224997266439103 
52 -1 1.1140804746839061 1.1064307766146348 0.8644570578604054 1.1907644504465926 1.158202220458919 1.5550128648771981 0.8696648944588851 
53 1 -0.9125978356453277 -1.1556199421604065 -1.040208500168189 -1.2834701942691793 -1.2312405789542173 -1.1849138336972125 -1.1325306550573457 
54 1 -0.6459296369177969 -0.8141783242320983 -0.922998311981814 -1.1119885852294722 -1.1829690072489014 -1.047917498768492 -1.0401216296950582 
55 -1 0.9540795554473878 0.21014652955282606 1.3332978106059055 0.7008169960474299 0.6513507175531023 0.18504951558999286 0.7156498521884058 
56 1 -0.8592641958998216 -1.0702595376783295 -1.0988135942613766 -1.2344754488292629 -1.2071047931015593 -1.1849138336972125 -1.0709246381491542 
57 -1 -0.5925959971722908 -0.34469609958067465 -0.2783422769567513 0.6763196233274718 0.6030791458477863 -0.0889431542674482 0.5616348099179265 
58 1 -0.7525969164088092 -0.5154169085448287 -0.6006702944692827 0.6028275051675973 0.4099928590265228 0.048053180661272336 -0.08522836761808657 
59 -1 0.1540749592647954 0.3381871362759416 0.24910356988193638 1.0192828414068857 0.19277078635260134 -0.0889431542674482 -0.20844040143447 
60 1 -1.1792660343728585 -0.8568585264731369 -0.805788123795439 0.1373774234883927 -0.7002532901957426 -0.4999321590536098 -0.8245005705163873 
61 -1 1.007413195192894 0.9783901698915194 0.9523646990001866 0.5783301324476392 0.723758075111076 1.1440238600910366 0.8696648944588851 
62 1 -0.37926143819026614 -0.13129508837548207 -0.24903972991015755 0.5538327597276811 -0.16926600143726778 -0.6369284939823303 -0.48566747752133277 
63 1 -0.8592641958998216 -0.43005650406275164 -0.6006702944692827 1.3867434322062577 0.5306717882898125 0.4590421854474339 0.037983666198296864 
64 1 -0.9659314753908339 -0.7714981219910598 -0.7471830297022515 -0.5485490126704351 -0.4106238599638472 0.5960385203761545 -0.42406146061314104 
65 -1 0.4207431579923262 0.6369485519632112 0.4835239462546865 0.6028275051675973 0.723758075111076 0.8700311902335955 0.654043835280214 
66 -1 1.0607468349384002 1.0210703721325578 1.1867850753729368 0.6763196233274718 0.6513507175531023 0.8700311902335955 0.7772558690965975 
67 1 -0.32592779844476 -0.08861488613444354 -0.1318295417237825 1.0437802141268437 0.48240021658449667 0.4590421854474339 0.13039269156058444 
68 1 -0.9125978356453277 -1.1556199421604065 -1.1281161413079703 -1.2099780761093049 -1.1829690072489014 -1.1849138336972125 -1.1941366719655375 
69 -1 2.5007551080670662 2.088075428158521 1.6849283751650306 1.4602355503661322 1.182338006311577 0.733034855304875 0.9312709113670768 
70 -1 0.36740951824682 0.2528267317938646 0.24910356988193638 0.23536691436822527 0.5306717882898125 0.4590421854474339 0.6848468437343099 
71 1 -0.9659314753908339 -1.0275793354372909 -1.040208500168189 -1.1854807033893466 -1.1588332213962433 -1.047917498768492 -1.10172764660325 
72 1 -0.8592641958998216 -0.9422189309552139 -1.0988135942613766 -1.1854807033893466 -1.1346974355435855 -1.1849138336972125 -1.10172764660325 
73 1 -0.8592641958998216 -1.0275793354372909 -1.040208500168189 -1.2344754488292629 -1.1588332213962433 -1.1849138336972125 -1.1325306550573457 
74 -1 0.4207431579923262 0.42354754075801865 0.4835239462546865 0.3333564052480578 0.4341286448791808 0.8700311902335955 0.4692257845556389 
75 1 -0.8592641958998216 -0.9848991331962523 -1.0695110472147829 -1.2344754488292629 -1.1588332213962433 -1.321910168625933 -1.1633336635114417 
76 1 -0.9125978356453277 -0.9422189309552139 -1.040208500168189 -1.2344754488292629 -1.1829690072489014 -1.1849138336972125 -1.0401216296950582 
77 1 -1.01926511513634 -1.0275793354372909 -1.0988135942613766 -1.2344754488292629 -1.1829690072489014 -1.1849138336972125 -1.10172764660325 
78 -1 1.5940832323934617 1.6612734057481355 1.4505079987922807 0.9702880959669694 1.1099306487536031 1.5550128648771981 1.4549220550867064 
79 -1 0.4207431579923262 0.46622774299905717 0.7472468696740303 0.16187479620835085 0.5065360024371546 0.733034855304875 0.6848468437343099 
80 1 -0.8059305561543154 -1.0275793354372909 -1.0695110472147829 -1.2344754488292629 -1.1829690072489014 -1.1849138336972125 -1.0401216296950582 
81 1 -0.8592641958998216 -1.112939739919368 -1.0988135942613766 -1.2344754488292629 -1.2071047931015593 -1.1849138336972125 -1.10172764660325 
82 1 -0.8059305561543154 -0.3873763018217132 -0.6299728415158764 0.9212933505270531 -0.16926600143726778 0.32204585051871343 -0.6088795113377162 
83 1 -0.8592641958998216 -1.0702595376783295 -1.0988135942613766 -1.2344754488292629 -1.2071047931015593 -1.1849138336972125 -1.10172764660325 
84 -1 -0.2192605189537477 0.03942572058867201 0.6300366814876552 0.5293353870077229 0.4582644307318387 0.5960385203761545 0.6232408268261183 
85 1 -0.8592641958998216 -1.112939739919368 -1.0988135942613766 -1.2344754488292629 -1.1829690072489014 -1.1849138336972125 -1.1325306550573457 
86 -1 0.1540749592647954 0.3808673385169801 0.24910356988193638 1.2887539413264253 0.7961654326690499 0.733034855304875 0.5924378183720224 
87 -1 0.4207431579923262 0.46622774299905717 0.4542213992080927 1.3622460594862995 1.3271527214275247 0.8700311902335955 0.9620739198211726 
88 1 -0.8059305561543154 -1.0275793354372909 -1.040208500168189 -1.2099780761093049 -1.1588332213962433 -1.1849138336972125 -1.0709246381491542 
89 -1 0.9007459157018816 0.7223089564452883 0.776549416720624 0.11288005076843459 0.4341286448791808 0.733034855304875 0.6232408268261183 
90 -1 0.5274104374833385 0.29550693403490313 0.42491885216149894 0.23536691436822527 0.24104235805791724 0.8700311902335955 0.4076197676474472 
91 1 -0.9125978356453277 -1.0702595376783295 -1.040208500168189 -1.2344754488292629 -1.1829690072489014 -1.1849138336972125 -1.1325306550573457 
92 -1 2.020752350357511 1.7893140124712512 1.890046204491187 0.7743091142073043 0.9651159336376555 1.6920091998059188 1.2084979874539394 
93 -1 2.3407541888305476 1.8319942147122896 1.8021385633514058 0.7008169960474299 0.9168443619323396 0.048053180661272336 1.2084979874539394 
94 1 -0.5392623574267846 -0.34469609958067465 -0.3076448240033451 0.6273248778875554 0.21690657220525927 -0.0889431542674482 0.007180657744201006 
95 1 -0.9125978356453277 -1.0702595376783295 -0.9816034060750015 -1.2344754488292629 -1.1829690072489014 -1.321910168625933 -1.0709246381491542 
96 1 -0.5925959971722908 -0.6434575152679443 -0.6299728415158764 -1.062993839789556 -1.1346974355435855 -0.9109211638397714 -1.0401216296950582 
97 -1 1.380748673411437 1.362511990060866 1.2453901694661242 0.6763196233274718 0.6030791458477863 1.281020195019757 1.2701040043621312 
98 1 -0.9125978356453277 -1.0275793354372909 -0.9816034060750015 -1.1609833306693886 -1.1588332213962433 -0.9109211638397714 -1.1325306550573457 
99 -1 0.2607422387558077 0.3808673385169801 0.7472468696740303 0.3823511506879741 0.6754865034057602 0.8700311902335955 0.9312709113670768 
100 1 -0.9125978356453277 -1.112939739919368 -1.040208500168189 -1.2099780761093049 -1.1346974355435855 -1.321910168625933 -1.0709246381491542 
101 1 -0.9659314753908339 -1.0702595376783295 -1.0695110472147829 -1.1854807033893466 -1.2071047931015593 -1.321910168625933 -1.0709246381491542 
102 1 -0.9125978356453277 -0.9422189309552139 -1.0109059531215954 -1.2344754488292629 -1.2071047931015593 -1.1849138336972125 -1.0709246381491542 
103 1 -0.6992632766633031 -0.47273670630379017 -0.6299728415158764 1.411240804926216 0.337585501468549 0.5960385203761545 -0.3316524352508535 
104 1 -0.8059305561543154 -1.0275793354372909 -1.0988135942613766 -1.2344754488292629 -1.1829690072489014 -1.1849138336972125 -1.1633336635114417 
105 1 -0.8592641958998216 -1.112939739919368 -1.0695110472147829 -1.2834701942691793 -1.2071047931015593 -1.1849138336972125 -1.1633336635114417 
106 1 -0.8592641958998216 -0.6434575152679443 -0.7178804826556577 0.45584326884784854 -0.2899449307005575 -0.22593948919616874 -0.7012885367000038 
107 1 -0.9125978356453277 -1.0275793354372909 -1.0695110472147829 -1.2099780761093049 -1.1588332213962433 -1.047917498768492 -1.10172764660325 
108 1 -0.8592641958998216 -0.9848991331962523 -1.0988135942613766 -1.2099780761093049 -1.1588332213962433 -1.1849138336972125 -1.1633336635114417 
109 -1 0.4207431579923262 0.3808673385169801 0.3956163051149052 0.1373774234883927 0.337585501468549 1.4180165299484777 0.4076197676474472 
110 -1 3.9407633811957323 3.3258012931486376 2.710517521795812 1.2152618231665508 1.134066434606261 1.5550128648771981 1.1776949789998437 
111 -1 0.5807440772288447 0.5942683497221727 0.4835239462546865 0.7498117414873462 0.5306717882898125 0.8700311902335955 0.34601375073925544 
112 1 -0.6992632766633031 -0.8568585264731369 -0.922998311981814 -1.1364859579494304 -1.1829690072489014 -1.047917498768492 -1.0709246381491542 
113 -1 -0.005925959971723075 0.08210592282971052 0.014683193509186294 0.9212933505270531 0.6030791458477863 0.5960385203761545 0.222801716922872 
114 1 -0.7525969164088092 -0.8995387287141754 -1.0695110472147829 -1.2099780761093049 -1.1829690072489014 -1.047917498768492 -1.0401216296950582 
115 -1 0.1540749592647954 0.3808673385169801 0.3077086639751239 0.28436165980814154 0.6754865034057602 1.4180165299484777 0.6232408268261183 
116 1 -0.6992632766633031 -0.7288179197500213 -0.8643932178886266 -1.1364859579494304 -1.1346974355435855 -0.9109211638397714 -1.1325306550573457 
117 -1 1.1674141144294123 0.8930297654094423 1.0988774342331555 0.5783301324476392 0.747893860963734 0.8700311902335955 1.1468919705457479 
118 -1 1.1140804746839061 1.277151585578789 1.4505079987922807 0.43134589612789037 0.6754865034057602 2.1029982045920805 0.9620739198211726 
119 -1 -0.5925959971722908 -0.08861488613444354 -0.16113208877037627 1.2152618231665508 0.6513507175531023 0.4590421854474339 0.19199870846877617 
120 -1 1.1140804746839061 1.0637505743735964 1.2160876224195305 0.7498117414873462 1.2547453638695507 0.8700311902335955 1.2701040043621312 
121 1 -0.5392623574267846 -0.08861488613444354 -0.19043463581697004 1.0927749595667602 0.5306717882898125 -0.0889431542674482 -0.05442535916399071 
122 -1 -0.05925959971722923 0.16746632731178757 0.10259083464896758 1.1417697050066764 0.6996222892584182 0.5960385203761545 0.5616348099179265 
123 1 -0.8592641958998216 -1.0275793354372909 -1.0695110472147829 -1.1854807033893466 -1.1829690072489014 -1.047917498768492 -1.1325306550573457 
124 1 -0.8592641958998216 -1.0275793354372909 -1.040208500168189 -1.2344754488292629 -1.1829690072489014 -1.1849138336972125 -1.1325306550573457 
125 -1 0.4207431579923262 0.42354754075801865 0.3663137580683114 0.43134589612789037 0.6030791458477863 1.281020195019757 0.7156498521884058 
126 1 -0.9125978356453277 -0.6861377175089828 -0.7471830297022515 0.9947854686869275 0.02382028538399575 -0.3629358241248893 -0.6088795113377162 
127 -1 0.20740859901030156 0.46622774299905717 0.4542213992080927 0.9457907232470113 0.6513507175531023 0.4590421854474339 0.4692257845556389 
128 1 -0.8592641958998216 -1.0702595376783295 -1.040208500168189 -1.2344754488292629 -1.2071047931015593 -1.1849138336972125 -1.0709246381491542 
129 -1 1.75408415162998 1.6185932035070971 1.5677181869786556 0.8722986050871369 1.4478316506908144 0.8700311902335955 1.57813408890309 
130 1 -0.7525969164088092 -1.0275793354372909 -1.0695110472147829 -1.2344754488292629 -1.1829690072489014 -1.1849138336972125 -1.10172764660325 
131 1 -0.8592641958998216 -0.47273670630379017 -0.6006702944692827 1.0192828414068857 -0.0003155004686621942 -0.3629358241248893 -0.27004641834266174 
132 1 -0.9659314753908339 -1.0275793354372909 -1.0695110472147829 -1.2344754488292629 -1.1829690072489014 -1.321910168625933 -1.0093186212409624 
133 -1 0.5274104374833385 0.21014652955282606 0.3956163051149052 0.23536691436822527 0.02382028538399575 0.32204585051871343 0.037983666198296864 
134 -1 -0.27259415869925385 0.16746632731178757 0.043985740555780056 1.8031987684455462 0.5065360024371546 0.32204585051871343 0.13039269156058444 
135 1 -0.9659314753908339 -1.112939739919368 -1.0988135942613766 -1.2344754488292629 -1.2071047931015593 -1.1849138336972125 -1.10172764660325 
136 -1 0.5274104374833385 0.5515881474811342 0.4835239462546865 0.21086954164826713 0.4582644307318387 1.1440238600910366 0.5616348099179265 
137 -1 0.1540749592647954 0.3381871362759416 0.3077086639751239 0.8722986050871369 0.4099928590265228 0.8700311902335955 0.3152107422851596 
138 -1 0.20740859901030156 0.6369485519632112 0.33701121102171766 0.9702880959669694 1.544374794101446 1.281020195019757 0.9312709113670768 
139 1 -0.8059305561543154 -1.112939739919368 -1.040208500168189 -1.2834701942691793 -1.1829690072489014 -1.4589065035546536 -1.1325306550573457 
140 1 -0.9125978356453277 -1.1556199421604065 -1.0695110472147829 -1.2099780761093049 -1.2312405789542173 -1.1849138336972125 -1.1633336635114417 
141 -1 0.7407449964653631 0.9783901698915194 1.2160876224195305 0.48034064156780665 0.747893860963734 0.733034855304875 0.8696648944588851 
142 1 -0.9125978356453277 -0.9848991331962523 -1.040208500168189 -1.2099780761093049 -1.1588332213962433 -1.321910168625933 -1.0401216296950582 
143 -1 1.0607468349384002 0.9357099676504809 0.9523646990001866 0.5048380142877648 0.6272149317004443 0.5960385203761545 0.8696648944588851 
144 -1 -0.32592779844476 -0.04593468389340502 0.07328828760237381 0.6273248778875554 0.5065360024371546 0.8700311902335955 0.37681675919335134 
145 1 0.04740767977378308 0.03942572058867201 -0.19043463581697004 -0.6710358762702258 -1.0381542921329536 -1.1849138336972125 -0.9477126043327706 
146 -1 -0.005925959971723075 0.16746632731178757 0.13189338169556133 0.8722986050871369 0.8203012185217078 0.733034855304875 0.5616348099179265 
147 1 -0.9125978356453277 -1.0275793354372909 -1.0109059531215954 -1.2344754488292629 -1.2312405789542173 -1.1849138336972125 -1.1633336635114417 
148 -1 0.7407449964653631 1.0637505743735964 1.157482528326343 1.411240804926216 1.2306095780168929 0.18504951558999286 1.331710021270323 
149 -1 0.6340777169743508 0.6369485519632112 0.7179443226274366 0.21086954164826713 0.5065360024371546 1.8290055347346392 0.654043835280214 
150 -1 0.5274104374833385 0.5089079452400956 0.5714315873944678 0.43134589612789037 1.0375232911956294 0.733034855304875 1.2701040043621312 
151 1 -0.7525969164088092 -0.47273670630379017 -0.4541575592363139 0.3088590325280997 -0.24167335899524162 -0.9109211638397714 -0.5472734944295244 
152 -1 0.20740859901030156 0.46622774299905717 0.3663137580683114 1.0437802141268437 0.9409801477849975 0.8700311902335955 0.8696648944588851 
153 1 -0.7525969164088092 -1.112939739919368 -1.0988135942613766 -1.2344754488292629 -1.2071047931015593 -1.321910168625933 -1.1633336635114417 
154 1 -0.9659314753908339 -1.198300144401445 -1.157418688354564 -1.258972821549221 -1.1829690072489014 -1.1849138336972125 -1.10172764660325 
155 1 -1.01926511513634 -1.112939739919368 -1.0988135942613766 -1.2099780761093049 -1.2071047931015593 -1.1849138336972125 -1.10172764660325 
156 -1 0.47407679773783235 0.5089079452400956 0.8937596049069991 0.40684852340793226 0.4582644307318387 0.8700311902335955 0.6232408268261183 
157 -1 -0.05925959971722923 0.12478612507074904 0.13189338169556133 0.7498117414873462 0.9168443619323396 0.4590421854474339 0.654043835280214 
158 1 -0.8592641958998216 -0.9422189309552139 -0.9816034060750015 -1.1854807033893466 -1.1829690072489014 -1.047917498768492 -1.10172764660325 
159 1 -0.9125978356453277 -1.0275793354372909 -1.040208500168189 -1.2099780761093049 -1.2071047931015593 -1.1849138336972125 -1.1633336635114417 
160 -1 0.10074131951928923 0.21014652955282606 0.2784061169285301 0.06388530532851831 0.19277078635260134 0.5960385203761545 -0.11603137607218243 
161 -1 0.9007459157018816 0.8503495631684038 0.9230621519535929 0.23536691436822527 0.2893139297632331 1.9660018696633599 0.5000287930097348 
162 -1 -0.11259323946273539 0.08210592282971052 0.014683193509186294 0.9947854686869275 0.5789433599951285 0.8700311902335955 0.2536047253769679 
163 -1 0.9540795554473878 1.0210703721325578 1.2160876224195305 0.3823511506879741 0.723758075111076 1.5550128648771981 0.7156498521884058 
164 -1 0.10074131951928923 0.03942572058867201 0.10259083464896758 0.3333564052480578 0.12036342879462751 1.007027525162316 0.007180657744201006 
165 1 -0.7525969164088092 -1.112939739919368 -1.0695110472147829 -1.2099780761093049 -1.2071047931015593 -1.1849138336972125 -1.1325306550573457 
166 -1 3.9407633811957323 3.1977606864255224 2.622609880656031 1.1907644504465926 1.0133875053429713 1.9660018696633599 1.1776949789998437 
167 -1 0.8474122759563755 0.9783901698915194 0.8937596049069991 0.40684852340793226 1.0616590770482872 1.1440238600910366 1.4241190466326106 
168 -1 2.2874205490850414 2.216116034881636 2.1537691279105307 1.1172723322867182 1.568510579954104 1.007027525162316 1.8861641734440484 
169 -1 0.9540795554473878 1.0637505743735964 1.5677181869786556 0.8478012323671787 2.4856704423551057 -0.3629358241248893 2.9334664608833076 
170 -1 0.31407587850131385 0.42354754075801865 0.24910356988193638 0.21086954164826713 0.5306717882898125 0.4590421854474339 0.654043835280214 
171 -1 1.5940832323934617 1.3198317878198276 1.274692716512718 0.5293353870077229 1.158202220458919 1.007027525162316 1.4241190466326106 
172 1 -0.8592641958998216 -1.0702595376783295 -1.0109059531215954 -1.1854807033893466 -1.1829690072489014 -1.321910168625933 -1.10172764660325 
173 1 -0.9125978356453277 -1.0275793354372909 -1.0109059531215954 -1.1854807033893466 -1.1346974355435855 -1.1849138336972125 -1.10172764660325 
174 -1 0.6340777169743508 0.5942683497221727 0.6886417755808428 0.8233038596472205 0.6513507175531023 0.4590421854474339 0.34601375073925544 
175 1 1.380748673411437 1.4905525967839817 1.6849283751650306 0.6028275051675973 1.954683153596631 -0.7739248289110509 2.1017852326227193 
176 1 -0.8059305561543154 -0.9422189309552139 -1.0695110472147829 -1.1364859579494304 -1.1829690072489014 -1.047917498768492 -1.0709246381491542 
177 1 -0.9125978356453277 -0.6861377175089828 -0.805788123795439 0.1373774234883927 -0.48303121752182104 1.007027525162316 -0.7628945536081955 
178 1 -0.9125978356453277 -1.0275793354372909 -1.040208500168189 -1.2099780761093049 -1.2071047931015593 -1.1849138336972125 -1.0709246381491542 
179 -1 0.9007459157018816 0.7649891586863268 0.8351545108138115 0.21086954164826713 0.48240021658449667 0.733034855304875 0.7156498521884058 
180 1 -1.01926511513634 -1.198300144401445 -1.0695110472147829 -1.2344754488292629 -1.1829690072489014 -1.1849138336972125 -1.1633336635114417 
181 -1 2.2874205490850414 2.088075428158521 1.9779538456309682 1.6807119048457553 2.2201767979758684 1.1440238600910366 1.9785731988063358 
182 1 -0.9659314753908339 -1.0702595376783295 -1.1281161413079703 -1.1854807033893466 -1.1829690072489014 -1.1849138336972125 -1.0401216296950582 
183 1 -0.8059305561543154 -1.0275793354372909 -1.040208500168189 -1.258972821549221 -1.1829690072489014 -1.1849138336972125 -1.0709246381491542 
184 -1 0.04740767977378308 0.29550693403490313 0.42491885216149894 -0.2055857945910212 -0.19340178728992574 1.8290055347346392 0.007180657744201006 
185 -1 0.9007459157018816 0.8503495631684038 0.8351545108138115 0.725314368767388 0.7961654326690499 1.5550128648771981 0.9620739198211726 
186 1 -0.9659314753908339 -0.6434575152679443 -0.7471830297022515 0.5048380142877648 0.02382028538399575 -0.0889431542674482 -0.6088795113377162 
187 -1 1.2740813939204247 1.2344713833377505 1.3039952635593117 0.9947854686869275 1.6409179375120777 1.1440238600910366 1.732149131173569 
188 -1 0.31407587850131385 0.42354754075801865 0.4542213992080927 1.264256568606467 1.0133875053429713 -0.22593948919616874 0.9928769282752685 
189 1 -0.9125978356453277 -1.1556199421604065 -1.0695110472147829 -1.258972821549221 -1.2312405789542173 -1.1849138336972125 -1.1633336635114417 
190 -1 0.4207431579923262 0.42354754075801865 0.6007341344410615 0.23536691436822527 0.36172128732120695 1.1440238600910366 0.34601375073925544 
191 1 -0.9125978356453277 -1.0275793354372909 -1.0109059531215954 -1.2344754488292629 -1.1829690072489014 -1.1849138336972125 -1.10172764660325 
192 -1 -0.43259507793577234 -0.2593356950985976 -0.3369473710499388 1.1417697050066764 0.6754865034057602 0.8700311902335955 0.19199870846877617 
193 1 -0.9659314753908339 -1.0702595376783295 -1.040208500168189 -1.1854807033893466 -1.1588332213962433 -1.1849138336972125 -1.1633336635114417 
194 1 -0.7525969164088092 -0.6434575152679443 -0.6592753885624701 -0.8915122307498491 -0.7243890760484004 0.4590421854474339 -0.7628945536081955 
195 1 -0.43259507793577234 -0.5154169085448287 -0.6592753885624701 -1.0139990943496398 -1.1105616496909276 -0.9109211638397714 -1.0093186212409624 
196 1 -0.8059305561543154 -1.112939739919368 -1.0109059531215954 -1.2099780761093049 -1.1829690072489014 -1.321910168625933 -1.1325306550573457 
197 -1 0.31407587850131385 0.42354754075801865 0.2784061169285301 0.6028275051675973 0.4099928590265228 1.4180165299484777 0.4076197676474472 
198 1 -0.9659314753908339 -1.0275793354372909 -1.0988135942613766 -1.258972821549221 -1.2071047931015593 -1.1849138336972125 -1.0709246381491542 
199 1 0.9540795554473878 0.9783901698915194 1.010969793093374 0.3088590325280997 1.3030169355748666 0.8700311902335955 1.331710021270323 
200 -1 1.007413195192894 1.2344713833377505 1.2453901694661242 0.725314368767388 0.9651159336376555 0.8700311902335955 1.1776949789998437 
201 -1 0.7407449964653631 0.5515881474811342 0.5128264933012803 0.48034064156780665 0.6030791458477863 1.1440238600910366 0.5308318014638306 
202 -1 0.687411356719857 0.6796287542042497 0.8937596049069991 0.43134589612789037 0.9892517194903134 1.007027525162316 1.3933160381785148 
203 1 -0.9659314753908339 -1.112939739919368 -1.1867212354011578 -1.2834701942691793 -1.2071047931015593 -1.1849138336972125 -1.1633336635114417 
204 -1 1.007413195192894 0.9783901698915194 1.0695748871865616 0.23536691436822527 0.5306717882898125 2.1029982045920805 0.7464528606425016 
205 -1 0.6340777169743508 0.8076693609273653 0.8937596049069991 0.21086954164826713 0.02382028538399575 1.281020195019757 0.13039269156058444 
206 1 -0.6992632766633031 -1.0275793354372909 -1.040208500168189 -1.1854807033893466 -1.1588332213962433 -1.047917498768492 -1.0709246381491542 
207 1 -0.9125978356453277 -1.0702595376783295 -1.1281161413079703 -1.258972821549221 -1.1588332213962433 -1.1849138336972125 -1.1941366719655375 
208 -1 1.2207477541749185 1.4905525967839817 1.391902904699093 1.2152618231665508 1.6409179375120777 0.32204585051871343 1.8553611649899526 
209 1 -0.6459296369177969 -0.8568585264731369 -0.8936957649352203 -1.1364859579494304 -1.1588332213962433 -1.1849138336972125 -1.0709246381491542 
210 -1 1.0607468349384002 1.191791181096712 1.0988774342331555 0.7988064869272624 0.9168443619323396 0.733034855304875 1.2701040043621312 
211 1 -1.01926511513634 -1.0275793354372909 -1.0109059531215954 -1.2344754488292629 -1.1346974355435855 -1.1849138336972125 -1.10172764660325 
212 1 -0.8592641958998216 -0.43005650406275164 -0.5713677474226889 1.3622460594862995 0.1686350004999434 0.32204585051871343 -0.3316524352508535 
213 -1 -0.27259415869925385 0.12478612507074904 0.043985740555780056 0.9702880959669694 0.38585707317386486 0.32204585051871343 0.19199870846877617 
214 1 -0.8059305561543154 -0.7288179197500213 -0.9523008590284078 -1.1609833306693886 -1.1105616496909276 -0.9109211638397714 -1.10172764660325 
215 -1 0.2607422387558077 0.16746632731178757 0.10259083464896758 0.43134589612789037 0.4582644307318387 1.007027525162316 0.37681675919335134 
216 -1 3.780762461959214 2.8989992707382526 2.4174920513298748 1.6562145321257973 1.1099306487536031 0.32204585051871343 0.9620739198211726 
217 1 -0.9659314753908339 -1.112939739919368 -1.1281161413079703 -1.258972821549221 -1.2071047931015593 -1.321910168625933 -1.10172764660325 
218 -1 1.700750511884474 1.6612734057481355 1.8607436574445932 0.725314368767388 1.1099306487536031 1.8290055347346392 1.57813408890309 
219 -1 0.5807440772288447 0.6796287542042497 1.157482528326343 0.9457907232470113 0.8444370043743658 0.733034855304875 0.37681675919335134 
220 1 -0.9659314753908339 -1.198300144401445 -1.157418688354564 -1.2344754488292629 -1.1829690072489014 -1.1849138336972125 -1.0709246381491542 
221 1 0.6340777169743508 0.5942683497221727 0.7472468696740303 0.25986428708818343 0.5065360024371546 0.733034855304875 0.7772558690965975 
222 -1 0.36740951824682 0.6796287542042497 0.6300366814876552 0.8478012323671787 0.723758075111076 0.8700311902335955 0.7772558690965975 
223 1 -1.01926511513634 -1.0275793354372909 -1.0988135942613766 -1.1854807033893466 -1.1829690072489014 -1.1849138336972125 -1.10172764660325 
224 1 -0.9659314753908339 -0.9422189309552139 -1.0109059531215954 -1.2099780761093049 -1.1829690072489014 -1.047917498768492 -1.0709246381491542 
225 1 -0.8059305561543154 -1.112939739919368 -1.040208500168189 -1.2099780761093049 -1.2071047931015593 -1.1849138336972125 -1.10172764660325 
226 -1 1.380748673411437 1.3198317878198276 2.095164033817343 0.9702880959669694 1.5202390082487882 1.007027525162316 1.762952139627665 
227 -1 -0.11259323946273539 0.12478612507074904 0.3663137580683114 0.5783301324476392 0.6754865034057602 0.4590421854474339 0.6848468437343099 
228 1 -0.4859287176812785 -0.08861488613444354 -0.1318295417237825 1.068277586846802 0.36172128732120695 0.5960385203761545 -0.02362235070989485 
229 -1 0.7940786362108693 0.8076693609273653 0.6886417755808428 0.3823511506879741 0.772029646816392 1.8290055347346392 1.0236799367293643 
230 1 -0.8592641958998216 -1.0702595376783295 -1.0695110472147829 -1.2344754488292629 -1.1829690072489014 -1.1849138336972125 -1.10172764660325 
231 1 -0.9125978356453277 -1.0275793354372909 -1.1281161413079703 -1.2099780761093049 -1.2071047931015593 -1.1849138336972125 -1.10172764660325 
232 -1 5.114103455596868 4.264765742451485 3.5895939331936253 1.411240804926216 1.0133875053429713 1.007027525162316 1.3009070128162272 
233 -1 0.9540795554473878 1.1064307766146348 1.2453901694661242 0.8233038596472205 1.3271527214275247 0.8700311902335955 1.085285953637556 
234 -1 1.700750511884474 1.53323279902502 1.5677181869786556 0.7008169960474299 0.6754865034057602 1.4180165299484777 0.8388618860047892 
235 1 -0.9125978356453277 -0.8568585264731369 -0.8936957649352203 -1.038496467069598 -1.1105616496909276 -0.9109211638397714 -1.10172764660325 
236 1 -0.8592641958998216 -0.9848991331962523 -1.0695110472147829 -1.2099780761093049 -1.1588332213962433 -1.321910168625933 -1.1325306550573457 
237 1 -1.0725987548818463 -1.112939739919368 -1.0988135942613766 -1.2344754488292629 -1.1588332213962433 -1.1849138336972125 -1.1633336635114417 
238 -1 1.1674141144294123 1.1491109788556735 1.010969793093374 0.7988064869272624 0.6996222892584182 0.8700311902335955 0.8696648944588851 
239 1 -0.8059305561543154 -1.0275793354372909 -1.0695110472147829 -1.2344754488292629 -1.1588332213962433 -1.1849138336972125 -1.0401216296950582 
240 -1 0.4207431579923262 0.46622774299905717 0.5128264933012803 0.3088590325280997 0.6996222892584182 0.048053180661272336 0.8388618860047892 
241 1 -1.01926511513634 -1.0275793354372909 -1.0109059531215954 -1.2099780761093049 -1.1829690072489014 -1.1849138336972125 -1.1325306550573457 
242 1 -0.8592641958998216 -0.8141783242320983 -1.0109059531215954 -1.1364859579494304 -1.1588332213962433 -0.4999321590536098 -1.0401216296950582 
243 1 -0.5392623574267846 -0.04593468389340502 -0.19043463581697004 1.3132513140463833 0.5789433599951285 0.32204585051871343 0.06878667465239273 
244 1 -0.8059305561543154 -0.8141783242320983 -0.922998311981814 -1.038496467069598 -1.0864258638382696 0.5960385203761545 -1.0093186212409624 
245 -1 1.007413195192894 0.9357099676504809 1.010969793093374 0.48034064156780665 0.8444370043743658 1.1440238600910366 1.085285953637556 
246 1 -0.8592641958998216 -0.5580971107858672 -0.7764855767488452 1.2887539413264253 0.21690657220525927 -0.22593948919616874 -0.3624554437049493 
247 1 -0.8059305561543154 -0.9848991331962523 -1.0695110472147829 -1.2099780761093049 -1.1588332213962433 -1.1849138336972125 -1.10172764660325 
248 1 -0.8592641958998216 -0.9848991331962523 -1.0109059531215954 -1.2099780761093049 -1.1829690072489014 -1.1849138336972125 -1.0093186212409624 
249 -1 0.687411356719857 0.7223089564452883 0.6007341344410615 0.43134589612789037 0.723758075111076 0.733034855304875 0.9620739198211726 
250 1 -0.8592641958998216 -0.9848991331962523 -1.0695110472147829 -1.1609833306693886 -1.1829690072489014 -0.9109211638397714 -1.10172764660325 
251 1 -0.9125978356453277 -1.0702595376783295 -1.0695110472147829 -1.2344754488292629 -1.1829690072489014 -1.1849138336972125 -1.1325306550573457 
252 1 -1.1259323946273523 -1.0702595376783295 -0.922998311981814 -0.8670148580298909 -0.7726606477537163 -1.1849138336972125 -0.9169095958786748 
253 1 -1.01926511513634 -0.8995387287141754 -0.9523008590284078 -1.1854807033893466 -1.1829690072489014 -0.7739248289110509 -1.0709246381491542 
254 -1 1.9140850708664985 1.5759130012660585 1.5384156399320619 0.725314368767388 1.158202220458919 1.1440238600910366 1.3009070128162272 
255 -1 0.1540749592647954 0.6369485519632112 0.6007341344410615 1.1907644504465926 1.134066434606261 0.5960385203761545 1.1468919705457479 
256 1 -0.9125978356453277 -1.112939739919368 -1.040208500168189 -1.2344754488292629 -1.2071047931015593 -1.1849138336972125 -1.0401216296950582 
257 -1 0.9007459157018816 1.0637505743735964 1.157482528326343 0.357853777968016 0.6272149317004443 1.9660018696633599 0.900467902912981 
258 -1 0.687411356719857 0.7223089564452883 0.9523646990001866 0.186372168928309 0.9409801477849975 1.281020195019757 1.1776949789998437 
259 -1 0.1540749592647954 0.7649891586863268 0.8937596049069991 0.9212933505270531 0.38585707317386486 -0.0889431542674482 0.28440773383106377 
260 1 -0.7525969164088092 -1.0702595376783295 -1.0109059531215954 -1.2344754488292629 -1.1588332213962433 -1.321910168625933 -1.1325306550573457 
261 -1 -0.5392623574267846 -0.04593468389340502 -0.10252699467718875 1.4602355503661322 0.7961654326690499 -0.0889431542674482 0.3152107422851596 
262 -1 0.36740951824682 0.5089079452400956 0.42491885216149894 0.48034064156780665 0.2893139297632331 0.733034855304875 0.34601375073925544 
263 1 -0.8592641958998216 -1.0275793354372909 -1.0695110472147829 -1.2344754488292629 -1.2071047931015593 -1.321910168625933 -1.1325306550573457 
264 1 0.47407679773783235 0.3381871362759416 0.24910356988193638 -0.18108842187106305 1.4478316506908144 0.32204585051871343 1.5165280719948981 
265 1 0.5274104374833385 0.16746632731178757 0.07328828760237381 -0.4995542672305188 -0.5795743609324528 0.32204585051871343 -0.6704855282459079 
266 -1 1.2207477541749185 1.191791181096712 1.157482528326343 0.6273248778875554 0.8203012185217078 0.733034855304875 0.900467902912981 
267 1 -0.8592641958998216 -0.9422189309552139 -0.8936957649352203 -1.1119885852294722 -1.0381542921329536 -0.9109211638397714 -1.0709246381491542 
268 -1 0.10074131951928923 0.5089079452400956 0.3077086639751239 1.607219786685881 1.0375232911956294 0.8700311902335955 0.5616348099179265 
269 -1 0.04740767977378308 0.12478612507074904 0.13189338169556133 0.3333564052480578 0.48240021658449667 0.5960385203761545 0.4076197676474472 
270 1 -1.01926511513634 -1.0702595376783295 -1.0109059531215954 -1.258972821549221 -1.2312405789542173 -1.1849138336972125 -1.0709246381491542 
271 1 -0.05925959971722923 0.2528267317938646 0.2784061169285301 1.2397591958865088 0.6996222892584182 0.5960385203761545 0.4692257845556389 
272 -1 0.7407449964653631 0.7223089564452883 1.3626003576524992 0.7988064869272624 1.4961032223961301 1.007027525162316 1.7013461227194733 
273 1 -0.9125978356453277 -1.0702595376783295 -1.040208500168189 -1.2099780761093049 -1.2071047931015593 -1.1849138336972125 -1.10172764660325 
274 1 -0.9659314753908339 -0.6007773130269057 -0.6299728415158764 1.068277586846802 0.24104235805791724 0.733034855304875 -0.3008494267967576 
275 1 -1.01926511513634 -1.0702595376783295 -1.1281161413079703 -1.258972821549221 -1.2071047931015593 -1.1849138336972125 -1.1325306550573457 
276 -1 -0.05925959971722923 0.21014652955282606 0.33701121102171766 0.40684852340793226 0.07209185708931164 0.8700311902335955 0.037983666198296864 
277 1 -0.9659314753908339 -1.112939739919368 -1.040208500168189 -1.258972821549221 -1.2071047931015593 -1.1849138336972125 -1.1633336635114417 
278 -1 0.6340777169743508 0.6369485519632112 0.7472468696740303 0.40684852340793226 0.12036342879462751 0.32204585051871343 0.037983666198296864 
279 -1 0.5274104374833385 0.7649891586863268 0.659339228534249 0.8233038596472205 0.723758075111076 1.8290055347346392 0.3152107422851596 
280 1 -0.4859287176812785 -0.47273670630379017 -0.5420652003760952 -0.8670148580298909 -1.0140185062802958 0.8700311902335955 -0.9477126043327706 
281 -1 0.2607422387558077 0.42354754075801865 0.7472468696740303 0.3333564052480578 0.7961654326690499 0.32204585051871343 1.0236799367293643 
282 -1 0.31407587850131385 0.42354754075801865 0.5714315873944678 0.5293353870077229 0.5548075741424705 0.8700311902335955 0.5616348099179265 
283 1 -0.9125978356453277 -1.112939739919368 -1.0695110472147829 -1.2344754488292629 -1.1829690072489014 -1.1849138336972125 -1.10172764660325 
284 -1 0.7407449964653631 0.9783901698915194 1.0695748871865616 1.1417697050066764 0.38585707317386486 0.5960385203761545 0.222801716922872 
285 1 -0.8592641958998216 -1.0702595376783295 -1.1281161413079703 -1.2099780761093049 -1.1829690072489014 -1.1849138336972125 -1.1325306550573457 
286 1 -0.16592687920824153 -0.04593468389340502 -0.04392190058400123 -0.524051639950477 -0.09685864387929397 -1.1849138336972125 0.222801716922872 
287 -1 0.20740859901030156 0.7223089564452883 0.5128264933012803 0.9212933505270531 0.9651159336376555 0.8700311902335955 0.4076197676474472 
288 -1 1.0607468349384002 1.0210703721325578 0.9230621519535929 0.7743091142073043 1.182338006311577 0.733034855304875 1.2393009959080354 
289 1 -0.9659314753908339 -1.0275793354372909 -1.1281161413079703 -1.2344754488292629 -1.2071047931015593 -1.1849138336972125 -1.10172764660325 
290 -1 2.2340869093395357 2.1307556303995594 1.9486512985843745 1.2887539413264253 1.8340042243333412 0.8700311902335955 1.9785731988063358 
291 -1 0.6340777169743508 0.8076693609273653 0.8644570578604054 0.9212933505270531 1.3030169355748666 0.733034855304875 0.900467902912981 
292 1 -0.8059305561543154 -1.0275793354372909 -1.1281161413079703 -1.2344754488292629 -1.2071047931015593 -1.1849138336972125 -1.1633336635114417 
293 -1 0.2607422387558077 0.29550693403490313 0.2198010228353426 1.5582250412459646 0.723758075111076 1.007027525162316 0.19199870846877617 
294 1 -0.6459296369177969 -0.8568585264731369 -0.922998311981814 -1.1119885852294722 -1.1346974355435855 -1.047917498768492 -1.10172764660325 
295 1 -0.9659314753908339 -1.0702595376783295 -1.0695110472147829 -1.2344754488292629 -1.1829690072489014 -1.321910168625933 -1.10172764660325 
296 1 -0.9125978356453277 -1.1556199421604065 -1.0695110472147829 -1.2344754488292629 -1.2071047931015593 -1.321910168625933 -1.1325306550573457 
297 -1 1.5940832323934617 1.447872394542943 0.659339228534249 0.43134589612789037 1.2547453638695507 1.5550128648771981 1.57813408890309 
298 -1 0.04740767977378308 0.21014652955282606 0.3077086639751239 0.23536691436822527 0.5548075741424705 1.1440238600910366 0.6848468437343099 
299 -1 1.2207477541749185 0.8930297654094423 0.8937596049069991 0.3333564052480578 0.747893860963734 1.007027525162316 0.8696648944588851 
300 -1 -0.005925959971723075 0.3808673385169801 0.24910356988193638 0.48034064156780665 0.9168443619323396 0.8700311902335955 0.7464528606425016 
301 -1 -0.32592779844476 0.08210592282971052 -0.04392190058400123 0.9947854686869275 0.9168443619323396 0.733034855304875 0.28440773383106377 
302 1 -0.8059305561543154 -1.198300144401445 -1.0988135942613766 -1.2344754488292629 -1.2071047931015593 -1.1849138336972125 -1.1325306550573457 
303 -1 0.687411356719857 0.6369485519632112 0.7472468696740303 0.08838267804847645 0.2893139297632331 0.8700311902335955 0.43842277610154307 
304 -1 1.1674141144294123 1.2344713833377505 1.3626003576524992 0.45584326884784854 0.6996222892584182 0.8700311902335955 0.8696648944588851 
305 -1 0.9007459157018816 0.8076693609273653 0.8937596049069991 0.28436165980814154 0.5065360024371546 0.32204585051871343 0.6848468437343099 
306 -1 0.4207431579923262 0.5089079452400956 0.8058519637672178 0.6273248778875554 0.9409801477849975 0.733034855304875 0.8696648944588851 
307 -1 0.36740951824682 0.5515881474811342 0.3956163051149052 1.2397591958865088 1.2547453638695507 -0.0889431542674482 0.9312709113670768 
308 -1 0.36740951824682 0.6369485519632112 0.6007341344410615 1.068277586846802 1.0133875053429713 0.8700311902335955 0.5924378183720224 
309 1 -0.8592641958998216 -1.0702595376783295 -1.0695110472147829 -1.2344754488292629 -1.2071047931015593 -1.1849138336972125 -1.0709246381491542 
310 1 -0.9659314753908339 -1.1556199421604065 -1.0695110472147829 -1.2344754488292629 -1.1829690072489014 -1.1849138336972125 -1.10172764660325 
311 1 -0.8059305561543154 -1.0275793354372909 -0.9816034060750015 -1.2099780761093049 -1.1829690072489014 -1.1849138336972125 -1.0709246381491542 
312 -1 0.36740951824682 0.5515881474811342 0.5714315873944678 0.21086954164826713 0.337585501468549 1.1440238600910366 0.5308318014638306 
313 -1 1.5407495926479555 1.5759130012660585 1.4505079987922807 0.7988064869272624 1.158202220458919 0.8700311902335955 1.3009070128162272 
314 1 -0.8592641958998216 -1.0702595376783295 -1.0109059531215954 -1.2099780761093049 -1.1829690072489014 -1.1849138336972125 -1.10172764660325 
315 1 -0.8592641958998216 -0.34469609958067465 -0.3369473710499388 1.0192828414068857 0.6513507175531023 0.32204585051871343 0.13039269156058444 
316 1 -0.9659314753908339 -1.112939739919368 -1.040208500168189 -1.2099780761093049 -1.2071047931015593 -1.1849138336972125 -1.10172764660325 
317 1 -0.5925959971722908 -0.8568585264731369 -0.8936957649352203 -0.9895017216296816 -0.6761175043430846 -0.7739248289110509 -0.6088795113377162 
318 -1 -0.2192605189537477 -0.04593468389340502 -0.014619353537407466 0.725314368767388 0.4099928590265228 -0.0889431542674482 0.43842277610154307 
319 1 -0.8059305561543154 -0.5580971107858672 -0.7471830297022515 0.8478012323671787 -0.024451286321320136 -0.0889431542674482 -0.5780765028836203 
320 -1 0.2607422387558077 0.3381871362759416 0.33701121102171766 0.8478012323671787 0.723758075111076 1.1440238600910366 0.6232408268261183 
321 -1 0.9007459157018816 0.9357099676504809 0.8937596049069991 0.40684852340793226 1.182338006311577 0.733034855304875 1.2701040043621312 
322 -1 0.687411356719857 0.6796287542042497 0.7179443226274366 0.43134589612789037 0.5306717882898125 0.4590421854474339 0.4692257845556389 
323 -1 0.5274104374833385 0.7649891586863268 0.8644570578604054 1.1662670777266344 0.9168443619323396 1.007027525162316 0.7772558690965975 
324 1 -0.6459296369177969 -0.6434575152679443 -0.8350906708420328 -1.0874912125095142 -1.1588332213962433 -1.047917498768492 -1.0709246381491542 
325 -1 1.327415033665931 1.3198317878198276 1.421205451745687 0.9457907232470113 1.0133875053429713 0.8700311902335955 1.2084979874539394 
326 1 0.1540749592647954 0.3381871362759416 0.2784061169285301 0.6518222506075136 0.4099928590265228 0.733034855304875 0.13039269156058444 
327 -1 -0.05925959971722923 0.03942572058867201 0.07328828760237381 0.9947854686869275 0.6996222892584182 0.5960385203761545 0.2536047253769679 
328 -1 0.7940786362108693 0.7223089564452883 0.7472468696740303 0.16187479620835085 0.4341286448791808 1.5550128648771981 0.7156498521884058 
329 -1 1.5407495926479555 1.4051921923019046 1.421205451745687 0.5783301324476392 0.9651159336376555 1.281020195019757 0.900467902912981 
330 -1 1.4340823131569431 1.1064307766146348 1.1281799812797493 0.16187479620835085 0.723758075111076 1.1440238600910366 1.0544829451834603 
331 1 -1.01926511513634 -0.9848991331962523 -0.9523008590284078 -1.1854807033893466 -1.1829690072489014 -1.1849138336972125 -1.1325306550573457 
332 1 -0.7525969164088092 -0.47273670630379017 -0.6006702944692827 1.3132513140463833 0.26517814391057515 -0.22593948919616874 -0.3316524352508535 
333 -1 1.007413195192894 1.0637505743735964 1.2160876224195305 0.5538327597276811 0.723758075111076 0.5960385203761545 0.7464528606425016 
334 1 -0.9125978356453277 -1.112939739919368 -1.040208500168189 -1.2344754488292629 -1.2312405789542173 -1.321910168625933 -1.1941366719655375 
335 -1 0.687411356719857 0.8076693609273653 1.1281799812797493 0.8722986050871369 1.4236958648381564 1.007027525162316 1.7937551480817608 
336 1 -0.6992632766633031 -0.5580971107858672 -0.6592753885624701 -1.038496467069598 -1.0622900779856117 -0.7739248289110509 -1.0093186212409624 
337 -1 1.1140804746839061 1.1064307766146348 1.010969793093374 0.7988064869272624 0.9168443619323396 0.8700311902335955 0.8388618860047892 
338 -1 0.7940786362108693 0.8503495631684038 0.776549416720624 0.8478012323671787 0.5789433599951285 0.8700311902335955 0.5000287930097348 
339 -1 -0.4859287176812785 -0.17397529061652056 -0.24903972991015755 1.4847329230860902 0.6030791458477863 0.4590421854474339 0.037983666198296864 
340 1 -0.9659314753908339 -0.9848991331962523 -1.040208500168189 -1.2344754488292629 -1.2071047931015593 -1.321910168625933 -1.1325306550573457 
341 -1 0.5807440772288447 0.5515881474811342 0.4542213992080927 0.5048380142877648 0.6996222892584182 1.007027525162316 0.5924378183720224 
342 1 -0.9659314753908339 -0.7714981219910598 -0.8350906708420328 0.16187479620835085 -0.43475964581650517 -0.0889431542674482 -0.6704855282459079 
343 1 -1.01926511513634 -1.0275793354372909 -1.0988135942613766 -1.2099780761093049 -1.1829690072489014 -1.1849138336972125 -1.10172764660325 
344 1 -1.01926511513634 -1.0702595376783295 -1.0109059531215954 -1.1854807033893466 -1.1588332213962433 -1.4589065035546536 -1.1325306550573457 
345 -1 0.4207431579923262 0.42354754075801865 0.5128264933012803 0.7008169960474299 0.8203012185217078 0.8700311902335955 0.4076197676474472 
346 -1 0.2607422387558077 0.21014652955282606 0.776549416720624 0.21086954164826713 0.04795607123665369 1.5550128648771981 0.037983666198296864 
347 1 -0.8059305561543154 -0.3873763018217132 -0.6299728415158764 1.264256568606467 0.38585707317386486 0.8700311902335955 -0.42406146061314104 
348 -1 1.2207477541749185 1.4905525967839817 1.3332978106059055 1.3867434322062577 1.3271527214275247 0.5960385203761545 1.3009070128162272 
349 -1 -0.16592687920824153 0.6796287542042497 0.8058519637672178 0.3823511506879741 0.4099928590265228 -0.3629358241248893 0.4692257845556389 
350 -1 0.7407449964653631 0.7649891586863268 0.5128264933012803 0.5048380142877648 0.5065360024371546 0.32204585051871343 0.34601375073925544 
351 -1 0.4207431579923262 0.6369485519632112 0.8937596049069991 0.28436165980814154 0.8203012185217078 0.5960385203761545 1.0544829451834603 
352 1 -0.8059305561543154 -1.1556199421604065 -1.0695110472147829 -1.2099780761093049 -1.2071047931015593 -1.047917498768492 -1.10172764660325 
353 1 -0.2192605189537477 -0.003254481652366507 -0.1318295417237825 1.5827224139659228 0.8444370043743658 0.733034855304875 0.222801716922872 
354 -1 -0.005925959971723075 0.3381871362759416 0.3077086639751239 0.9212933505270531 0.8927085760796817 0.4590421854474339 0.7156498521884058 
355 -1 0.10074131951928923 0.2528267317938646 0.3663137580683114 -0.13209367643114678 -0.0003155004686621942 0.8700311902335955 -0.17763739298037415 
356 -1 0.5807440772288447 0.7223089564452883 0.7179443226274366 0.43134589612789037 0.6272149317004443 1.007027525162316 0.8080588775506934 
357 -1 0.10074131951928923 0.16746632731178757 0.10259083464896758 1.3622460594862995 0.3134497156158911 0.4590421854474339 -0.23924340988856588 
358 -1 0.9540795554473878 0.8930297654094423 0.9230621519535929 1.5092302958060484 2.2443125838285263 0.32204585051871343 2.625436376342349 
359 1 -1.01926511513634 -1.1556199421604065 -1.0109059531215954 -1.2344754488292629 -1.2071047931015593 -1.1849138336972125 -1.10172764660325 
360 -1 0.6340777169743508 0.6369485519632112 0.9230621519535929 0.8233038596472205 1.2306095780168929 0.4590421854474339 1.547331080448994 
361 1 -0.6992632766633031 -0.5580971107858672 -0.7764855767488452 -0.9650043489097234 -1.0864258638382696 0.5960385203761545 -1.0709246381491542 
362 -1 1.380748673411437 1.0637505743735964 1.010969793093374 0.21086954164826713 0.5306717882898125 0.8700311902335955 0.6232408268261183 
363 1 -0.9659314753908339 -1.0702595376783295 -1.0695110472147829 -1.2344754488292629 -1.2071047931015593 -1.1849138336972125 -1.10172764660325 
364 -1 0.5274104374833385 0.46622774299905717 0.5128264933012803 0.186372168928309 0.21690657220525927 1.007027525162316 0.19199870846877617 
365 1 -0.16592687920824153 -0.003254481652366507 0.07328828760237381 0.5048380142877648 0.8444370043743658 0.048053180661272336 0.8388618860047892 
366 1 -0.8592641958998216 -1.0275793354372909 -1.1281161413079703 -1.2099780761093049 -1.1588332213962433 -1.1849138336972125 -1.1325306550573457 
367 1 -0.8059305561543154 -0.8995387287141754 -0.8936957649352203 -1.1364859579494304 -1.1588332213962433 -1.047917498768492 -1.0401216296950582 
368 1 -0.8059305561543154 -0.6007773130269057 -0.688577935609064 0.6763196233274718 0.14449921464728546 -0.3629358241248893 -0.4548644690672369 
369 -1 1.380748673411437 1.0637505743735964 0.9816672460467804 0.3333564052480578 0.9892517194903134 1.1440238600910366 1.2393009959080354 
370 -1 0.9540795554473878 1.2344713833377505 1.890046204491187 1.3132513140463833 0.6754865034057602 0.32204585051871343 1.4549220550867064 
371 -1 1.700750511884474 1.362511990060866 1.9193487515377807 0.8478012323671787 1.4236958648381564 1.9660018696633599 1.3625130297244188 
372 1 0.47407679773783235 0.5942683497221727 0.3663137580683114 0.896795977807095 0.04795607123665369 0.048053180661272336 0.037983666198296864 
373 -1 1.6474168721389677 1.5759130012660585 1.4798105458388744 0.7743091142073043 0.9651159336376555 0.733034855304875 1.2084979874539394 
374 1 -0.8592641958998216 -1.112939739919368 -1.0695110472147829 -1.258972821549221 -1.2071047931015593 -1.321910168625933 -1.10172764660325 
375 1 -0.8592641958998216 -1.0702595376783295 -1.0109059531215954 -1.2344754488292629 -1.2071047931015593 -1.1849138336972125 -1.10172764660325 
376 -1 0.7940786362108693 0.8503495631684038 0.8058519637672178 0.1373774234883927 0.5548075741424705 -1.1849138336972125 0.654043835280214 
377 1 -0.8592641958998216 -1.112939739919368 -1.0988135942613766 -1.2834701942691793 -1.2312405789542173 -1.1849138336972125 -1.1325306550573457 
378 1 -0.9659314753908339 -1.0702595376783295 -1.0109059531215954 -1.2344754488292629 -1.1829690072489014 -1.1849138336972125 -1.1633336635114417 
379 -1 0.6340777169743508 0.5942683497221727 0.6300366814876552 0.896795977807095 0.5789433599951285 0.8700311902335955 0.8388618860047892 
380 1 -0.9125978356453277 -1.112939739919368 -1.040208500168189 -1.2344754488292629 -1.2071047931015593 -1.1849138336972125 -1.1325306550573457 
381 -1 -0.32592779844476 -0.13129508837548207 0.07328828760237381 1.1662670777266344 0.6754865034057602 -0.0889431542674482 0.3152107422851596 
382 1 -0.9125978356453277 -0.6007773130269057 -0.7178804826556577 1.3867434322062577 0.4099928590265228 -0.3629358241248893 -0.3624554437049493 
383 1 -0.8592641958998216 -1.0702595376783295 -1.0109059531215954 -1.2099780761093049 -1.1829690072489014 -1.1849138336972125 -1.1633336635114417 
384 -1 0.9007459157018816 0.8503495631684038 0.8058519637672178 0.45584326884784854 1.134066434606261 0.8700311902335955 1.3625130297244188 
385 1 -0.9125978356453277 -1.0275793354372909 -1.0695110472147829 -1.2099780761093049 -1.1588332213962433 -1.321910168625933 -1.0709246381491542 
386 1 -0.43259507793577234 -0.21665549285755908 -0.21973718286356378 1.435738177646174 0.8203012185217078 -0.0889431542674482 0.19199870846877617 
387 -1 0.04740767977378308 0.3381871362759416 0.1611959287421551 1.3132513140463833 0.747893860963734 0.733034855304875 0.37681675919335134 
388 1 -0.8592641958998216 -1.1556199421604065 -1.0695110472147829 -1.2344754488292629 -1.2312405789542173 -1.1849138336972125 -1.10172764660325 
389 1 -0.8592641958998216 -1.198300144401445 -1.0695110472147829 -1.258972821549221 -1.2071047931015593 -1.1849138336972125 -1.10172764660325 
390 1 -0.8592641958998216 -1.0702595376783295 -1.040208500168189 -1.2344754488292629 -1.2071047931015593 -1.1849138336972125 -1.0401216296950582 
391 -1 0.687411356719857 0.8503495631684038 0.9523646990001866 0.28436165980814154 0.723758075111076 -0.7739248289110509 0.9620739198211726 
392 -1 0.1540749592647954 0.29550693403490313 0.4542213992080927 0.08838267804847645 0.747893860963734 0.733034855304875 1.085285953637556 
393 1 -0.8592641958998216 -1.0702595376783295 -1.040208500168189 -1.2344754488292629 -1.1588332213962433 -1.1849138336972125 -1.1325306550573457 
394 -1 0.20740859901030156 0.16746632731178757 0.13189338169556133 0.3088590325280997 0.14449921464728546 0.5960385203761545 0.06878667465239273 
395 -1 1.9674187106120047 2.173435832640598 2.5347022395162497 1.3622460594862995 2.6787567291763694 0.18504951558999286 2.995072477791499 
396 1 -1.01926511513634 -1.198300144401445 -1.1281161413079703 -1.2099780761093049 -1.2071047931015593 -1.1849138336972125 -1.1633336635114417 
397 -1 1.5407495926479555 1.3198317878198276 1.1867850753729368 0.5783301324476392 0.7961654326690499 0.733034855304875 0.9620739198211726 
398 1 -0.9125978356453277 -1.112939739919368 -1.0988135942613766 -1.258972821549221 -1.2071047931015593 -1.1849138336972125 -1.1325306550573457 
399 1 -0.9659314753908339 -1.112939739919368 -1.040208500168189 -1.1854807033893466 -1.2071047931015593 -1.1849138336972125 -1.1325306550573457 
400 -1 1.4874159529024493 1.5759130012660585 1.2453901694661242 1.3132513140463833 1.568510579954104 0.733034855304875 1.6089370973571857 
401 -1 0.1540749592647954 0.21014652955282606 0.33701121102171766 1.1417697050066764 1.206473792164235 0.8700311902335955 0.7772558690965975 
402 -1 0.6340777169743508 0.7223089564452883 0.6007341344410615 0.8478012323671787 0.337585501468549 1.281020195019757 0.34601375073925544 
403 -1 0.9007459157018816 0.29550693403490313 0.6300366814876552 0.6273248778875554 0.5548075741424705 0.733034855304875 0.7464528606425016 
404 -1 0.47407679773783235 0.8076693609273653 1.0402723401399678 0.7008169960474299 0.772029646816392 0.5960385203761545 0.8388618860047892 
405 1 -0.27259415869925385 -0.5154169085448287 -0.39555246514312636 -0.7935227398700165 -0.6037101467851107 -0.6369284939823303 -0.4548644690672369 
406 1 -0.8592641958998216 -0.9422189309552139 -0.8936957649352203 -1.1854807033893466 -1.1588332213962433 -1.1849138336972125 -1.0709246381491542 
407 1 -0.9125978356453277 -1.112939739919368 -1.040208500168189 -1.2344754488292629 -1.2071047931015593 -1.321910168625933 -1.10172764660325 
408 -1 1.1140804746839061 1.191791181096712 1.1281799812797493 1.0437802141268437 0.9409801477849975 0.32204585051871343 0.900467902912981 
409 -1 0.31407587850131385 0.46622774299905717 0.5714315873944678 0.3088590325280997 0.6030791458477863 1.007027525162316 0.6848468437343099 
410 -1 -0.005925959971723075 0.46622774299905717 0.4835239462546865 0.9702880959669694 1.4478316506908144 1.281020195019757 1.085285953637556 
411 -1 2.5540887478125724 2.4295170460868287 2.3295844101900935 1.1907644504465926 1.5926463658067618 1.4180165299484777 1.7937551480817608 
412 1 -0.8059305561543154 -0.9848991331962523 -1.0109059531215954 -1.1854807033893466 -1.1829690072489014 -1.321910168625933 -1.10172764660325 
413 -1 0.47407679773783235 0.5089079452400956 0.542129040347874 0.5048380142877648 0.6513507175531023 0.8700311902335955 0.7156498521884058 
414 -1 0.4207431579923262 0.9357099676504809 1.2453901694661242 0.8722986050871369 0.9651159336376555 1.4180165299484777 1.085285953637556 
415 1 -0.9659314753908339 -1.0702595376783295 -1.1867212354011578 -1.2344754488292629 -1.2071047931015593 -1.1849138336972125 -1.0401216296950582 
416 1 0.20740859901030156 0.5942683497221727 0.3077086639751239 0.8478012323671787 0.12036342879462751 0.5960385203761545 0.3152107422851596 
417 1 -0.9125978356453277 -1.0702595376783295 -1.0988135942613766 -1.1854807033893466 -1.2071047931015593 -1.1849138336972125 -1.0709246381491542 
418 1 -1.01926511513634 -1.112939739919368 -1.1281161413079703 -1.2344754488292629 -1.1829690072489014 -1.1849138336972125 -1.0709246381491542 
419 -1 1.700750511884474 1.447872394542943 1.3626003576524992 0.9702880959669694 0.8685727902270237 1.281020195019757 0.8696648944588851 
420 -1 0.7940786362108693 0.8503495631684038 0.9230621519535929 1.264256568606467 0.5789433599951285 1.007027525162316 1.3009070128162272 
421 1 -0.9125978356453277 -1.112939739919368 -1.0695110472147829 -1.258972821549221 -1.2071047931015593 -1.1849138336972125 -1.0709246381491542 
422 -1 0.7407449964653631 0.8503495631684038 1.010969793093374 0.7988064869272624 0.8927085760796817 0.733034855304875 0.9928769282752685 
423 1 -1.0725987548818463 -1.1556199421604065 -1.1281161413079703 -1.258972821549221 -1.2071047931015593 -1.1849138336972125 -1.10172764660325 
424 -1 0.8474122759563755 0.8076693609273653 1.0988774342331555 0.43134589612789037 0.9168443619323396 1.4180165299484777 1.0236799367293643 
425 -1 0.6340777169743508 0.7649891586863268 0.9816672460467804 0.6763196233274718 0.7961654326690499 0.4590421854474339 0.6232408268261183 
426 -1 0.5274104374833385 0.5515881474811342 0.8644570578604054 0.43134589612789037 0.8203012185217078 -0.0889431542674482 1.0544829451834603 
427 -1 4.847435256869337 4.094044933487331 3.2379633686345 1.411240804926216 1.3030169355748666 1.4180165299484777 1.6397401058112815 
428 1 -0.32592779844476 -0.30201589733963613 -0.21973718286356378 -0.4995542672305188 -0.507167003374479 0.4590421854474339 -0.3624554437049493 
429 -1 1.1674141144294123 0.8930297654094423 0.9816672460467804 0.3088590325280997 1.2547453638695507 1.1440238600910366 1.0544829451834603 
430 1 -0.7525969164088092 -0.34469609958067465 -0.48346010628290764 1.264256568606467 0.38585707317386486 -0.0889431542674482 -0.20844040143447 
431 -1 -0.005925959971723075 0.12478612507074904 0.07328828760237381 0.5783301324476392 0.6030791458477863 1.007027525162316 0.5000287930097348 
432 1 -0.9125978356453277 -1.112939739919368 -1.0988135942613766 -1.2344754488292629 -1.2312405789542173 -1.047917498768492 -1.10172764660325 
433 1 -0.8592641958998216 -0.8141783242320983 -0.688577935609064 -0.3280726581908119 0.26517814391057515 -0.0889431542674482 -1.0093186212409624 
434 1 -0.9659314753908339 -1.0702595376783295 -1.0988135942613766 -1.2344754488292629 -1.2071047931015593 -1.047917498768492 -1.10172764660325 
435 1 -0.9659314753908339 -1.0275793354372909 -1.0695110472147829 -1.2099780761093049 -1.1829690072489014 -1.1849138336972125 -1.0401216296950582 
436 1 -0.8592641958998216 -0.8568585264731369 -1.0695110472147829 -1.1609833306693886 -1.1346974355435855 -1.047917498768492 -1.0709246381491542 
437 -1 0.2607422387558077 0.3808673385169801 0.542129040347874 0.11288005076843459 0.4099928590265228 0.8700311902335955 0.5924378183720224 
438 1 -1.01926511513634 -1.112939739919368 -1.0695110472147829 -1.2344754488292629 -1.2071047931015593 -1.321910168625933 -1.10172764660325 
439 -1 0.04740767977378308 0.12478612507074904 0.07328828760237381 0.8233038596472205 0.5065360024371546 0.733034855304875 0.3152107422851596 
440 -1 0.20740859901030156 0.3381871362759416 0.5714315873944678 0.7008169960474299 -0.1209944297319519 0.4590421854474339 -0.3316524352508535 
441 1 -1.1259323946273523 -1.0275793354372909 -1.040208500168189 -1.2344754488292629 -1.2071047931015593 -1.1849138336972125 -1.10172764660325 
442 1 -0.9659314753908339 -1.0275793354372909 -1.1281161413079703 -1.258972821549221 -1.2071047931015593 -1.321910168625933 -1.1325306550573457 
443 1 -0.9659314753908339 -0.7288179197500213 -0.805788123795439 0.7498117414873462 -0.14513021558460984 0.18504951558999286 -0.5472734944295244 
444 -1 1.4874159529024493 1.53323279902502 1.743533469258218 0.7498117414873462 1.3754242931328404 0.8700311902335955 1.6397401058112815 
445 -1 3.087425145267634 2.6429180572920217 2.124466580863937 1.7052092775657135 1.4236958648381564 0.5960385203761545 1.2701040043621312 
446 -1 0.04740767977378308 0.16746632731178757 0.07328828760237381 1.2397591958865088 0.6030791458477863 0.5960385203761545 0.13039269156058444 
447 -1 0.687411356719857 0.5515881474811342 0.5128264933012803 -0.03410418555131423 0.3134497156158911 0.048053180661272336 0.4076197676474472 
448 -1 1.700750511884474 1.447872394542943 1.3626003576524992 0.8478012323671787 0.723758075111076 0.733034855304875 0.7156498521884058 
449 1 -0.9125978356453277 -1.112939739919368 -1.0695110472147829 -1.2344754488292629 -1.2071047931015593 -1.1849138336972125 -1.10172764660325 
450 1 -0.9659314753908339 -1.1556199421604065 -1.157418688354564 -1.258972821549221 -1.2312405789542173 -1.1849138336972125 -1.1941366719655375 
451 -1 1.007413195192894 0.9783901698915194 1.0695748871865616 1.0437802141268437 1.3512885072801826 0.5960385203761545 1.2701040043621312 
452 -1 0.20740859901030156 0.46622774299905717 0.4835239462546865 0.7498117414873462 1.158202220458919 0.8700311902335955 0.8080588775506934 
453 -1 0.31407587850131385 0.5089079452400956 0.42491885216149894 0.896795977807095 0.2893139297632331 0.5960385203761545 0.09958968310648858 
454 1 -0.9125978356453277 -1.112939739919368 -1.0695110472147829 -1.258972821549221 -1.1588332213962433 -1.321910168625933 -1.10172764660325 
455 1 -0.9659314753908339 -1.112939739919368 -1.0695110472147829 -1.258972821549221 -1.2071047931015593 -1.1849138336972125 -1.10172764660325 
456 -1 0.1540749592647954 0.3808673385169801 0.24910356988193638 0.43134589612789037 0.5789433599951285 1.007027525162316 0.6848468437343099 
457 -1 1.380748673411437 1.4051921923019046 1.2453901694661242 1.4602355503661322 1.7615968667753674 1.007027525162316 1.8245581565358566 
458 -1 0.7940786362108693 0.8503495631684038 0.8351545108138115 0.8722986050871369 0.5789433599951285 1.007027525162316 1.0544829451834603 
