id label data 
0 -1 0.6345678117696921 0.6804217251248407 0.9585421472723292 0.7668173410739219 1.2159061497420274 1.4237188543234296 1.214968910188783 
1 -1 1.4093602796458162 1.4271630361162801 1.494547238356186 1.1111857968528738 1.093681778770193 0.738578411741699 1.0271061075016847 
2 1 -0.9150171239825562 -0.8569868563281227 -0.8876976109053996 -1.0288181783448982 -1.1063568987228276 -0.9057586504544545 -1.10200565628543 
3 1 -0.7489901665805295 -0.9009128157982074 -1.0365879139842487 -1.1764046593930204 -1.1308017729171944 -0.7687305619381084 -1.039384722056397 
4 1 -0.8043324857145384 -1.1205426131486307 -1.1259220958315581 -1.225600153075728 -1.1796915213059282 -1.1798148274871467 -1.10200565628543 
5 -1 2.018125790119914 1.7785707118769574 1.6136594808192652 1.2341745310596421 1.7536933820180987 0.8756065002580452 1.9037991867081439 
6 -1 0.6345678117696921 0.46079192777441735 0.4820931774200121 0.49624212581903115 0.8981227852152577 0.8756065002580452 0.964485173272652 
7 -1 1.575387237047843 1.3393111171761107 1.2265446928142576 0.8652083284393367 0.9470125336039915 1.1496626772907375 1.0271061075016847 
8 1 -0.9150171239825562 -1.076616653678546 -1.0961440352157883 -1.225600153075728 -1.1552466471115612 -1.316842916003493 -1.0706951891709136 
9 -1 -0.41693625177647636 0.021532333073570685 -0.0241338530480748 1.08658805001152 0.824788162632157 0.601550323225353 0.6513805021274881 
10 -1 0.30251389696563896 0.37294000883424805 0.333202874341163 0.6684263537085071 0.36033555293918607 0.0534379691599684 0.400896765211357 
11 -1 0.3578562160996478 0.5925698061846714 0.6905396017304009 0.29946015108820156 0.6536740432715887 1.2866907658070836 0.8705537719291029 
12 1 -0.582963209178503 -0.285949383217022 -0.5005828229003919 1.1111857968528738 0.5558945464941212 0.0534379691599684 -0.1313811757354217 
13 1 -0.5276208900444941 -0.154171504806768 -0.3516925198215428 0.7422195942325682 0.09144193680115022 -0.6317024734217622 -0.4444858468805856 
14 -1 1.132648683975772 1.1636072792957721 0.9585421472723292 1.160381290535581 1.3625753949082287 1.0126345887743913 1.59069451556298 
15 1 -0.9150171239825562 -1.1205426131486307 -1.155700156447328 -1.201002406234374 -1.1796915213059282 -1.1798148274871467 -1.0706951891709136 
16 -1 0.19182925869762119 0.37294000883424805 0.6905396017304009 0.8898060752806903 1.1914612755476603 0.32749414619266065 1.6220049826774963 
17 1 -0.3615939326424675 0.10938425201374002 0.24386869249385357 1.2341745310596421 1.1425715271589265 0.0534379691599684 0.7140014363565209 
18 1 -0.6936478474465207 -0.4616532210973607 -0.5601389441319315 0.840610581597983 -0.22634142772561938 -0.6317024734217622 0.02517115983716026 
19 1 -1.025701762250574 -1.2083945320888 -1.0365879139842487 -1.225600153075728 -1.204136395500295 -1.1798148274871467 -1.1333161233999463 
20 -1 0.9666217265737453 0.9000515224752641 0.9287640866565594 0.348655644770909 0.6536740432715887 0.8756065002580452 0.8705537719291029 
21 1 -0.8043324857145384 -1.076616653678546 -1.1259220958315581 -1.225600153075728 -1.1796915213059282 -1.1798148274871467 -1.1646265905144626 
22 1 -0.41693625177647636 -0.154171504806768 -0.321914459205773 1.6769339742040088 0.21366630777298468 0.32749414619266065 -0.22531257707897087 
23 1 -0.8596748048485473 -0.8569868563281227 -0.8876976109053996 -1.0288181783448982 -0.984132527750993 0.8756065002580452 -0.9454533207128479 
24 1 -0.8043324857145384 -0.7691349373879534 -0.9472537321369392 -1.1518069125516668 -1.0574671503340938 0.32749414619266065 -1.039384722056397 
25 1 -0.9150171239825562 -1.1644685726187154 -1.0365879139842487 -1.225600153075728 -1.1796915213059282 -1.316842916003493 -1.1333161233999463 
26 1 -0.9150171239825562 -1.0326906942084613 -1.1259220958315581 -1.225600153075728 -1.1796915213059282 -1.1798148274871467 -1.10200565628543 
27 1 -1.0810440813845827 -1.1205426131486307 -1.0365879139842487 -1.1764046593930204 -1.1796915213059282 -1.1798148274871467 -1.0706951891709136 
28 -1 0.8005947691717188 0.6804217251248407 0.8692079654250198 0.5208398726603849 0.8003432884377901 0.8756065002580452 0.8705537719291029 
29 1 -0.9703594431165651 -1.1205426131486307 -1.0663659746000185 -1.225600153075728 -1.1796915213059282 -1.1798148274871467 -1.1333161233999463 
30 -1 0.4685408543676655 0.5925698061846714 0.5714273592673216 0.4224488852949701 0.7514535400490563 1.0126345887743913 0.964485173272652 
31 1 -0.8043324857145384 -0.9448387752682921 -0.8579195502896297 -1.1026114188689593 -1.1552466471115612 -1.0427867389708005 -1.039384722056397 
32 1 -0.9703594431165651 -0.9887647347383767 -1.0961440352157883 -1.1764046593930204 -1.1552466471115612 -0.9057586504544545 -1.0706951891709136 
33 1 -1.0810440813845827 -1.076616653678546 -1.1259220958315581 -1.2747956467584352 -1.228581269694662 -1.316842916003493 -1.1646265905144626 
34 -1 0.13648693956361233 0.46079192777441735 0.3034248137253932 0.6684263537085071 0.26255605616171845 1.1496626772907375 0.2130339625242586 
35 -1 1.6307295561818518 1.6467928334667035 1.7029936626665747 0.7668173410739219 1.6559138852406312 1.697775031356122 1.7785573182500782 
36 1 -0.6383055283125119 -0.8569868563281227 -0.8579195502896297 -1.0042204315035446 -1.0330222761397267 0.0534379691599684 -1.0080742549418806 
37 -1 0.9666217265737453 0.7682736440650101 0.83942990480925 0.2502646574054942 0.6292291690772218 1.2866907658070836 1.3402107786468487 
38 -1 0.8559370883057277 1.0757553603556027 1.0478763291196387 1.3079677715837033 1.2403510239363942 0.738578411741699 1.277589844417816 
39 -1 0.4685408543676655 0.5047178872445021 0.6012054198830914 0.9144038221220441 0.8981227852152577 -0.22061820787272385 0.964485173272652 
40 1 -0.9703594431165651 -0.6373570589776993 -0.6792511865950108 0.4224488852949701 -0.12856193094815183 -0.9057586504544545 -0.4444858468805856 
41 -1 0.3578562160996478 0.5486438467145867 0.5118712380357819 0.7668173410739219 1.2159061497420274 0.8756065002580452 1.121037508845234 
42 -1 0.9666217265737453 0.8561255630051794 0.9287640866565594 0.9390015689633978 0.8981227852152577 0.8756065002580452 0.8705537719291029 
43 -1 0.8005947691717188 0.9000515224752641 0.7500957229619405 1.0373925563288127 0.9959022819927252 0.0534379691599684 0.7140014363565209 
44 1 -0.7489901665805295 -0.6373570589776993 -0.8579195502896297 -1.0780136720276057 -1.0819120245284606 -0.9057586504544545 -0.9454533207128479 
45 -1 0.8559370883057277 1.0757553603556027 1.1074324503511783 0.39785113845361636 0.5803394206884881 -0.08359011935637772 0.7140014363565209 
46 -1 -0.25090929437444975 -0.154171504806768 -0.1730241561269239 1.1849790373769349 0.5803394206884881 0.601550323225353 0.2130339625242586 
47 1 0.9666217265737453 1.1196813198256874 1.1372105109669481 1.1849790373769349 1.4603548916856963 0.0534379691599684 1.528073581333947 
48 1 -0.8596748048485473 -0.9887647347383767 -1.0663659746000185 -1.201002406234374 -1.204136395500295 -1.1798148274871467 -1.0706951891709136 
49 -1 0.8559370883057277 0.9000515224752641 0.9585421472723292 0.49624212581903115 0.9714574077983583 0.8756065002580452 1.2462793773032996 
50 -1 0.8559370883057277 0.8561255630051794 0.83942990480925 0.22566691056414048 0.5314496722997543 1.0126345887743913 0.8392433048145864 
51 -1 0.6345678117696921 0.6804217251248407 0.5714273592673216 0.6930241005498607 0.9470125336039915 1.0126345887743913 0.5887595678984553 
52 1 0.9666217265737453 2.3935341444581426 2.2687768143662015 0.6930241005498607 1.8270280046011995 -0.22061820787272385 2.2795247920823405 
53 -1 1.187991003109781 1.1636072792957721 0.8989860260407896 1.2095767842182885 1.1914612755476603 1.5607469428397758 0.9018642390436192 
54 1 -0.9150171239825562 -1.1644685726187154 -1.0365879139842487 -1.2747956467584352 -1.228581269694662 -1.1798148274871467 -1.1333161233999463 
55 -1 0.5792254926356832 0.8561255630051794 0.9287640866565594 0.6192308600257996 0.8736779110208908 0.19046605767631453 1.121037508845234 
56 1 -0.6383055283125119 -0.8130608968580381 -0.9174756715211694 -1.1026114188689593 -1.1796915213059282 -1.0427867389708005 -1.039384722056397 
57 -1 1.0219640457077543 0.24116213042399404 1.3754349958931067 0.7176218473912145 0.6781189174659557 0.19046605767631453 0.7453119034710373 
58 1 -0.8596748048485473 -1.076616653678546 -1.0961440352157883 -1.225600153075728 -1.204136395500295 -1.1798148274871467 -1.0706951891709136 
59 -1 -0.582963209178503 -0.32987534268710667 -0.26235833797423336 0.6930241005498607 0.6292291690772218 -0.08359011935637772 0.5887595678984553 
60 1 -0.7489901665805295 -0.5055791805674453 -0.5899170047477014 0.6192308600257996 0.4336701755222867 0.0534379691599684 -0.06876024150638892 
61 -1 0.19182925869762119 0.37294000883424805 0.2736467531096234 1.0373925563288127 0.21366630777298468 -0.08359011935637772 -0.1940021099644545 
62 1 -1.1917287196526005 -0.8569868563281227 -0.7983634290580901 0.15187367004007937 -0.6907940374185904 -0.4946743849054161 -0.8202114522547823 
63 -1 1.0773063648417631 1.031829400885518 0.988320207888099 0.594633113184446 0.7514535400490563 1.1496626772907375 0.9018642390436192 
64 1 -0.3615939326424675 -0.11024554533668332 -0.23258027735846354 0.5700353663430923 -0.15300680514251871 -0.6317024734217622 -0.475796313995102 
65 1 -0.8596748048485473 -0.417727261627276 -0.5899170047477014 1.406358758949118 0.5558945464941212 0.4645222347090068 0.05648162695167665 
66 1 -0.9703594431165651 -0.7691349373879534 -0.7388073078265505 -0.5368632415178243 -0.39745554708618763 0.601550323225353 -0.4131753797660692 
67 -1 0.4685408543676655 0.6804217251248407 0.5118712380357819 0.6192308600257996 0.7514535400490563 0.8756065002580452 0.6826909692420045 
68 -1 1.132648683975772 1.0757553603556027 1.2265446928142576 0.6930241005498607 0.6781189174659557 0.8756065002580452 0.8079328377000701 
69 1 -0.30625161350845864 -0.06631958586659865 -0.11346803489538426 1.0619903031701663 0.5070047981053875 0.4645222347090068 0.15041302829522582 
70 -1 0.02580230129559459 0.2850880898940787 1.7327717232823445 1.1849790373769349 0.9225676594096246 0.738578411741699 0.9957956403871684 
71 1 -0.9150171239825562 -1.1644685726187154 -1.1259220958315581 -1.201002406234374 -1.1796915213059282 -1.1798148274871467 -1.195937057628979 
72 -1 2.6268913005940115 2.1739043471077193 1.7327717232823445 1.480151999473179 1.2159061497420274 0.738578411741699 0.964485173272652 
73 1 -1.025701762250574 -1.1644685726187154 -1.0365879139842487 -1.225600153075728 -1.228581269694662 -1.1798148274871467 -1.1646265905144626 
74 -1 0.4131985352336567 0.2850880898940787 0.2736467531096234 0.2502646574054942 0.5558945464941212 0.4645222347090068 0.7140014363565209 
75 1 -0.9703594431165651 -1.0326906942084613 -1.0365879139842487 -1.1764046593930204 -1.1552466471115612 -1.0427867389708005 -1.10200565628543 
76 1 -0.8596748048485473 -0.9448387752682921 -1.0961440352157883 -1.1764046593930204 -1.1308017729171944 -1.1798148274871467 -1.10200565628543 
77 1 -0.8596748048485473 -1.0326906942084613 -1.0365879139842487 -1.225600153075728 -1.1552466471115612 -1.1798148274871467 -1.1333161233999463 
78 -1 0.4685408543676655 0.46079192777441735 0.5118712380357819 0.348655644770909 0.4581150497166536 0.8756065002580452 0.49482816655490613 
79 -1 1.2433333222437897 1.0757553603556027 1.1967666321984878 0.6684263537085071 1.6070241368518974 1.5607469428397758 1.528073581333947 
80 1 -0.8596748048485473 -0.9887647347383767 -1.0663659746000185 -1.225600153075728 -1.1552466471115612 -1.316842916003493 -1.1646265905144626 
81 1 -0.9150171239825562 -0.9448387752682921 -1.0365879139842487 -1.225600153075728 -1.1796915213059282 -1.1798148274871467 -1.039384722056397 
82 1 -1.025701762250574 -1.0326906942084613 -1.0961440352157883 -1.225600153075728 -1.1796915213059282 -1.1798148274871467 -1.10200565628543 
83 -1 1.6860718753158606 1.7346447524068727 1.494547238356186 0.9881970626461052 1.1425715271589265 1.5607469428397758 1.4967631142194306 
84 -1 0.4685408543676655 0.5047178872445021 0.7798737835777103 0.17647141688143309 0.5314496722997543 0.738578411741699 0.7140014363565209 
85 1 -0.8043324857145384 -1.0326906942084613 -1.0663659746000185 -1.225600153075728 -1.1796915213059282 -1.1798148274871467 -1.039384722056397 
86 1 -0.8596748048485473 -1.1205426131486307 -1.0961440352157883 -1.225600153075728 -1.204136395500295 -1.1798148274871467 -1.10200565628543 
87 1 -0.8043324857145384 -0.3738013021571913 -0.6196950653634712 0.9390015689633978 -0.15300680514251871 0.32749414619266065 -0.6010381824531675 
88 1 -0.8596748048485473 -1.076616653678546 -1.0961440352157883 -1.225600153075728 -1.204136395500295 -1.1798148274871467 -1.10200565628543 
89 -1 -0.1955669752404409 0.06545829254365536 0.660761541114631 0.5454376195017386 0.4825599239110205 0.601550323225353 0.6513805021274881 
90 1 -0.8596748048485473 -1.1205426131486307 -1.0961440352157883 -1.225600153075728 -1.1796915213059282 -1.1798148274871467 -1.1333161233999463 
91 -1 0.19182925869762119 0.4168659683043327 0.2736467531096234 1.3079677715837033 0.824788162632157 0.738578411741699 0.6200700350129718 
92 -1 0.4685408543676655 0.5047178872445021 0.4820931774200121 1.3817610121077644 1.3625753949082287 0.8756065002580452 0.9957956403871684 
93 1 -0.8043324857145384 -1.0326906942084613 -1.0365879139842487 -1.201002406234374 -1.1552466471115612 -1.1798148274871467 -1.0706951891709136 
94 -1 0.9666217265737453 0.7682736440650101 0.8096518441934801 0.1272759231987257 0.4581150497166536 0.738578411741699 0.6513805021274881 
95 -1 0.5792254926356832 0.32901404936416334 0.4523151168042423 0.2502646574054942 0.26255605616171845 0.8756065002580452 0.4322072323258734 
96 1 -0.9150171239825562 -1.076616653678546 -1.0365879139842487 -1.225600153075728 -1.1796915213059282 -1.1798148274871467 -1.1333161233999463 
97 -1 2.1288104283879314 1.8664226308171268 1.9412181475927333 0.7914150879152756 0.9959022819927252 1.697775031356122 1.2462793773032996 
98 1 -0.5276208900444941 -0.32987534268710667 -0.2921363985900032 0.6438286068671534 0.2381111819673516 -0.08359011935637772 0.02517115983716026 
99 1 -0.9150171239825562 -1.076616653678546 -0.977031792752709 -1.225600153075728 -1.1796915213059282 -1.316842916003493 -1.0706951891709136 
100 1 -0.582963209178503 -0.6373570589776993 -0.6196950653634712 -1.053415925186252 -1.1308017729171944 -0.9057586504544545 -1.039384722056397 
101 -1 1.4647025987798252 1.4271630361162801 1.2861008140457972 0.6930241005498607 0.6292291690772218 1.2866907658070836 1.3089003115323323 
102 1 -0.9150171239825562 -1.0326906942084613 -0.977031792752709 -1.1518069125516668 -1.1552466471115612 -0.9057586504544545 -1.1333161233999463 
103 -1 0.30251389696563896 0.4168659683043327 0.7798737835777103 0.39785113845361636 0.7025637916603226 0.8756065002580452 0.964485173272652 
104 1 -0.9150171239825562 -1.1205426131486307 -1.0365879139842487 -1.201002406234374 -1.1308017729171944 -1.316842916003493 -1.0706951891709136 
105 1 -0.9703594431165651 -1.076616653678546 -1.0663659746000185 -1.1764046593930204 -1.204136395500295 -1.316842916003493 -1.0706951891709136 
106 1 -0.9150171239825562 -0.9448387752682921 -1.0068098533684788 -1.225600153075728 -1.204136395500295 -1.1798148274871467 -1.0706951891709136 
107 1 -0.6936478474465207 -0.4616532210973607 -0.6196950653634712 1.4309565057904718 0.36033555293918607 0.601550323225353 -0.31924397842252006 
108 1 -0.8043324857145384 -1.0326906942084613 -1.0961440352157883 -1.225600153075728 -1.1796915213059282 -1.1798148274871467 -1.1646265905144626 
109 1 -0.8596748048485473 -1.1205426131486307 -1.0663659746000185 -1.2747956467584352 -1.204136395500295 -1.1798148274871467 -1.1646265905144626 
110 1 -0.8596748048485473 -0.6373570589776993 -0.7090292472107806 0.47164437897767747 -0.27523117611435316 -0.22061820787272385 -0.6949695837967168 
111 1 -0.8596748048485473 -0.9887647347383767 -1.0961440352157883 -1.201002406234374 -1.1552466471115612 -1.1798148274871467 -1.1646265905144626 
112 -1 0.4685408543676655 0.4168659683043327 0.4225370561884725 0.15187367004007937 0.36033555293918607 1.4237188543234296 0.4322072323258734 
113 -1 4.1211339172122505 3.4477571717401747 2.775003844834288 1.2341745310596421 1.1670164013532935 1.5607469428397758 1.214968910188783 
114 -1 1.0219640457077543 0.8121996035350947 0.8989860260407896 0.17647141688143309 0.31144580455045223 0.8756065002580452 0.5261386336694225 
115 -1 0.6345678117696921 0.6364957656547561 0.5118712380357819 0.7668173410739219 0.5558945464941212 0.8756065002580452 0.36958629809684057 
116 1 -0.6936478474465207 -0.8569868563281227 -0.9174756715211694 -1.127209165710313 -1.1796915213059282 -1.0427867389708005 -1.0706951891709136 
117 -1 0.02580230129559459 0.10938425201374002 0.03542226818346484 0.9390015689633978 0.6292291690772218 0.601550323225353 0.244344429638775 
118 1 -0.6936478474465207 -0.7252089779178686 -0.8579195502896297 -1.127209165710313 -1.1308017729171944 -0.9057586504544545 -1.1333161233999463 
119 1 -0.8596748048485473 -1.076616653678546 -1.0068098533684788 -1.1764046593930204 -1.1552466471115612 -1.1798148274871467 -1.1333161233999463 
120 -1 1.2433333222437897 0.9439774819453487 1.1372105109669481 0.594633113184446 0.7758984142434232 0.8756065002580452 1.1836584430742667 
121 -1 1.187991003109781 1.3393111171761107 1.494547238356186 0.4470466321363238 0.7025637916603226 2.1088592969051603 0.9957956403871684 
122 -1 -0.582963209178503 -0.06631958586659865 -0.14324609551115408 1.2341745310596421 0.6781189174659557 0.4645222347090068 0.2130339625242586 
123 -1 1.187991003109781 1.1196813198256874 1.2563227534300274 0.7668173410739219 1.289240772325128 0.8756065002580452 1.3089003115323323 
124 1 -0.5276208900444941 -0.06631958586659865 -0.1730241561269239 1.1111857968528738 0.5558945464941212 -0.08359011935637772 -0.037449774391872526 
125 -1 -0.02954001783841428 0.19723617095390936 0.12475645003077429 1.160381290535581 0.7270086658546895 0.601550323225353 0.5887595678984553 
126 1 -0.8596748048485473 -1.0326906942084613 -1.0663659746000185 -1.1764046593930204 -1.1796915213059282 -1.0427867389708005 -1.1333161233999463 
127 1 -0.8596748048485473 -1.0326906942084613 -1.0365879139842487 -1.225600153075728 -1.1796915213059282 -1.1798148274871467 -1.1333161233999463 
128 -1 0.4685408543676655 0.46079192777441735 0.39275899557270266 0.4470466321363238 0.6292291690772218 1.2866907658070836 0.7453119034710373 
129 1 -0.9150171239825562 -0.681283018447784 -0.7388073078265505 1.0127948094874588 0.04255218841241644 -0.35764629638907 -0.6010381824531675 
130 -1 0.24717157783163007 0.5047178872445021 0.4820931774200121 0.9635993158047514 0.6781189174659557 0.4645222347090068 0.49482816655490613 
131 1 -0.8596748048485473 -1.076616653678546 -1.0365879139842487 -1.225600153075728 -1.204136395500295 -1.1798148274871467 -1.0706951891709136 
132 -1 1.8520988327178873 1.6907187929367882 1.6136594808192652 0.8898060752806903 1.4847997658800631 0.8756065002580452 1.6220049826774963 
133 1 -0.7489901665805295 -1.0326906942084613 -1.0663659746000185 -1.225600153075728 -1.1796915213059282 -1.1798148274871467 -1.10200565628543 
134 1 -0.8596748048485473 -0.4616532210973607 -0.5899170047477014 1.0373925563288127 0.018107314218049543 -0.35764629638907 -0.25662304419348725 
135 1 -0.9703594431165651 -1.0326906942084613 -1.0663659746000185 -1.225600153075728 -1.1796915213059282 -1.316842916003493 -1.0080742549418806 
136 -1 -0.25090929437444975 0.19723617095390936 0.06520032879923465 1.824520455252131 0.5314496722997543 0.32749414619266065 0.15041302829522582 
137 1 -0.9703594431165651 -1.1205426131486307 -1.0961440352157883 -1.225600153075728 -1.204136395500295 -1.1798148274871467 -1.10200565628543 
138 -1 0.5792254926356832 0.5925698061846714 0.5118712380357819 0.22566691056414048 0.4825599239110205 1.1496626772907375 0.5887595678984553 
139 -1 0.24717157783163007 0.6804217251248407 0.36298093495693284 0.9881970626461052 1.5825792626575306 1.2866907658070836 0.964485173272652 
140 1 -0.8043324857145384 -1.1205426131486307 -1.0365879139842487 -1.2747956467584352 -1.1796915213059282 -1.453871004519839 -1.1333161233999463 
141 1 -0.9150171239825562 -1.1644685726187154 -1.0663659746000185 -1.201002406234374 -1.228581269694662 -1.1798148274871467 -1.1646265905144626 
142 -1 0.8005947691717188 1.031829400885518 1.2563227534300274 0.49624212581903115 0.7758984142434232 0.738578411741699 0.9018642390436192 
143 1 -0.9150171239825562 -0.9887647347383767 -1.0365879139842487 -1.201002406234374 -1.1552466471115612 -1.316842916003493 -1.039384722056397 
144 -1 1.132648683975772 0.9879034414154334 0.988320207888099 0.5208398726603849 0.6536740432715887 0.601550323225353 0.9018642390436192 
145 -1 -0.30625161350845864 -0.022393626396513985 0.09497838941500447 0.6438286068671534 0.5314496722997543 0.8756065002580452 0.400896765211357 
146 1 0.08114462042960346 0.06545829254365536 -0.1730241561269239 -0.6598519757245928 -1.0330222761397267 -1.1798148274871467 -0.9454533207128479 
147 -1 0.02580230129559459 0.19723617095390936 0.1545345106465441 0.8898060752806903 0.8492330368265238 0.738578411741699 0.5887595678984553 
148 1 -0.9150171239825562 -1.0326906942084613 -1.0068098533684788 -1.225600153075728 -1.228581269694662 -1.1798148274871467 -1.1646265905144626 
149 -1 0.8005947691717188 1.1196813198256874 1.1967666321984878 1.4309565057904718 1.264795898130761 0.19046605767631453 1.371521245761365 
150 -1 0.5792254926356832 0.5486438467145867 0.6012054198830914 0.4470466321363238 1.0692369045758259 0.738578411741699 1.3089003115323323 
151 1 -0.7489901665805295 -0.4616532210973607 -0.4410267016688523 0.3240578979295553 -0.22634142772561938 -0.9057586504544545 -0.5384172482241348 
152 -1 0.24717157783163007 0.5047178872445021 0.39275899557270266 1.0619903031701663 0.9714574077983583 0.8756065002580452 0.9018642390436192 
153 1 -0.7489901665805295 -1.1205426131486307 -1.0961440352157883 -1.225600153075728 -1.204136395500295 -1.316842916003493 -1.1646265905144626 
154 1 -0.9703594431165651 -1.2083945320888 -1.155700156447328 -1.2501978999170815 -1.1796915213059282 -1.1798148274871467 -1.10200565628543 
155 1 -1.025701762250574 -1.1205426131486307 -1.0961440352157883 -1.201002406234374 -1.204136395500295 -1.1798148274871467 -1.10200565628543 
156 -1 0.5238831735016745 0.5486438467145867 0.9287640866565594 0.4224488852949701 0.4825599239110205 0.8756065002580452 0.6513805021274881 
157 -1 -0.02954001783841428 0.15331021148382468 0.1545345106465441 0.7668173410739219 0.9470125336039915 0.4645222347090068 0.6826909692420045 
158 1 -0.8596748048485473 -0.9448387752682921 -0.977031792752709 -1.1764046593930204 -1.1796915213059282 -1.0427867389708005 -1.10200565628543 
159 1 -0.9150171239825562 -1.0326906942084613 -1.0365879139842487 -1.201002406234374 -1.204136395500295 -1.1798148274871467 -1.1646265905144626 
160 -1 0.13648693956361233 0.24116213042399404 0.3034248137253932 0.07808042951601828 0.21366630777298468 0.601550323225353 -0.10007070862090531 
161 -1 0.9666217265737453 0.9000515224752641 0.9585421472723292 0.2502646574054942 0.31144580455045223 1.971831208388814 0.5261386336694225 
162 -1 -0.08488233697242314 0.10938425201374002 0.03542226818346484 1.0127948094874588 0.604784294882855 0.8756065002580452 0.2756548967532914 
163 -1 1.0219640457077543 1.0757553603556027 1.2563227534300274 0.39785113845361636 0.7514535400490563 1.5607469428397758 0.7453119034710373 
164 -1 0.13648693956361233 0.06545829254365536 0.12475645003077429 0.348655644770909 0.140331685189884 1.0126345887743913 0.02517115983716026 
165 1 -0.7489901665805295 -1.1205426131486307 -1.0663659746000185 -1.201002406234374 -1.204136395500295 -1.1798148274871467 -1.1333161233999463 
166 -1 4.1211339172122505 3.315979293329921 2.685669662986979 1.2095767842182885 1.044792030381459 1.971831208388814 1.214968910188783 
167 -1 0.9112794074397365 1.031829400885518 0.9287640866565594 0.4224488852949701 1.093681778770193 1.1496626772907375 1.4654526471049143 
168 1 -0.30625161350845864 0.19723617095390936 0.06520032879923465 0.7422195942325682 0.2381111819673516 0.738578411741699 0.02517115983716026 
169 1 0.4685408543676655 0.4168659683043327 0.39275899557270266 0.07808042951601828 0.140331685189884 0.8756065002580452 -0.037449774391872526 
170 -1 0.3578562160996478 0.46079192777441735 0.2736467531096234 0.22566691056414048 0.5558945464941212 0.4645222347090068 0.6826909692420045 
171 1 -0.9150171239825562 -1.076616653678546 -1.0663659746000185 -1.225600153075728 -1.1796915213059282 -1.0427867389708005 -1.039384722056397 
172 -1 1.6860718753158606 1.3832370766461954 1.315878874661567 0.5454376195017386 1.1914612755476603 1.0126345887743913 1.4654526471049143 
173 1 -0.8596748048485473 -1.076616653678546 -1.0068098533684788 -1.1764046593930204 -1.1796915213059282 -1.316842916003493 -1.10200565628543 
174 1 -0.9150171239825562 -1.0326906942084613 -1.0068098533684788 -1.1764046593930204 -1.1308017729171944 -1.1798148274871467 -1.10200565628543 
175 -1 0.689910130903701 0.6364957656547561 0.7203176623461707 0.840610581597983 0.6781189174659557 0.4645222347090068 0.36958629809684057 
176 1 1.4647025987798252 1.558940914526534 1.7327717232823445 0.6192308600257996 1.9981421239617676 -0.7687305619381084 2.154282923624275 
177 1 -0.8043324857145384 -0.9448387752682921 -1.0663659746000185 -1.127209165710313 -1.1796915213059282 -1.0427867389708005 -1.0706951891709136 
178 1 -0.9150171239825562 -0.681283018447784 -0.7983634290580901 0.15187367004007937 -0.4707901696692883 1.0126345887743913 -0.7575905180257495 
179 1 -0.9150171239825562 -1.0326906942084613 -1.0365879139842487 -1.201002406234374 -1.204136395500295 -1.1798148274871467 -1.0706951891709136 
180 -1 0.9666217265737453 0.8121996035350947 0.8692079654250198 0.22566691056414048 0.5070047981053875 0.738578411741699 0.7453119034710373 
181 1 -1.025701762250574 -1.2083945320888 -1.0663659746000185 -1.225600153075728 -1.1796915213059282 -1.1798148274871467 -1.1646265905144626 
182 -1 2.405522024057976 2.1739043471077193 2.030552329440043 1.7015317210453624 2.2670357400998036 1.1496626772907375 2.0290410551662097 
183 1 -0.9703594431165651 -1.076616653678546 -1.1259220958315581 -1.1764046593930204 -1.1796915213059282 -1.1798148274871467 -1.039384722056397 
184 1 -0.8043324857145384 -1.0326906942084613 -1.0365879139842487 -1.2501978999170815 -1.1796915213059282 -1.1798148274871467 -1.0706951891709136 
185 -1 0.9666217265737453 0.8561255630051794 0.9585421472723292 0.594633113184446 1.3625753949082287 1.1496626772907375 1.277589844417816 
186 -1 0.9666217265737453 0.9000515224752641 0.8692079654250198 0.7422195942325682 0.824788162632157 1.5607469428397758 0.9957956403871684 
187 1 -0.9703594431165651 -0.6373570589776993 -0.7388073078265505 0.5208398726603849 0.04255218841241644 -0.08359011935637772 -0.6010381824531675 
188 -1 1.3540179605118075 1.295385157706026 1.3456569352773369 1.0127948094874588 1.680358759434998 1.1496626772907375 1.7785573182500782 
189 -1 0.3578562160996478 0.46079192777441735 0.4820931774200121 1.2833700247423496 1.044792030381459 -0.22061820787272385 1.0271061075016847 
190 1 -0.9150171239825562 -1.1644685726187154 -1.0663659746000185 -1.2501978999170815 -1.228581269694662 -1.1798148274871467 -1.1646265905144626 
191 -1 0.4685408543676655 0.46079192777441735 0.6309834804988612 0.2502646574054942 0.3847804271335529 1.1496626772907375 0.36958629809684057 
192 1 -1.1363864005185917 -1.1644685726187154 -1.1854782170630978 -1.225600153075728 -1.204136395500295 -1.316842916003493 -1.10200565628543 
193 1 -0.9150171239825562 -1.0326906942084613 -1.0068098533684788 -1.225600153075728 -1.1796915213059282 -1.1798148274871467 -1.10200565628543 
194 -1 -0.41693625177647636 -0.24202342374693733 -0.321914459205773 1.160381290535581 0.7025637916603226 0.8756065002580452 0.2130339625242586 
195 1 -0.9703594431165651 -1.076616653678546 -1.0365879139842487 -1.1764046593930204 -1.1552466471115612 -1.1798148274871467 -1.1646265905144626 
196 1 -0.7489901665805295 -0.6373570589776993 -0.649473125979241 -0.8812316972967761 -0.7152389116129573 0.4645222347090068 -0.7575905180257495 
197 1 -0.41693625177647636 -0.5055791805674453 -0.649473125979241 -1.0042204315035446 -1.1063568987228276 -0.9057586504544545 -1.0080742549418806 
198 1 -0.8043324857145384 -1.1205426131486307 -1.0068098533684788 -1.201002406234374 -1.1796915213059282 -1.316842916003493 -1.1333161233999463 
199 -1 0.3578562160996478 0.46079192777441735 0.3034248137253932 0.6192308600257996 0.4336701755222867 1.4237188543234296 0.4322072323258734 
200 1 -0.9703594431165651 -1.0326906942084613 -1.0961440352157883 -1.2501978999170815 -1.204136395500295 -1.1798148274871467 -1.0706951891709136 
201 1 1.0219640457077543 1.031829400885518 1.0478763291196387 0.3240578979295553 1.3381305207138618 0.8756065002580452 1.371521245761365 
202 -1 1.0773063648417631 1.295385157706026 1.2861008140457972 0.7422195942325682 0.9959022819927252 0.8756065002580452 1.214968910188783 
203 -1 0.8005947691717188 0.5925698061846714 0.5416492986515518 0.49624212581903115 0.6292291690772218 1.1496626772907375 0.5574491007839389 
204 -1 0.7452524500377099 0.7243476845949254 0.9287640866565594 0.4470466321363238 1.020347156187092 1.0126345887743913 1.434142179990398 
205 -1 0.5792254926356832 0.5925698061846714 0.7798737835777103 0.2748624042468479 0.4825599239110205 1.4237188543234296 0.9018642390436192 
206 1 -0.9703594431165651 -1.1205426131486307 -1.1854782170630978 -1.2747956467584352 -1.204136395500295 -1.1798148274871467 -1.1646265905144626 
207 -1 1.0773063648417631 1.031829400885518 1.1074324503511783 0.2502646574054942 0.5558945464941212 2.1088592969051603 0.7766223705855537 
208 -1 0.689910130903701 0.8561255630051794 0.9287640866565594 0.22566691056414048 0.04255218841241644 1.2866907658070836 0.15041302829522582 
209 1 -0.6936478474465207 -1.0326906942084613 -1.0365879139842487 -1.1764046593930204 -1.1552466471115612 -1.0427867389708005 -1.0706951891709136 
210 1 -0.9150171239825562 -1.076616653678546 -1.1259220958315581 -1.2501978999170815 -1.1552466471115612 -1.1798148274871467 -1.195937057628979 
211 -1 1.2986756413777987 1.558940914526534 1.4349911171246463 1.2341745310596421 1.680358759434998 0.32749414619266065 1.9037991867081439 
212 1 -0.6383055283125119 -0.8569868563281227 -0.8876976109053996 -1.127209165710313 -1.1552466471115612 -1.1798148274871467 -1.0706951891709136 
213 -1 1.132648683975772 1.2514591982359413 1.1372105109669481 0.8160128347566293 0.9470125336039915 0.738578411741699 1.3089003115323323 
214 1 -1.025701762250574 -1.0326906942084613 -1.0068098533684788 -1.225600153075728 -1.1308017729171944 -1.1798148274871467 -1.10200565628543 
215 1 -0.8596748048485473 -0.417727261627276 -0.5601389441319315 1.3817610121077644 0.1892214335786178 0.32749414619266065 -0.31924397842252006 
216 -1 -0.25090929437444975 0.15331021148382468 0.06520032879923465 0.9881970626461052 0.40922530132791984 0.32749414619266065 0.2130339625242586 
217 1 -0.8043324857145384 -0.7252089779178686 -0.9472537321369392 -1.1518069125516668 -1.1063568987228276 -0.9057586504544545 -1.10200565628543 
218 -1 0.30251389696563896 0.19723617095390936 0.12475645003077429 0.4470466321363238 0.4825599239110205 1.0126345887743913 0.400896765211357 
219 -1 3.9551069598102244 3.008497577039328 2.47722323867659 1.6769339742040088 1.1425715271589265 0.32749414619266065 0.9957956403871684 
220 1 -0.9703594431165651 -1.1205426131486307 -1.1259220958315581 -1.2501978999170815 -1.204136395500295 -1.316842916003493 -1.10200565628543 
221 -1 1.7967565135838783 1.7346447524068727 1.9114400869769634 0.7422195942325682 1.1425715271589265 1.8348031198724681 1.6220049826774963 
222 -1 0.6345678117696921 0.7243476845949254 1.1967666321984878 0.9635993158047514 0.8736779110208908 0.738578411741699 0.400896765211357 
223 1 -0.9703594431165651 -1.2083945320888 -1.155700156447328 -1.225600153075728 -1.1796915213059282 -1.1798148274871467 -1.0706951891709136 
224 1 0.689910130903701 0.6364957656547561 0.7798737835777103 0.2748624042468479 0.5314496722997543 0.738578411741699 0.8079328377000701 
225 -1 0.4131985352336567 0.7243476845949254 0.660761541114631 0.8652083284393367 0.7514535400490563 0.8756065002580452 0.8079328377000701 
226 1 -1.025701762250574 -1.0326906942084613 -1.0961440352157883 -1.1764046593930204 -1.1796915213059282 -1.1798148274871467 -1.10200565628543 
227 1 -0.8043324857145384 -1.1205426131486307 -1.0365879139842487 -1.201002406234374 -1.204136395500295 -1.1798148274871467 -1.10200565628543 
228 -1 1.4647025987798252 1.3832370766461954 2.149664571903122 0.9881970626461052 1.5581343884631638 1.0126345887743913 1.8098677853645946 
229 -1 -0.08488233697242314 0.15331021148382468 0.39275899557270266 0.594633113184446 0.7025637916603226 0.4645222347090068 0.7140014363565209 
230 1 -0.47227857091048525 -0.06631958586659865 -0.11346803489538426 1.08658805001152 0.3847804271335529 0.601550323225353 -0.006139307277356134 
231 -1 0.8559370883057277 0.8561255630051794 0.7203176623461707 0.39785113845361636 0.8003432884377901 1.8348031198724681 1.058416574616201 
232 1 -0.8596748048485473 -1.076616653678546 -1.0663659746000185 -1.225600153075728 -1.1796915213059282 -1.1798148274871467 -1.10200565628543 
233 1 -0.9150171239825562 -1.0326906942084613 -1.1259220958315581 -1.201002406234374 -1.204136395500295 -1.1798148274871467 -1.10200565628543 
234 -1 5.338664938160446 4.414128280082037 3.6683456633073828 1.4309565057904718 1.044792030381459 1.0126345887743913 1.3402107786468487 
235 -1 1.0219640457077543 1.1636072792957721 1.2861008140457972 0.840610581597983 1.3625753949082287 0.8756065002580452 1.121037508845234 
236 -1 1.7967565135838783 1.6028668739966188 1.6136594808192652 0.7176218473912145 0.7025637916603226 1.4237188543234296 0.8705537719291029 
237 1 -0.9150171239825562 -0.8569868563281227 -0.8876976109053996 -1.0288181783448982 -1.1063568987228276 -0.9057586504544545 -1.10200565628543 
238 1 -0.8596748048485473 -0.9887647347383767 -1.0663659746000185 -1.201002406234374 -1.1552466471115612 -1.316842916003493 -1.1333161233999463 
239 -1 0.30251389696563896 0.2850880898940787 0.39275899557270266 1.6277384805213013 1.2403510239363942 1.0126345887743913 1.0897270417307177 
240 -1 1.2433333222437897 1.2075332387658568 1.0478763291196387 0.8160128347566293 0.7270086658546895 0.8756065002580452 0.9018642390436192 
241 1 -0.8043324857145384 -1.0326906942084613 -1.0663659746000185 -1.225600153075728 -1.1552466471115612 -1.1798148274871467 -1.039384722056397 
242 -1 0.4685408543676655 0.5047178872445021 0.5416492986515518 0.3240578979295553 0.7270086658546895 0.0534379691599684 0.8705537719291029 
243 1 -1.025701762250574 -1.0326906942084613 -1.0068098533684788 -1.201002406234374 -1.1796915213059282 -1.1798148274871467 -1.1333161233999463 
244 1 -0.8596748048485473 -0.8130608968580381 -1.0068098533684788 -1.127209165710313 -1.1552466471115612 -0.4946743849054161 -1.039384722056397 
245 1 -0.5276208900444941 -0.022393626396513985 -0.1730241561269239 1.3325655184250569 0.604784294882855 0.32749414619266065 0.08779209406619304 
246 1 -0.8043324857145384 -0.8130608968580381 -0.9174756715211694 -1.0288181783448982 -1.0819120245284606 0.601550323225353 -1.0080742549418806 
247 1 -0.8596748048485473 -0.9009128157982074 -1.0365879139842487 -1.1518069125516668 -1.1552466471115612 -0.35764629638907 -1.10200565628543 
248 -1 1.0773063648417631 0.9879034414154334 1.0478763291196387 0.49624212581903115 0.8736779110208908 1.1496626772907375 1.121037508845234 
249 1 -0.8596748048485473 -0.54950514003753 -0.7685853684423203 1.3079677715837033 0.2381111819673516 -0.22061820787272385 -0.35055444553703646 
250 1 -0.8043324857145384 -0.9887647347383767 -1.0663659746000185 -1.201002406234374 -1.1552466471115612 -1.1798148274871467 -1.10200565628543 
251 1 -1.025701762250574 -1.0326906942084613 -1.0068098533684788 -1.225600153075728 -1.204136395500295 -1.316842916003493 -1.1333161233999463 
252 1 -0.8596748048485473 -0.9887647347383767 -1.0068098533684788 -1.201002406234374 -1.1796915213059282 -1.1798148274871467 -1.0080742549418806 
253 -1 0.7452524500377099 0.7682736440650101 0.6309834804988612 0.4470466321363238 0.7514535400490563 0.738578411741699 0.9957956403871684 
254 1 -0.9150171239825562 -1.076616653678546 -1.0663659746000185 -1.225600153075728 -1.1796915213059282 -1.1798148274871467 -1.1333161233999463 
255 1 -0.9150171239825562 -0.9448387752682921 -1.0663659746000185 -1.1764046593930204 -1.1552466471115612 -1.1798148274871467 -1.1333161233999463 
256 1 -1.1363864005185917 -1.076616653678546 -0.9174756715211694 -0.8566339504554223 -0.764128660001691 -1.1798148274871467 -0.9141428535983315 
257 1 -1.025701762250574 -0.9009128157982074 -0.9472537321369392 -1.1764046593930204 -1.1796915213059282 -0.7687305619381084 -1.0706951891709136 
258 -1 2.018125790119914 1.6467928334667035 1.5838814202034954 0.7422195942325682 1.1914612755476603 1.1496626772907375 1.3402107786468487 
259 -1 0.19182925869762119 0.6804217251248407 0.6309834804988612 1.2095767842182885 1.1670164013532935 0.601550323225353 1.1836584430742667 
260 -1 0.6345678117696921 0.6364957656547561 0.6905396017304009 0.05348268267466457 0.2381111819673516 1.4237188543234296 0.4322072323258734 
261 1 -0.9150171239825562 -1.1205426131486307 -1.0365879139842487 -1.225600153075728 -1.204136395500295 -1.1798148274871467 -1.039384722056397 
262 -1 0.9666217265737453 1.1196813198256874 1.1967666321984878 0.3732533916122627 0.6536740432715887 1.971831208388814 0.9331747061581356 
263 -1 0.7452524500377099 0.7682736440650101 0.988320207888099 0.20106916372278677 0.9714574077983583 1.2866907658070836 1.214968910188783 
264 -1 0.19182925869762119 0.8121996035350947 0.9287640866565594 0.9390015689633978 0.40922530132791984 -0.08359011935637772 0.30696536386780776 
265 -1 0.4131985352336567 0.32901404936416334 0.12475645003077429 0.9144038221220441 0.4336701755222867 0.738578411741699 0.30696536386780776 
266 -1 -0.5276208900444941 -0.022393626396513985 -0.08368997427961444 1.480151999473179 0.824788162632157 -0.08359011935637772 0.33827583098232417 
267 1 -0.8596748048485473 -1.0326906942084613 -1.0663659746000185 -1.225600153075728 -1.204136395500295 -1.316842916003493 -1.1333161233999463 
268 -1 1.2986756413777987 1.2514591982359413 1.1967666321984878 0.6438286068671534 0.8492330368265238 0.738578411741699 0.9331747061581356 
269 1 -0.8596748048485473 -0.9448387752682921 -0.8876976109053996 -1.1026114188689593 -1.0330222761397267 -0.9057586504544545 -1.0706951891709136 
270 1 -0.9703594431165651 -1.076616653678546 -1.0961440352157883 -1.2501978999170815 -1.204136395500295 -1.1798148274871467 -1.1333161233999463 
271 -1 0.13648693956361233 0.5486438467145867 0.333202874341163 1.6277384805213013 1.0692369045758259 0.8756065002580452 0.5887595678984553 
272 -1 0.08114462042960346 0.15331021148382468 0.1545345106465441 0.348655644770909 0.5070047981053875 0.601550323225353 0.4322072323258734 
273 1 -1.025701762250574 -1.076616653678546 -1.0068098533684788 -1.2501978999170815 -1.228581269694662 -1.1798148274871467 -1.0706951891709136 
274 1 -0.02954001783841428 0.2850880898940787 0.3034248137253932 1.258772277900996 0.7270086658546895 0.601550323225353 0.49482816655490613 
275 -1 0.8005947691717188 0.7682736440650101 1.4052130565088765 0.8160128347566293 1.533689514268797 1.0126345887743913 1.7472468511355619 
276 1 -0.9150171239825562 -1.076616653678546 -1.0365879139842487 -1.201002406234374 -1.204136395500295 -1.1798148274871467 -1.10200565628543 
277 1 -0.9703594431165651 -0.5934310995076146 -0.6196950653634712 1.08658805001152 0.26255605616171845 0.738578411741699 -0.28793351130800365 
278 1 -1.025701762250574 -1.076616653678546 -1.1259220958315581 -1.2501978999170815 -1.204136395500295 -1.1798148274871467 -1.1333161233999463 
279 -1 -0.02954001783841428 0.24116213042399404 0.36298093495693284 0.4224488852949701 0.09144193680115022 0.8756065002580452 0.05648162695167665 
280 1 -0.9703594431165651 -1.1205426131486307 -1.0365879139842487 -1.2501978999170815 -1.204136395500295 -1.1798148274871467 -1.1646265905144626 
281 -1 0.689910130903701 0.6804217251248407 0.7798737835777103 0.4224488852949701 0.140331685189884 0.32749414619266065 0.05648162695167665 
282 -1 0.5792254926356832 0.8121996035350947 0.6905396017304009 0.840610581597983 0.7514535400490563 1.8348031198724681 0.33827583098232417 
283 1 -0.30625161350845864 -0.11024554533668332 -0.11346803489538426 1.2833700247423496 0.2381111819673516 0.19046605767631453 -0.1626916428499381 
284 1 -0.47227857091048525 -0.4616532210973607 -0.5303608835161617 -0.8566339504554223 -1.00857740194536 0.8756065002580452 -0.9454533207128479 
285 -1 0.30251389696563896 0.46079192777441735 0.7798737835777103 0.348655644770909 0.824788162632157 0.32749414619266065 1.058416574616201 
286 -1 0.3578562160996478 0.46079192777441735 0.6012054198830914 0.5454376195017386 0.5803394206884881 0.8756065002580452 0.5887595678984553 
287 1 -0.9150171239825562 -1.1205426131486307 -1.0663659746000185 -1.225600153075728 -1.1796915213059282 -1.1798148274871467 -1.10200565628543 
288 -1 0.8005947691717188 1.031829400885518 1.1074324503511783 1.160381290535581 0.40922530132791984 0.601550323225353 0.244344429638775 
289 1 -0.8596748048485473 -1.076616653678546 -1.1259220958315581 -1.201002406234374 -1.1796915213059282 -1.1798148274871467 -1.1333161233999463 
290 1 -0.14022465610643203 -0.022393626396513985 -0.0241338530480748 -0.5122654946764705 -0.07967218255941803 -1.1798148274871467 0.244344429638775 
291 -1 0.24717157783163007 0.7682736440650101 0.5416492986515518 0.9390015689633978 0.9959022819927252 0.8756065002580452 0.4322072323258734 
292 -1 1.132648683975772 1.0757553603556027 0.9585421472723292 0.7914150879152756 1.2159061497420274 0.738578411741699 1.277589844417816 
293 1 -0.9703594431165651 -1.0326906942084613 -1.1259220958315581 -1.225600153075728 -1.204136395500295 -1.1798148274871467 -1.10200565628543 
294 -1 2.350179704923967 2.2178303065778042 2.000774268824273 1.3079677715837033 1.8759177529899331 0.8756065002580452 2.0290410551662097 
295 -1 0.689910130903701 0.8561255630051794 0.8989860260407896 0.9390015689633978 1.3381305207138618 0.738578411741699 0.9331747061581356 
296 1 -0.8043324857145384 -1.0326906942084613 -1.1259220958315581 -1.225600153075728 -1.204136395500295 -1.1798148274871467 -1.1646265905144626 
297 1 -0.6383055283125119 -0.8569868563281227 -0.9174756715211694 -1.1026114188689593 -1.1308017729171944 -1.0427867389708005 -1.10200565628543 
298 1 -0.9703594431165651 -1.076616653678546 -1.0663659746000185 -1.225600153075728 -1.1796915213059282 -1.316842916003493 -1.10200565628543 
299 1 -0.9150171239825562 -1.1644685726187154 -1.0663659746000185 -1.225600153075728 -1.204136395500295 -1.316842916003493 -1.1333161233999463 
300 -1 1.6860718753158606 1.5150149550564493 0.6905396017304009 0.4470466321363238 1.289240772325128 1.5607469428397758 1.6220049826774963 
301 -1 0.08114462042960346 0.24116213042399404 0.333202874341163 0.2502646574054942 0.5803394206884881 1.1496626772907375 0.7140014363565209 
302 -1 1.2986756413777987 0.9439774819453487 0.9287640866565594 0.348655644770909 0.7758984142434232 1.0126345887743913 0.9018642390436192 
303 -1 0.02580230129559459 0.4168659683043327 0.2736467531096234 0.49624212581903115 0.9470125336039915 0.8756065002580452 0.7766223705855537 
304 -1 -0.30625161350845864 0.10938425201374002 -0.0241338530480748 1.0127948094874588 0.9470125336039915 0.738578411741699 0.30696536386780776 
305 1 -0.8043324857145384 -1.2083945320888 -1.0961440352157883 -1.225600153075728 -1.204136395500295 -1.1798148274871467 -1.1333161233999463 
306 -1 0.7452524500377099 0.6804217251248407 0.7798737835777103 0.10267817635737198 0.31144580455045223 0.8756065002580452 0.46351769944038973 
307 -1 1.2433333222437897 1.295385157706026 1.4052130565088765 0.47164437897767747 0.7270086658546895 0.8756065002580452 0.9018642390436192 
308 -1 0.9666217265737453 0.8561255630051794 0.9287640866565594 0.29946015108820156 0.5314496722997543 0.32749414619266065 0.7140014363565209 
309 -1 0.4685408543676655 0.5486438467145867 0.83942990480925 0.6438286068671534 0.9714574077983583 0.738578411741699 0.9018642390436192 
310 -1 0.4131985352336567 0.5925698061846714 0.4225370561884725 1.258772277900996 1.289240772325128 -0.08359011935637772 0.964485173272652 
311 -1 0.4131985352336567 0.6804217251248407 0.6309834804988612 1.08658805001152 1.044792030381459 0.8756065002580452 0.6200700350129718 
312 1 -0.8596748048485473 -1.076616653678546 -1.0663659746000185 -1.225600153075728 -1.204136395500295 -1.1798148274871467 -1.0706951891709136 
313 1 -0.9703594431165651 -1.1644685726187154 -1.0663659746000185 -1.225600153075728 -1.1796915213059282 -1.1798148274871467 -1.10200565628543 
314 1 -0.8043324857145384 -1.0326906942084613 -0.977031792752709 -1.201002406234374 -1.1796915213059282 -1.1798148274871467 -1.0706951891709136 
315 -1 0.4131985352336567 0.5925698061846714 0.6012054198830914 0.22566691056414048 0.36033555293918607 1.1496626772907375 0.5574491007839389 
316 -1 1.6307295561818518 1.6467928334667035 1.494547238356186 0.8160128347566293 1.1914612755476603 0.8756065002580452 1.3402107786468487 
317 1 -0.8596748048485473 -1.076616653678546 -1.0068098533684788 -1.201002406234374 -1.1796915213059282 -1.1798148274871467 -1.10200565628543 
318 1 -0.8596748048485473 -0.32987534268710667 -0.321914459205773 1.0373925563288127 0.6781189174659557 0.32749414619266065 0.15041302829522582 
319 1 -0.9703594431165651 -1.1205426131486307 -1.0365879139842487 -1.201002406234374 -1.204136395500295 -1.1798148274871467 -1.10200565628543 
320 1 -0.582963209178503 -0.8569868563281227 -0.8876976109053996 -0.9796226846621908 -0.6663491632242234 -0.7687305619381084 -0.6010381824531675 
321 -1 -0.1955669752404409 -0.022393626396513985 0.005644207567695019 0.7422195942325682 0.4336701755222867 -0.08359011935637772 0.46351769944038973 
322 1 -0.8043324857145384 -0.54950514003753 -0.7388073078265505 0.8652083284393367 -0.0063375599763173494 -0.08359011935637772 -0.5697277153386512 
323 -1 0.30251389696563896 0.37294000883424805 0.36298093495693284 0.8652083284393367 0.7514535400490563 1.1496626772907375 0.6513805021274881 
324 -1 0.9666217265737453 0.9879034414154334 0.9287640866565594 0.4224488852949701 1.2159061497420274 0.738578411741699 1.3089003115323323 
325 -1 0.7452524500377099 0.7243476845949254 0.7500957229619405 0.4470466321363238 0.5558945464941212 0.4645222347090068 0.49482816655490613 
326 -1 0.5792254926356832 0.8121996035350947 0.8989860260407896 1.1849790373769349 0.9470125336039915 1.0126345887743913 0.8079328377000701 
327 1 -0.6383055283125119 -0.6373570589776993 -0.8281414896738599 -1.0780136720276057 -1.1552466471115612 -1.0427867389708005 -1.0706951891709136 
328 -1 1.4093602796458162 1.3832370766461954 1.4647691777404162 0.9635993158047514 1.044792030381459 0.8756065002580452 1.2462793773032996 
329 1 0.19182925869762119 0.37294000883424805 0.3034248137253932 0.6684263537085071 0.4336701755222867 0.738578411741699 0.15041302829522582 
330 -1 -0.02954001783841428 0.06545829254365536 0.09497838941500447 1.0127948094874588 0.7270086658546895 0.601550323225353 0.2756548967532914 
331 -1 0.8559370883057277 0.7682736440650101 0.7798737835777103 0.17647141688143309 0.4581150497166536 1.5607469428397758 0.7453119034710373 
332 -1 1.6307295561818518 1.4710889955863649 1.4647691777404162 0.594633113184446 0.9959022819927252 1.2866907658070836 0.9331747061581356 
333 1 -1.025701762250574 -0.9887647347383767 -0.9472537321369392 -1.1764046593930204 -1.1796915213059282 -1.1798148274871467 -1.1333161233999463 
334 1 -0.7489901665805295 -0.4616532210973607 -0.5899170047477014 1.3325655184250569 0.28700093035608537 -0.22061820787272385 -0.31924397842252006 
335 -1 1.0773063648417631 1.1196813198256874 1.2563227534300274 0.5700353663430923 0.7514535400490563 0.601550323225353 0.7766223705855537 
336 1 -0.9150171239825562 -1.1205426131486307 -1.0365879139842487 -1.225600153075728 -1.228581269694662 -1.316842916003493 -1.195937057628979 
337 -1 0.7452524500377099 0.8561255630051794 1.166988571582718 0.8898060752806903 1.4603548916856963 1.0126345887743913 1.841178252479111 
338 1 -0.6936478474465207 -0.54950514003753 -0.649473125979241 -1.0288181783448982 -1.0574671503340938 -0.7687305619381084 -1.0080742549418806 
339 -1 1.187991003109781 1.1636072792957721 1.0478763291196387 0.8160128347566293 0.9470125336039915 0.8756065002580452 0.8705537719291029 
340 -1 0.8559370883057277 0.9000515224752641 0.8096518441934801 0.8652083284393367 0.604784294882855 0.8756065002580452 0.5261386336694225 
341 -1 -0.47227857091048525 -0.154171504806768 -0.23258027735846354 1.504749746314533 0.6292291690772218 0.4645222347090068 0.05648162695167665 
342 -1 1.7414141944498696 1.4710889955863649 1.5838814202034954 0.6192308600257996 1.289240772325128 1.1496626772907375 1.5593840484484636 
343 1 -0.9703594431165651 -0.9887647347383767 -1.0365879139842487 -1.225600153075728 -1.204136395500295 -1.316842916003493 -1.1333161233999463 
344 1 -0.9150171239825562 -1.0326906942084613 -1.0365879139842487 -1.201002406234374 -1.1796915213059282 -1.1798148274871467 -1.1333161233999463 
345 1 -0.9703594431165651 -0.7691349373879534 -0.8281414896738599 0.17647141688143309 -0.42190042128055455 -0.08359011935637772 -0.6636591166822003 
346 1 -1.025701762250574 -1.0326906942084613 -1.0961440352157883 -1.201002406234374 -1.1796915213059282 -1.1798148274871467 -1.10200565628543 
347 1 -1.025701762250574 -1.076616653678546 -1.0068098533684788 -1.1764046593930204 -1.1552466471115612 -1.453871004519839 -1.1333161233999463 
348 -1 0.4685408543676655 0.46079192777441735 0.5416492986515518 0.7176218473912145 0.8492330368265238 0.8756065002580452 0.4322072323258734 
349 1 -0.47227857091048525 -0.32987534268710667 -0.321914459205773 0.5454376195017386 0.140331685189884 0.19046605767631453 -0.1313811757354217 
350 1 -0.8043324857145384 -0.3738013021571913 -0.6196950653634712 1.2833700247423496 0.40922530132791984 0.8756065002580452 -0.4131753797660692 
351 -1 1.2986756413777987 1.558940914526534 1.3754349958931067 1.406358758949118 1.3625753949082287 0.601550323225353 1.3402107786468487 
352 -1 -0.14022465610643203 0.7243476845949254 0.83942990480925 0.39785113845361636 0.4336701755222867 -0.35764629638907 0.49482816655490613 
353 -1 0.8005947691717188 0.8121996035350947 0.5416492986515518 0.5208398726603849 0.5314496722997543 0.32749414619266065 0.36958629809684057 
354 -1 0.4685408543676655 0.6804217251248407 0.9287640866565594 0.29946015108820156 0.8492330368265238 0.601550323225353 1.0897270417307177 
355 1 -0.8043324857145384 -1.1644685726187154 -1.0663659746000185 -1.201002406234374 -1.204136395500295 -1.0427867389708005 -1.10200565628543 
356 1 -0.1955669752404409 0.021532333073570685 -0.11346803489538426 1.6031407336799477 0.8736779110208908 0.738578411741699 0.244344429638775 
357 -1 0.02580230129559459 0.37294000883424805 0.333202874341163 0.9390015689633978 0.9225676594096246 0.4645222347090068 0.7453119034710373 
358 -1 0.13648693956361233 0.2850880898940787 0.39275899557270266 -0.11870154521481133 0.018107314218049543 0.8756065002580452 -0.1626916428499381 
359 -1 0.6345678117696921 0.7682736440650101 0.7500957229619405 0.4470466321363238 0.6536740432715887 1.0126345887743913 0.8392433048145864 
360 1 -1.025701762250574 -1.1644685726187154 -1.0068098533684788 -1.225600153075728 -1.204136395500295 -1.1798148274871467 -1.10200565628543 
361 -1 0.689910130903701 0.6804217251248407 0.9585421472723292 0.840610581597983 1.264795898130761 0.4645222347090068 1.59069451556298 
362 1 -0.6936478474465207 -0.54950514003753 -0.7685853684423203 -0.9550249378208372 -1.0819120245284606 0.601550323225353 -1.0706951891709136 
363 -1 1.4647025987798252 1.1196813198256874 1.0478763291196387 0.22566691056414048 0.5558945464941212 0.8756065002580452 0.6513805021274881 
364 1 -0.9703594431165651 -1.076616653678546 -1.0663659746000185 -1.225600153075728 -1.204136395500295 -1.1798148274871467 -1.10200565628543 
365 -1 0.5792254926356832 0.5047178872445021 0.5416492986515518 0.20106916372278677 0.2381111819673516 1.0126345887743913 0.2130339625242586 
366 1 -0.14022465610643203 0.021532333073570685 0.09497838941500447 0.5208398726603849 0.8736779110208908 0.0534379691599684 0.8705537719291029 
367 1 -0.9703594431165651 -1.0326906942084613 -1.1259220958315581 -1.225600153075728 -1.204136395500295 -1.1798148274871467 -1.1646265905144626 
368 1 -0.8043324857145384 -0.9009128157982074 -0.8876976109053996 -1.127209165710313 -1.1552466471115612 -1.0427867389708005 -1.039384722056397 
369 1 -0.8043324857145384 -0.5934310995076146 -0.6792511865950108 0.6930241005498607 0.1647765593842509 -0.35764629638907 -0.4444858468805856 
370 -1 1.4647025987798252 1.1196813198256874 1.0180982685038689 0.348655644770909 1.020347156187092 1.1496626772907375 1.277589844417816 
371 -1 1.0219640457077543 1.295385157706026 1.9412181475927333 1.3325655184250569 0.7025637916603226 0.32749414619266065 1.4967631142194306 
372 -1 1.7967565135838783 1.4271630361162801 1.970996208208503 0.8652083284393367 1.4603548916856963 1.971831208388814 1.4028317128758816 
373 1 0.5238831735016745 0.6364957656547561 0.39275899557270266 0.9144038221220441 0.06699706260678333 0.0534379691599684 0.05648162695167665 
374 -1 1.7414141944498696 1.6467928334667035 1.5243252989719558 0.7914150879152756 0.9959022819927252 0.738578411741699 1.2462793773032996 
375 1 -0.8596748048485473 -1.1205426131486307 -1.0663659746000185 -1.2501978999170815 -1.204136395500295 -1.316842916003493 -1.10200565628543 
376 1 -0.8596748048485473 -1.076616653678546 -1.0068098533684788 -1.225600153075728 -1.204136395500295 -1.1798148274871467 -1.10200565628543 
377 -1 0.8559370883057277 0.9000515224752641 0.83942990480925 0.15187367004007937 0.5803394206884881 -1.1798148274871467 0.6826909692420045 
378 1 -0.8596748048485473 -1.1205426131486307 -1.0961440352157883 -1.2747956467584352 -1.228581269694662 -1.1798148274871467 -1.1333161233999463 
379 -1 0.3578562160996478 0.5925698061846714 0.5118712380357819 0.348655644770909 0.21366630777298468 0.738578411741699 0.4322072323258734 
380 1 -0.9703594431165651 -1.076616653678546 -1.0068098533684788 -1.225600153075728 -1.1796915213059282 -1.1798148274871467 -1.1646265905144626 
381 -1 0.689910130903701 0.6364957656547561 0.660761541114631 0.9144038221220441 0.604784294882855 0.8756065002580452 0.8705537719291029 
382 1 -0.9150171239825562 -1.1205426131486307 -1.0365879139842487 -1.225600153075728 -1.204136395500295 -1.1798148274871467 -1.1333161233999463 
383 -1 -0.30625161350845864 -0.11024554533668332 0.09497838941500447 1.1849790373769349 0.7025637916603226 -0.08359011935637772 0.33827583098232417 
384 1 -0.9150171239825562 -0.5934310995076146 -0.7090292472107806 1.406358758949118 0.4336701755222867 -0.35764629638907 -0.35055444553703646 
385 1 -0.9150171239825562 -1.2083945320888 -1.0961440352157883 -1.225600153075728 -1.204136395500295 -1.1798148274871467 -1.0706951891709136 
386 1 -0.8596748048485473 -1.076616653678546 -1.0068098533684788 -1.201002406234374 -1.1796915213059282 -1.1798148274871467 -1.1646265905144626 
387 -1 0.9666217265737453 0.9000515224752641 0.83942990480925 0.47164437897767747 1.1670164013532935 0.8756065002580452 1.4028317128758816 
388 1 -0.9150171239825562 -1.0326906942084613 -1.0663659746000185 -1.201002406234374 -1.1552466471115612 -1.316842916003493 -1.0706951891709136 
389 -1 0.08114462042960346 0.37294000883424805 0.18431257126231393 1.3325655184250569 0.7758984142434232 0.738578411741699 0.400896765211357 
390 1 -0.8596748048485473 -1.1644685726187154 -1.0663659746000185 -1.225600153075728 -1.228581269694662 -1.1798148274871467 -1.10200565628543 
391 -1 0.6345678117696921 0.6804217251248407 0.4820931774200121 0.594633113184446 0.21366630777298468 0.738578411741699 0.08779209406619304 
392 1 -0.8596748048485473 -1.076616653678546 -1.0365879139842487 -1.225600153075728 -1.204136395500295 -1.1798148274871467 -1.039384722056397 
393 -1 0.8559370883057277 0.7682736440650101 0.9287640866565594 0.7422195942325682 1.0692369045758259 0.601550323225353 1.2462793773032996 
394 -1 0.7452524500377099 0.9000515224752641 0.988320207888099 0.29946015108820156 0.7514535400490563 -0.7687305619381084 0.9957956403871684 
395 -1 0.19182925869762119 0.32901404936416334 0.4820931774200121 0.10267817635737198 0.7758984142434232 0.738578411741699 1.121037508845234 
396 1 -0.8596748048485473 -1.076616653678546 -1.0365879139842487 -1.225600153075728 -1.1552466471115612 -1.1798148274871467 -1.1333161233999463 
397 -1 0.24717157783163007 0.19723617095390936 0.1545345106465441 0.3240578979295553 0.1647765593842509 0.601550323225353 0.08779209406619304 
398 -1 2.073468109253923 2.2617562660478887 2.5963354811396693 1.3817610121077644 2.7314883497927744 0.19046605767631453 3.0622864699452506 
399 1 -1.025701762250574 -1.2083945320888 -1.1259220958315581 -1.201002406234374 -1.204136395500295 -1.1798148274871467 -1.1646265905144626 
400 -1 1.6307295561818518 1.3832370766461954 1.2265446928142576 0.594633113184446 0.824788162632157 0.738578411741699 0.9957956403871684 
401 1 -0.9150171239825562 -1.1205426131486307 -1.0961440352157883 -1.2501978999170815 -1.204136395500295 -1.1798148274871467 -1.1333161233999463 
402 1 -0.9703594431165651 -1.1205426131486307 -1.0365879139842487 -1.1764046593930204 -1.204136395500295 -1.1798148274871467 -1.1333161233999463 
403 1 -0.9703594431165651 -0.9009128157982074 -1.0365879139842487 -1.127209165710313 -1.1796915213059282 -0.9057586504544545 -1.0706951891709136 
404 -1 0.19182925869762119 0.24116213042399404 0.36298093495693284 1.160381290535581 1.2403510239363942 0.8756065002580452 0.8079328377000701 
405 -1 0.689910130903701 0.7682736440650101 0.6309834804988612 0.8652083284393367 0.36033555293918607 1.2866907658070836 0.36958629809684057 
406 -1 0.9666217265737453 0.32901404936416334 0.660761541114631 0.6438286068671534 0.5803394206884881 0.738578411741699 0.7766223705855537 
407 1 -0.47227857091048525 -0.24202342374693733 -0.38147058043731263 1.504749746314533 0.6292291690772218 -0.4946743849054161 -0.10007070862090531 
408 -1 0.5238831735016745 0.8561255630051794 1.0776543897354085 0.7176218473912145 0.8003432884377901 0.601550323225353 0.8705537719291029 
409 1 -0.25090929437444975 -0.5055791805674453 -0.38147058043731263 -0.7828407099313612 -0.5930145406411228 -0.6317024734217622 -0.4444858468805856 
410 1 -0.9150171239825562 -1.1205426131486307 -1.0365879139842487 -1.225600153075728 -1.204136395500295 -1.316842916003493 -1.10200565628543 
411 -1 -0.3615939326424675 -0.06631958586659865 -0.26235833797423336 1.0127948094874588 0.5070047981053875 0.32749414619266065 -0.037449774391872526 
412 -1 0.3578562160996478 0.5047178872445021 0.6012054198830914 0.3240578979295553 0.6292291690772218 1.0126345887743913 0.7140014363565209 
413 -1 2.68223361972802 2.525312022868397 2.3878890568292808 1.2095767842182885 1.6314690110462644 1.4237188543234296 1.841178252479111 
414 1 -0.8043324857145384 -0.9887647347383767 -1.0068098533684788 -1.1764046593930204 -1.1796915213059282 -1.316842916003493 -1.10200565628543 
415 -1 0.5238831735016745 0.5486438467145867 0.5714273592673216 0.5208398726603849 0.6781189174659557 0.8756065002580452 0.7453119034710373 
416 -1 0.4685408543676655 0.9879034414154334 1.2861008140457972 0.8898060752806903 0.9959022819927252 1.4237188543234296 1.121037508845234 
417 1 -0.9703594431165651 -1.076616653678546 -1.1854782170630978 -1.225600153075728 -1.204136395500295 -1.1798148274871467 -1.039384722056397 
418 1 0.24717157783163007 0.6364957656547561 0.333202874341163 0.8652083284393367 0.140331685189884 0.601550323225353 0.33827583098232417 
419 1 -1.025701762250574 -1.1205426131486307 -1.1259220958315581 -1.225600153075728 -1.1796915213059282 -1.1798148274871467 -1.0706951891709136 
420 -1 1.7967565135838783 1.5150149550564493 1.4052130565088765 0.9881970626461052 0.8981227852152577 1.2866907658070836 0.9018642390436192 
421 -1 0.8559370883057277 0.9000515224752641 0.9585421472723292 1.2833700247423496 0.604784294882855 1.0126345887743913 1.3402107786468487 
422 1 -0.9150171239825562 -1.1205426131486307 -1.0663659746000185 -1.2501978999170815 -1.204136395500295 -1.1798148274871467 -1.0706951891709136 
423 -1 0.8005947691717188 0.9000515224752641 1.0478763291196387 0.8160128347566293 0.9225676594096246 0.738578411741699 1.0271061075016847 
424 1 -1.0810440813845827 -1.1644685726187154 -1.1259220958315581 -1.2501978999170815 -1.204136395500295 -1.1798148274871467 -1.10200565628543 
425 -1 0.9112794074397365 0.8561255630051794 1.1372105109669481 0.4470466321363238 0.9470125336039915 1.4237188543234296 1.058416574616201 
426 -1 0.689910130903701 0.8121996035350947 1.0180982685038689 0.6930241005498607 0.824788162632157 0.4645222347090068 0.6513805021274881 
427 -1 0.5792254926356832 0.5925698061846714 0.8989860260407896 0.4470466321363238 0.8492330368265238 -0.08359011935637772 1.0897270417307177 
428 -1 1.2433333222437897 0.9439774819453487 1.0180982685038689 0.3240578979295553 1.289240772325128 1.1496626772907375 1.0897270417307177 
429 1 -0.7489901665805295 -0.32987534268710667 -0.4708047622846221 1.2833700247423496 0.40922530132791984 -0.08359011935637772 -0.1940021099644545 
430 1 -0.9150171239825562 -1.1205426131486307 -1.0961440352157883 -1.225600153075728 -1.228581269694662 -1.0427867389708005 -1.10200565628543 
431 1 -0.8596748048485473 -0.8130608968580381 -0.6792511865950108 -0.31548351994564094 0.28700093035608537 -0.08359011935637772 -1.0080742549418806 
432 1 -0.9703594431165651 -1.076616653678546 -1.0961440352157883 -1.225600153075728 -1.204136395500295 -1.0427867389708005 -1.10200565628543 
433 1 -0.9703594431165651 -1.0326906942084613 -1.0663659746000185 -1.201002406234374 -1.1796915213059282 -1.1798148274871467 -1.039384722056397 
434 1 -0.8596748048485473 -0.8569868563281227 -1.0663659746000185 -1.1518069125516668 -1.1308017729171944 -1.0427867389708005 -1.0706951891709136 
435 -1 0.30251389696563896 0.4168659683043327 0.5714273592673216 0.1272759231987257 0.4336701755222867 0.8756065002580452 0.6200700350129718 
436 1 -0.8043324857145384 -0.9009128157982074 -1.0663659746000185 -1.201002406234374 -1.1552466471115612 -1.0427867389708005 -1.1646265905144626 
437 1 -1.025701762250574 -1.1205426131486307 -1.0663659746000185 -1.225600153075728 -1.204136395500295 -1.316842916003493 -1.10200565628543 
438 -1 0.08114462042960346 0.15331021148382468 0.09497838941500447 0.840610581597983 0.5314496722997543 0.738578411741699 0.33827583098232417 
439 1 -0.25090929437444975 0.2850880898940787 0.18431257126231393 1.1849790373769349 1.020347156187092 0.4645222347090068 0.8079328377000701 
440 -1 0.24717157783163007 0.37294000883424805 0.6012054198830914 0.7176218473912145 -0.10411705675378492 0.4645222347090068 -0.31924397842252006 
441 1 -1.1363864005185917 -1.0326906942084613 -1.0365879139842487 -1.225600153075728 -1.204136395500295 -1.1798148274871467 -1.10200565628543 
442 1 -0.9703594431165651 -1.0326906942084613 -1.1259220958315581 -1.2501978999170815 -1.204136395500295 -1.316842916003493 -1.1333161233999463 
443 1 -0.9703594431165651 -0.7252089779178686 -0.7983634290580901 0.7668173410739219 -0.12856193094815183 0.19046605767631453 -0.5384172482241348 
444 -1 1.575387237047843 1.6028668739966188 1.7923278445138842 0.7668173410739219 1.4114651432969625 0.8756065002580452 1.684625916906529 
445 -1 3.235656811068109 2.7449418202188203 2.179442632518892 1.7261294678867163 1.4603548916856963 0.601550323225353 1.3089003115323323 
446 -1 0.08114462042960346 0.19723617095390936 0.09497838941500447 1.258772277900996 0.6292291690772218 0.601550323225353 0.15041302829522582 
447 -1 0.7452524500377099 0.5925698061846714 0.5416492986515518 -0.02031055784939653 0.33589067874481915 0.0534379691599684 0.4322072323258734 
448 -1 1.7967565135838783 1.5150149550564493 1.4052130565088765 0.8652083284393367 0.7514535400490563 0.738578411741699 0.7453119034710373 
449 1 -0.9150171239825562 -1.1205426131486307 -1.0663659746000185 -1.225600153075728 -1.204136395500295 -1.1798148274871467 -1.10200565628543 
450 1 -0.9703594431165651 -1.1644685726187154 -1.155700156447328 -1.2501978999170815 -1.228581269694662 -1.1798148274871467 -1.195937057628979 
451 -1 1.0773063648417631 1.031829400885518 1.1074324503511783 1.0619903031701663 1.3870202691025955 0.601550323225353 1.3089003115323323 
452 -1 0.24717157783163007 0.5047178872445021 0.5118712380357819 0.7668173410739219 1.1914612755476603 0.8756065002580452 0.8392433048145864 
453 -1 0.3578562160996478 0.5486438467145867 0.4523151168042423 0.9144038221220441 0.31144580455045223 0.601550323225353 0.11910256118070943 
454 1 -0.9150171239825562 -1.1205426131486307 -1.0663659746000185 -1.2501978999170815 -1.1552466471115612 -1.316842916003493 -1.10200565628543 
455 1 -0.9703594431165651 -1.1205426131486307 -1.0663659746000185 -1.2501978999170815 -1.204136395500295 -1.1798148274871467 -1.10200565628543 
456 -1 0.19182925869762119 0.4168659683043327 0.2736467531096234 0.4470466321363238 0.604784294882855 1.0126345887743913 0.7140014363565209 
457 -1 1.4647025987798252 1.4710889955863649 1.2861008140457972 1.480151999473179 1.8025831304068325 1.0126345887743913 1.8724887195936273 
458 -1 0.8559370883057277 0.9000515224752641 0.8692079654250198 0.8898060752806903 0.604784294882855 1.0126345887743913 1.0897270417307177 
