id label data 
0 -1 0.5890280588794518 0.6450785058707454 0.9278425504787314 0.7482327649815832 1.1958918915097456 1.3863832081545724 1.1842326468189577 
1 -1 1.349087156541973 1.3832435713216076 1.4617866301649667 1.0933974274203235 1.073650136164348 0.7028709712663354 0.9972914162022313 
2 1 -0.9310901364455907 -0.8746730994692649 -0.911298168440523 -1.051554403448992 -1.1267014600528082 -0.9375583972654334 -1.1213758641206684 
3 1 -0.7682203298036219 -0.9180945739075509 -1.0596159683533661 -1.199482115922738 -1.1511498111218879 -0.8008559498877861 -1.0590621205817594 
4 1 -0.8225102653509448 -1.135201946098981 -1.148606648301072 -1.2487913534139865 -1.2000465132600469 -1.2109632920207283 -1.1213758641206684 
5 -1 1.9462764475625254 1.7306153668278959 1.580440870095241 1.2166705211484452 1.733755615029495 0.8395734186439827 1.8696838257469546 
6 -1 0.5890280588794518 0.42797113367931544 0.4532255907576335 0.4770319587797157 0.8780633276117119 0.8395734186439827 0.9349776726633224 
7 -1 1.5119569631839418 1.2964006224450357 1.194814590321849 0.8468512399640804 0.926960029749871 1.1129783133992774 0.9972914162022313 
8 1 -0.9310901364455907 -1.091780471660695 -1.1189430883185034 -1.2487913534139865 -1.1755981621909675 -1.3476657393983758 -1.0902189923512138 
9 -1 0.2632884455955141 0.34112818480274343 0.3049077908447904 0.6496142899990859 0.3401996040919626 0.01935873437809831 0.37415398081314316 
10 -1 0.31757838114283704 0.5582355569941735 0.6608705106356139 0.27979500881472114 0.6335798169209168 1.249680760776925 0.8415070573549592 
11 1 -0.605350523161653 -0.31019393177154675 -0.525671888667131 1.0933974274203235 0.5357864126445987 0.01935873437809831 -0.15551283926758172 
12 1 -0.5510605876143301 -0.17992950845668873 -0.37735408875428783 0.7235781462359588 0.07126774233208792 -0.6641535025101387 -0.4670815569621258 
13 -1 1.0776374788053582 1.1227147246918916 0.9278425504787314 1.1427066649115722 1.3425819979242228 0.9762758660216301 1.5581151080524105 
14 1 -0.9310901364455907 -1.135201946098981 -1.1782702082836405 -1.2241367346683623 -1.2000465132600469 -1.2109632920207283 -1.0902189923512138 
15 -1 0.15470857450086822 0.34112818480274343 0.6608705106356139 0.8715058587097048 1.1714435404406662 0.2927636291333931 1.5892719798218649 
16 1 -0.38819078097236126 0.08059933817302734 0.21591711089708454 1.2166705211484452 1.122546838302507 0.01935873437809831 0.6857226985076872 
17 1 -0.7139303942562989 -0.4838798295246908 -0.5849990086322682 0.8221966212184562 -0.24656082156594578 -0.6641535025101387 0.00027151957969030727 
18 1 -1.0396700075402365 -1.222044894975553 -1.0596159683533661 -1.2487913534139865 -1.2244948643291265 -1.2109632920207283 -1.1525327358901227 
19 -1 0.9147676721633895 0.8621858780621755 0.8981789904961628 0.3291042463059698 0.6335798169209168 0.8395734186439827 0.8415070573549592 
20 1 -0.8225102653509448 -1.091780471660695 -1.148606648301072 -1.2487913534139865 -1.2000465132600469 -1.2109632920207283 -1.183689607659577 
21 1 -0.4424807165196842 -0.17992950845668873 -0.34769052877171924 1.660453658569683 0.1935094976774855 0.2927636291333931 -0.24898345457594492 
22 1 -0.8768002008982677 -0.8746730994692649 -0.911298168440523 -1.051554403448992 -1.0044597047074109 0.8395734186439827 -0.9655915052733962 
23 1 -0.8225102653509448 -0.7878301505926929 -0.9706252884056602 -1.1748274971771135 -1.0778047579146492 0.2927636291333931 -1.0590621205817594 
24 1 -0.9310901364455907 -1.048358997222409 -1.148606648301072 -1.2487913534139865 -1.2000465132600469 -1.2109632920207283 -1.1213758641206684 
25 1 -1.0939599430875595 -1.135201946098981 -1.0596159683533661 -1.199482115922738 -1.2000465132600469 -1.2109632920207283 -1.0902189923512138 
26 1 -0.8225102653509448 -1.091780471660695 -1.1189430883185034 -1.1748274971771135 -1.2000465132600469 -1.2109632920207283 -1.1213758641206684 
27 -1 0.7518978655214207 0.6450785058707454 0.8388518705310256 0.50168657752534 0.7802699233353939 0.8395734186439827 0.8415070573549592 
28 1 -0.9853800719929137 -1.135201946098981 -1.0892795283359347 -1.2487913534139865 -1.2000465132600469 -1.2109632920207283 -1.1525327358901227 
29 -1 0.5890280588794518 0.9056073525004615 0.8981789904961628 1.0933974274203235 0.6335798169209168 0.5661685238886879 0.8103501855855049 
30 -1 0.42615825223748294 0.4713926081176014 0.809188310548457 0.8715058587097048 0.6580281679899963 0.7028709712663354 0.7168795702771417 
31 -1 0.42615825223748294 0.5582355569941735 0.5422162707053394 0.40306810254284275 0.7313732211972348 0.9762758660216301 0.9349776726633224 
32 1 -0.8225102653509448 -0.9615160483458369 -0.8816346084579544 -1.125518259685865 -1.1755981621909675 -1.0742608446430808 -1.0590621205817594 
33 1 -0.9853800719929137 -1.0049375227841228 -1.1189430883185034 -1.199482115922738 -1.1755981621909675 -0.9375583972654334 -1.0902189923512138 
34 1 -1.0939599430875595 -1.091780471660695 -1.148606648301072 -1.2981005909052352 -1.2489432153982059 -1.3476657393983758 -1.183689607659577 
35 -1 0.10041863895354528 0.42797113367931544 0.2752442308622218 0.6496142899990859 0.24240619981564454 1.1129783133992774 0.18721275019641673 
36 1 -0.8225102653509448 -0.6141442528395489 -0.673989688579974 1.0933974274203235 0.07126774233208792 -0.2540461603771965 -0.5917090440399434 
37 1 -0.6596404587089759 -0.8746730994692649 -0.8816346084579544 -1.0268997847033676 -1.0533564068455699 0.01935873437809831 -1.027905248812305 
38 -1 0.9147676721633895 0.7319214547473175 0.809188310548457 0.2304857713234725 0.6091314658518373 1.249680760776925 1.3088601338967754 
39 -1 1.8376965764678796 1.8608797901427538 1.81774934995579 1.438562089859064 1.4159270511314612 0.7028709712663354 1.1842326468189577 
40 -1 0.8061878010687435 1.0358717758153195 1.0168332304264374 1.2906343773853182 1.2203402425788252 0.7028709712663354 1.2465463903578664 
41 -1 0.42615825223748294 0.4713926081176014 0.571879830687908 0.8961604774553291 0.8780633276117119 -0.2540461603771965 0.9349776726633224 
42 1 -0.9853800719929137 -0.6575657272778348 -0.7036532485625426 0.40306810254284275 -0.14876741728962772 -0.9375583972654334 -0.4670815569621258 
43 -1 0.31757838114283704 0.5148140825558875 0.4828891507402021 0.7482327649815832 1.1958918915097456 0.8395734186439827 1.0907620315105944 
44 -1 0.7518978655214207 0.8621858780621755 0.720197630600751 1.0194335711834508 0.97585673188803 0.01935873437809831 0.6857226985076872 
45 1 -0.7682203298036219 -0.6575657272778348 -0.8816346084579544 -1.1008636409402406 -1.1022531089837289 -0.9375583972654334 -0.9655915052733962 
46 -1 0.8061878010687435 1.0358717758153195 1.0761603503915744 0.3784134837972184 0.5602347637136782 -0.11734371299954909 0.6857226985076872 
47 -1 -0.27961090987771536 -0.17992950845668873 -0.19937272885887614 1.1673612836571965 0.5602347637136782 0.5661685238886879 0.18721275019641673 
48 1 0.9147676721633895 1.0792932502536057 1.1058239103741432 1.1673612836571965 1.4403754022005408 0.01935873437809831 1.4958013645135018 
49 -1 0.4804481877848059 0.7319214547473175 0.720197630600751 0.8961604774553291 1.3181336468551432 0.8395734186439827 0.9972914162022313 
50 1 -0.8768002008982677 -1.0049375227841228 -1.0892795283359347 -1.2241367346683623 -1.2244948643291265 -1.2109632920207283 -1.0902189923512138 
51 -1 0.8061878010687435 0.8621858780621755 0.9278425504787314 0.4770319587797157 0.9514083808189505 0.8395734186439827 1.215389518588412 
52 -1 0.8061878010687435 0.8187644036238896 0.809188310548457 0.2058311525778482 0.5113380615755192 0.9762758660216301 0.8103501855855049 
53 1 -0.9310901364455907 -1.178623420537267 -1.1782702082836405 -1.2241367346683623 -1.2000465132600469 -1.3476657393983758 -1.183689607659577 
54 -1 0.5890280588794518 0.6450785058707454 0.5422162707053394 0.6742689087447102 0.926960029749871 0.9762758660216301 0.5610952114298696 
55 1 0.9147676721633895 2.3385160089639 2.2330391897117505 0.6742689087447102 1.8071006682367334 -0.2540461603771965 2.2435662869804074 
56 -1 1.1319274143526812 1.1227147246918916 0.8685154305135941 1.192015902402821 1.1714435404406662 1.5230856555322196 0.8726639291244136 
57 1 -0.9310901364455907 -1.178623420537267 -1.0596159683533661 -1.2981005909052352 -1.2489432153982059 -1.2109632920207283 -1.1525327358901227 
58 -1 0.5347381233321289 0.8187644036238896 0.8981789904961628 0.6003050525078373 0.8536149765426324 0.1560611817557457 1.0907620315105944 
59 1 -0.6596404587089759 -0.8312516250309789 -0.9409617284230917 -1.125518259685865 -1.2000465132600469 -1.0742608446430808 -1.0590621205817594 
60 -1 0.9690576077107124 0.21086376148788538 1.343132390234692 0.6989235274903346 0.6580281679899963 0.1560611817557457 0.7168795702771417 
61 1 -0.8768002008982677 -1.091780471660695 -1.1189430883185034 -1.2487913534139865 -1.2244948643291265 -1.2109632920207283 -1.0902189923512138 
62 -1 -0.605350523161653 -0.3536154062098328 -0.288363408806582 0.6742689087447102 0.6091314658518373 -0.11734371299954909 0.5610952114298696 
63 1 -0.7682203298036219 -0.5273013039629768 -0.6146625686148368 0.6003050525078373 0.41354465729920115 0.01935873437809831 -0.09319909572867291 
64 -1 0.15470857450086822 0.34112818480274343 0.24558067087965318 1.0194335711834508 0.1935094976774855 -0.11734371299954909 -0.21782658280649053 
65 1 -1.2025398141822055 -0.8746730994692649 -0.8223074884928171 0.13186729634097524 -0.7110794918784565 -0.5274510551324912 -0.8409640181955786 
66 1 -0.38819078097236126 -0.13650803401840272 -0.25869984882401337 0.5509958150165887 -0.17321576835870722 -0.6641535025101387 -0.49823842873158014 
67 1 -0.9853800719929137 -0.7878301505926929 -0.7629803685276799 -0.5584620285365056 -0.4176992790495024 0.5661685238886879 -0.43592468519267136 
68 -1 0.42615825223748294 0.6450785058707454 0.4828891507402021 0.6003050525078373 0.7313732211972348 0.8395734186439827 0.6545658267382328 
69 -1 1.0776374788053582 1.0358717758153195 1.194814590321849 0.6742689087447102 0.6580281679899963 0.8395734186439827 0.7791933138160504 
70 1 -0.3339008454250383 -0.0930865595801167 -0.14004560889373888 1.044088189929075 0.4868897105064397 0.4294660765110405 0.12489900665750793 
71 -1 -0.008161232141100613 0.25428523592617136 1.6990951100255156 1.1673612836571965 0.9025116786807914 0.7028709712663354 0.9661345444327768 
72 1 -0.9310901364455907 -1.178623420537267 -1.148606648301072 -1.2241367346683623 -1.2000465132600469 -1.2109632920207283 -1.2148464794290315 
73 -1 2.5434657385830777 2.12140863677247 1.6990951100255156 1.4632167086046883 1.1958918915097456 0.7028709712663354 0.9349776726633224 
74 1 -1.0396700075402365 -1.178623420537267 -1.0596159683533661 -1.2487913534139865 -1.2489432153982059 -1.2109632920207283 -1.183689607659577 
75 -1 0.37186831669016 0.25428523592617136 0.24558067087965318 0.2304857713234725 0.5357864126445987 0.4294660765110405 0.6857226985076872 
76 1 -0.9853800719929137 -1.048358997222409 -1.0596159683533661 -1.199482115922738 -1.1755981621909675 -1.0742608446430808 -1.1213758641206684 
77 1 -0.8768002008982677 -0.9615160483458369 -1.1189430883185034 -1.199482115922738 -1.1511498111218879 -1.2109632920207283 -1.1213758641206684 
78 1 -0.8768002008982677 -1.048358997222409 -1.0596159683533661 -1.2487913534139865 -1.1755981621909675 -1.2109632920207283 -1.1525327358901227 
79 -1 0.42615825223748294 0.42797113367931544 0.4828891507402021 0.3291042463059698 0.43799300836828065 0.8395734186439827 0.46762459612150636 
80 -1 1.1862173499000042 1.0358717758153195 1.1651510303392805 0.6496142899990859 1.5870655086150178 1.5230856555322196 1.4958013645135018 
81 1 -1.0396700075402365 -1.048358997222409 -1.1189430883185034 -1.2487913534139865 -1.2000465132600469 -1.2109632920207283 -1.1213758641206684 
82 -1 1.6205368342785877 1.6871938923896097 1.4617866301649667 0.9701243336922021 1.122546838302507 1.5230856555322196 1.4646444927440474 
83 -1 0.42615825223748294 0.4713926081176014 0.7498611905833197 0.15652191508659954 0.5113380615755192 0.7028709712663354 0.6857226985076872 
84 1 -0.8225102653509448 -1.048358997222409 -1.0892795283359347 -1.2487913534139865 -1.2000465132600469 -1.2109632920207283 -1.0590621205817594 
85 1 -0.8768002008982677 -1.135201946098981 -1.1189430883185034 -1.2487913534139865 -1.2244948643291265 -1.2109632920207283 -1.1213758641206684 
86 1 -0.8225102653509448 -0.39703688064811876 -0.6443261285974055 0.9208150962009534 -0.17321576835870722 0.2927636291333931 -0.6228659158093978 
87 1 -0.8768002008982677 -1.091780471660695 -1.1189430883185034 -1.2487913534139865 -1.2244948643291265 -1.2109632920207283 -1.1213758641206684 
88 -1 -0.2253209743303924 0.03717786373474133 0.6312069506530452 0.5263411962709643 0.46244135943736014 0.5661685238886879 0.6234089549687784 
89 1 -0.8768002008982677 -1.135201946098981 -1.1189430883185034 -1.2487913534139865 -1.2000465132600469 -1.2109632920207283 -1.1525327358901227 
90 -1 0.15470857450086822 0.3845496592410294 0.24558067087965318 1.2906343773853182 0.8047182744044734 0.7028709712663354 0.592252083199324 
91 1 -0.8225102653509448 -1.048358997222409 -1.0596159683533661 -1.2241367346683623 -1.1755981621909675 -1.2109632920207283 -1.0902189923512138 
92 -1 0.9147676721633895 0.7319214547473175 0.7795247505658883 0.10721267759535091 0.43799300836828065 0.7028709712663354 0.6234089549687784 
93 -1 0.5347381233321289 0.2977067103644574 0.4235620307750649 0.2304857713234725 0.24240619981564454 0.8395734186439827 0.4053108525825976 
94 1 -0.9310901364455907 -1.091780471660695 -1.0596159683533661 -1.2487913534139865 -1.2000465132600469 -1.2109632920207283 -1.1525327358901227 
95 -1 2.0548563186571713 1.8174583157044677 1.9067400299034958 0.7728873837272076 0.97585673188803 1.6597881029098671 1.215389518588412 
96 -1 2.380595931941109 1.8608797901427538 1.81774934995579 0.6989235274903346 0.926960029749871 0.01935873437809831 1.215389518588412 
97 1 -0.5510605876143301 -0.3536154062098328 -0.3180269687891506 0.6249596712534616 0.217957848746565 -0.11734371299954909 0.00027151957969030727 
98 1 -0.9310901364455907 -1.091780471660695 -1.0002888483882288 -1.2487913534139865 -1.2000465132600469 -1.3476657393983758 -1.0902189923512138 
99 1 -0.605350523161653 -0.6575657272778348 -0.6443261285974055 -1.0762090221946163 -1.1511498111218879 -0.9375583972654334 -1.0590621205817594 
100 -1 1.403377092089296 1.3832435713216076 1.2541417102869863 0.6742689087447102 0.6091314658518373 1.249680760776925 1.277703262127321 
101 1 -0.9310901364455907 -1.048358997222409 -1.0002888483882288 -1.1748274971771135 -1.1755981621909675 -0.9375583972654334 -1.1525327358901227 
102 -1 0.2632884455955141 0.3845496592410294 0.7498611905833197 0.3784134837972184 0.6824765190590758 0.8395734186439827 0.9349776726633224 
103 1 -0.9310901364455907 -1.135201946098981 -1.0596159683533661 -1.2241367346683623 -1.1511498111218879 -1.3476657393983758 -1.0902189923512138 
104 1 -0.9853800719929137 -1.091780471660695 -1.0892795283359347 -1.199482115922738 -1.2244948643291265 -1.3476657393983758 -1.0902189923512138 
105 1 -0.9310901364455907 -0.9615160483458369 -1.0299524083707974 -1.2487913534139865 -1.2244948643291265 -1.2109632920207283 -1.0902189923512138 
106 1 -0.8225102653509448 -1.048358997222409 -1.1189430883185034 -1.2487913534139865 -1.2000465132600469 -1.2109632920207283 -1.183689607659577 
107 1 -0.8768002008982677 -0.6575657272778348 -0.7333168085451113 0.45237734003409136 -0.29545752370410483 -0.2540461603771965 -0.716336531117761 
108 1 -0.9310901364455907 -1.048358997222409 -1.0892795283359347 -1.2241367346683623 -1.1755981621909675 -1.0742608446430808 -1.1213758641206684 
109 1 -0.8768002008982677 -1.0049375227841228 -1.1189430883185034 -1.2241367346683623 -1.1755981621909675 -1.2109632920207283 -1.183689607659577 
110 -1 0.42615825223748294 0.3845496592410294 0.3938984707924963 0.13186729634097524 0.3401996040919626 1.3863832081545724 0.4053108525825976 
111 -1 4.009293998360797 3.380631395482764 2.7373197094154174 1.2166705211484452 1.1469951893715866 1.5230856555322196 1.1842326468189577 
112 -1 0.9690576077107124 0.7753429291856035 0.8685154305135941 0.15652191508659954 0.29130290195380354 0.8395734186439827 0.4987814678909608 
113 -1 0.5890280588794518 0.6016570314324595 0.4828891507402021 0.7482327649815832 0.5357864126445987 0.8395734186439827 0.34299710904368874 
114 1 -0.7139303942562989 -0.8746730994692649 -0.9409617284230917 -1.1501728784314893 -1.2000465132600469 -1.0742608446430808 -1.0902189923512138 
115 -1 -0.008161232141100613 0.08059933817302734 0.008272191019104215 0.9208150962009534 0.6091314658518373 0.5661685238886879 0.21836962196587115 
116 1 -0.7682203298036219 -0.9180945739075509 -1.0892795283359347 -1.2241367346683623 -1.2000465132600469 -1.0742608446430808 -1.0590621205817594 
117 -1 0.15470857450086822 0.3845496592410294 0.3049077908447904 0.27979500881472114 0.6824765190590758 1.3863832081545724 0.6234089549687784 
118 1 -0.7139303942562989 -0.7444086761544069 -0.8816346084579544 -1.1501728784314893 -1.1511498111218879 -0.9375583972654334 -1.1525327358901227 
119 1 -0.8768002008982677 -1.091780471660695 -1.0299524083707974 -1.199482115922738 -1.1755981621909675 -1.2109632920207283 -1.1525327358901227 
120 -1 1.1862173499000042 0.9056073525004615 1.1058239103741432 0.5756504337622129 0.7558215722663144 0.8395734186439827 1.1530757750495033 
121 -1 1.1319274143526812 1.2964006224450357 1.4617866301649667 0.42772272128846706 0.6824765190590758 2.069895445042809 0.9661345444327768 
122 -1 -0.605350523161653 -0.0930865595801167 -0.1697091688763075 1.2166705211484452 0.6580281679899963 0.4294660765110405 0.18721275019641673 
123 -1 1.1319274143526812 1.0792932502536057 1.2244781503044175 0.7482327649815832 1.2692369447169842 0.8395734186439827 1.277703262127321 
124 1 -0.5510605876143301 -0.0930865595801167 -0.19937272885887614 1.0933974274203235 0.5357864126445987 -0.11734371299954909 -0.062042223959218504 
125 -1 -0.062451167688423556 0.16744228704959938 0.09726287096681008 1.1427066649115722 0.7069248701281553 0.5661685238886879 0.5610952114298696 
126 1 -0.8768002008982677 -1.048358997222409 -1.0892795283359347 -1.199482115922738 -1.2000465132600469 -1.0742608446430808 -1.1525327358901227 
127 1 -0.8768002008982677 -1.048358997222409 -1.0596159683533661 -1.2487913534139865 -1.2000465132600469 -1.2109632920207283 -1.1525327358901227 
128 -1 0.42615825223748294 0.42797113367931544 0.36423491080992765 0.42772272128846706 0.6091314658518373 1.249680760776925 0.7168795702771417 
129 1 -0.9310901364455907 -0.7009872017161208 -0.7629803685276799 0.9947789524378263 0.02237104019392889 -0.3907486077548439 -0.6228659158093978 
130 -1 0.20899851004819117 0.4713926081176014 0.4532255907576335 0.9454697149465777 0.6580281679899963 0.4294660765110405 0.46762459612150636 
131 1 -0.8768002008982677 -1.091780471660695 -1.0596159683533661 -1.2487913534139865 -1.2244948643291265 -1.2109632920207283 -1.0902189923512138 
132 -1 1.7834066409205567 1.6437724179513238 1.580440870095241 0.8715058587097048 1.4648237532696202 0.8395734186439827 1.5892719798218649 
133 1 -0.7682203298036219 -1.048358997222409 -1.0892795283359347 -1.2487913534139865 -1.2000465132600469 -1.2109632920207283 -1.1213758641206684 
134 1 -0.8768002008982677 -0.4838798295246908 -0.6146625686148368 1.0194335711834508 -0.0020773108751506266 -0.3907486077548439 -0.2801403263453993 
135 1 -0.9853800719929137 -1.048358997222409 -1.0892795283359347 -1.2487913534139865 -1.2000465132600469 -1.3476657393983758 -1.027905248812305 
136 -1 0.5347381233321289 0.21086376148788538 0.3938984707924963 0.2304857713234725 0.02237104019392889 0.2927636291333931 0.03142839134914471 
137 -1 -0.27961090987771536 0.16744228704959938 0.03793575100167283 1.8083813710434289 0.5113380615755192 0.2927636291333931 0.12489900665750793 
138 1 -0.9853800719929137 -1.135201946098981 -1.1189430883185034 -1.2487913534139865 -1.2244948643291265 -1.2109632920207283 -1.1213758641206684 
139 -1 0.5347381233321289 0.5582355569941735 0.4828891507402021 0.2058311525778482 0.46244135943736014 1.1129783133992774 0.5610952114298696 
140 -1 0.15470857450086822 0.34112818480274343 0.3049077908447904 0.8715058587097048 0.41354465729920115 0.8395734186439827 0.3118402372742344 
141 -1 0.20899851004819117 0.6450785058707454 0.334571350827359 0.9701243336922021 1.5626171575459384 1.249680760776925 0.9349776726633224 
142 1 -0.8225102653509448 -1.135201946098981 -1.0596159683533661 -1.2981005909052352 -1.2000465132600469 -1.484368186776023 -1.1525327358901227 
143 1 -0.9310901364455907 -1.178623420537267 -1.0892795283359347 -1.2241367346683623 -1.2489432153982059 -1.2109632920207283 -1.183689607659577 
144 -1 0.7518978655214207 0.9924503013770336 1.2244781503044175 0.4770319587797157 0.7558215722663144 0.7028709712663354 0.8726639291244136 
145 1 -0.9310901364455907 -1.0049375227841228 -1.0596159683533661 -1.2241367346683623 -1.1755981621909675 -1.3476657393983758 -1.0590621205817594 
146 -1 1.0776374788053582 0.9490288269387476 0.9575061104613001 0.50168657752534 0.6335798169209168 0.5661685238886879 0.8726639291244136 
147 -1 -0.3339008454250383 -0.04966508514183069 0.06759931098424145 0.6249596712534616 0.5113380615755192 0.8395734186439827 0.37415398081314316 
148 1 0.046128703406222334 0.03717786373474133 -0.19937272885887614 -0.6817351222646273 -1.0533564068455699 -1.2109632920207283 -0.9655915052733962 
149 -1 -0.008161232141100613 0.16744228704959938 0.1269264309493787 0.8715058587097048 0.8291666254735529 0.7028709712663354 0.5610952114298696 
150 1 -0.9310901364455907 -1.048358997222409 -1.0299524083707974 -1.2487913534139865 -1.2489432153982059 -1.2109632920207283 -1.183689607659577 
151 -1 0.7518978655214207 1.0792932502536057 1.1651510303392805 1.4139074711134398 1.2447885936479046 0.1560611817557457 1.3400170056662297 
152 -1 0.6433179944267747 0.6450785058707454 0.720197630600751 0.2058311525778482 0.5113380615755192 1.7964905502875146 0.6545658267382328 
153 -1 0.5347381233321289 0.5148140825558875 0.571879830687908 0.42772272128846706 1.0492017850952686 0.7028709712663354 1.277703262127321 
154 -1 0.20899851004819117 0.4713926081176014 0.36423491080992765 1.044088189929075 0.9514083808189505 0.8395734186439827 0.8726639291244136 
155 1 -0.7682203298036219 -1.135201946098981 -1.1189430883185034 -1.2487913534139865 -1.2244948643291265 -1.3476657393983758 -1.183689607659577 
156 1 -0.9853800719929137 -1.222044894975553 -1.1782702082836405 -1.273445972159611 -1.2000465132600469 -1.2109632920207283 -1.1213758641206684 
157 1 -1.0396700075402365 -1.135201946098981 -1.1189430883185034 -1.2241367346683623 -1.2244948643291265 -1.2109632920207283 -1.1213758641206684 
158 -1 0.4804481877848059 0.5148140825558875 0.8981789904961628 0.40306810254284275 0.46244135943736014 0.8395734186439827 0.6234089549687784 
159 -1 -0.062451167688423556 0.12402081261131336 0.1269264309493787 0.7482327649815832 0.926960029749871 0.4294660765110405 0.6545658267382328 
160 1 -0.9310901364455907 -1.048358997222409 -1.0596159683533661 -1.2241367346683623 -1.2244948643291265 -1.2109632920207283 -1.183689607659577 
161 -1 0.9147676721633895 0.8621858780621755 0.9278425504787314 0.2304857713234725 0.29130290195380354 1.9331929976651618 0.4987814678909608 
162 -1 -0.1167411032357465 0.08059933817302734 0.008272191019104215 0.9947789524378263 0.5846831147827577 0.8395734186439827 0.24952649373532554 
163 -1 0.10041863895354528 0.03717786373474133 0.09726287096681008 0.3291042463059698 0.12016444447024695 0.9762758660216301 0.00027151957969030727 
164 1 -0.7682203298036219 -1.135201946098981 -1.0892795283359347 -1.2241367346683623 -1.2244948643291265 -1.2109632920207283 -1.1525327358901227 
165 -1 4.009293998360797 3.2503669721679063 2.6483290294677113 1.192015902402821 1.024753434026189 1.9331929976651618 1.1842326468189577 
166 -1 0.8604777366160665 0.9924503013770336 0.8981789904961628 0.40306810254284275 1.073650136164348 1.1129783133992774 1.4334876209745928 
167 1 -0.3339008454250383 0.16744228704959938 0.03793575100167283 0.7235781462359588 0.217957848746565 0.7028709712663354 0.00027151957969030727 
168 -1 2.326305996393786 2.251673060087328 2.1737120697466135 1.118052046165948 1.5870655086150178 0.9762758660216301 1.900840697516409 
169 1 0.42615825223748294 0.3845496592410294 0.36423491080992765 0.05790344010410228 0.12016444447024695 0.8395734186439827 -0.062042223959218504 
170 -1 0.9690576077107124 1.0792932502536057 1.580440870095241 0.8468512399640804 2.5161028492400397 -0.3907486077548439 2.9601743376778584 
171 -1 0.31757838114283704 0.42797113367931544 0.24558067087965318 0.2058311525778482 0.5357864126445987 0.4294660765110405 0.6545658267382328 
172 1 -0.9310901364455907 -1.091780471660695 -1.0892795283359347 -1.2487913534139865 -1.2000465132600469 -1.0742608446430808 -1.0590621205817594 
173 -1 1.6205368342785877 1.3398220968833217 1.2838052702695548 0.5263411962709643 1.1714435404406662 0.9762758660216301 1.4334876209745928 
174 1 -0.8768002008982677 -1.091780471660695 -1.0299524083707974 -1.199482115922738 -1.2000465132600469 -1.3476657393983758 -1.1213758641206684 
175 1 -0.9310901364455907 -1.048358997222409 -1.0299524083707974 -1.199482115922738 -1.1511498111218879 -1.2109632920207283 -1.1213758641206684 
176 -1 0.6433179944267747 0.6016570314324595 0.6905340706181825 0.8221966212184562 0.6580281679899963 0.4294660765110405 0.34299710904368874 
177 1 -0.9310901364455907 -0.7009872017161208 -0.8223074884928171 0.13186729634097524 -0.49104433225674093 0.9762758660216301 -0.7786502746566698 
178 -1 0.9147676721633895 0.7753429291856035 0.8388518705310256 0.2058311525778482 0.4868897105064397 0.7028709712663354 0.7168795702771417 
179 -1 2.326305996393786 2.12140863677247 1.9957307098512018 1.6851082773153072 2.247170987480165 1.1129783133992774 1.994311312824772 
180 1 -0.9853800719929137 -1.091780471660695 -1.148606648301072 -1.199482115922738 -1.2000465132600469 -1.2109632920207283 -1.0590621205817594 
181 1 -0.8225102653509448 -1.048358997222409 -1.0596159683533661 -1.273445972159611 -1.2000465132600469 -1.2109632920207283 -1.0902189923512138 
182 -1 0.9147676721633895 0.8187644036238896 0.9278425504787314 0.5756504337622129 1.3425819979242228 1.1129783133992774 1.2465463903578664 
183 -1 0.046128703406222334 0.2977067103644574 0.4235620307750649 -0.21329736609776523 -0.19766411942778675 1.7964905502875146 0.00027151957969030727 
184 -1 0.9147676721633895 0.8621858780621755 0.8388518705310256 0.7235781462359588 0.8047182744044734 1.5230856555322196 0.9661345444327768 
185 1 -0.9853800719929137 -0.6575657272778348 -0.7629803685276799 0.50168657752534 0.02237104019392889 -0.11734371299954909 -0.6228659158093978 
186 -1 1.29479722099465 1.2529791480067496 1.3134688302521236 0.9947789524378263 1.6604105618222564 1.1129783133992774 1.745056338669137 
187 -1 0.31757838114283704 0.42797113367931544 0.4532255907576335 1.265979758639694 1.024753434026189 -0.2540461603771965 0.9972914162022313 
188 1 -0.9310901364455907 -1.178623420537267 -1.0892795283359347 -1.273445972159611 -1.2489432153982059 -1.2109632920207283 -1.183689607659577 
189 -1 0.42615825223748294 0.42797113367931544 0.6015433906704766 0.2304857713234725 0.3646479551610421 1.1129783133992774 0.34299710904368874 
190 1 -1.1482498786348825 -1.178623420537267 -1.2079337682662092 -1.2487913534139865 -1.2244948643291265 -1.3476657393983758 -1.1213758641206684 
191 1 -0.9310901364455907 -1.048358997222409 -1.0299524083707974 -1.2487913534139865 -1.2000465132600469 -1.2109632920207283 -1.1213758641206684 
192 1 -0.9853800719929137 -1.091780471660695 -1.0596159683533661 -1.199482115922738 -1.1755981621909675 -1.2109632920207283 -1.183689607659577 
193 1 -0.7682203298036219 -0.6575657272778348 -0.673989688579974 -0.9036266909752462 -0.7355278429475361 0.4294660765110405 -0.7786502746566698 
194 1 -0.4424807165196842 -0.5273013039629768 -0.673989688579974 -1.0268997847033676 -1.1267014600528082 -0.9375583972654334 -1.027905248812305 
195 1 -0.8225102653509448 -1.135201946098981 -1.0299524083707974 -1.2241367346683623 -1.2000465132600469 -1.3476657393983758 -1.1525327358901227 
196 -1 0.31757838114283704 0.42797113367931544 0.2752442308622218 0.6003050525078373 0.41354465729920115 1.3863832081545724 0.4053108525825976 
197 1 -0.9853800719929137 -1.048358997222409 -1.1189430883185034 -1.273445972159611 -1.2244948643291265 -1.2109632920207283 -1.0902189923512138 
198 1 0.9690576077107124 0.9924503013770336 1.0168332304264374 0.30444962756034544 1.3181336468551432 0.8395734186439827 1.3400170056662297 
199 -1 1.0233475432580355 1.2529791480067496 1.2541417102869863 0.7235781462359588 0.97585673188803 0.8395734186439827 1.1842326468189577 
200 -1 0.7518978655214207 0.5582355569941735 0.5125527107227708 0.4770319587797157 0.6091314658518373 1.1129783133992774 0.5299383396604151 
201 -1 0.6976079299740977 0.6884999803090315 0.8981789904961628 0.42772272128846706 1.0003050829571094 0.9762758660216301 1.4023307492051384 
202 -1 0.5347381233321289 0.5582355569941735 0.7498611905833197 0.25514039006909683 0.46244135943736014 1.3863832081545724 0.8726639291244136 
203 1 -0.9853800719929137 -1.135201946098981 -1.2079337682662092 -1.2981005909052352 -1.2244948643291265 -1.2109632920207283 -1.183689607659577 
204 -1 1.0233475432580355 0.9924503013770336 1.0761603503915744 0.2304857713234725 0.5357864126445987 2.069895445042809 0.748036442046596 
205 -1 0.6433179944267747 0.8187644036238896 0.8981789904961628 0.2058311525778482 0.02237104019392889 1.249680760776925 0.12489900665750793 
206 1 -0.7139303942562989 -1.048358997222409 -1.0596159683533661 -1.199482115922738 -1.1755981621909675 -1.0742608446430808 -1.0902189923512138 
207 1 -0.9310901364455907 -1.091780471660695 -1.148606648301072 -1.273445972159611 -1.1755981621909675 -1.2109632920207283 -1.2148464794290315 
208 -1 1.2405072854473271 1.5135079946364658 1.4024595101998294 1.2166705211484452 1.6604105618222564 0.2927636291333931 1.8696838257469546 
209 1 -0.6596404587089759 -0.8746730994692649 -0.911298168440523 -1.1501728784314893 -1.1755981621909675 -1.2109632920207283 -1.0902189923512138 
210 -1 1.0776374788053582 1.2095576735684637 1.1058239103741432 0.7975420024728318 0.926960029749871 0.7028709712663354 1.277703262127321 
211 1 -1.0396700075402365 -1.048358997222409 -1.0299524083707974 -1.2487913534139865 -1.1511498111218879 -1.2109632920207283 -1.1213758641206684 
212 1 -0.8768002008982677 -0.4404583550864048 -0.5849990086322682 1.3645982336221911 0.169061146608406 0.2927636291333931 -0.34245406988430815 
213 -1 -0.27961090987771536 0.12402081261131336 0.03793575100167283 0.9701243336922021 0.38909630623012165 0.2927636291333931 0.18721275019641673 
214 1 -0.8225102653509448 -0.7444086761544069 -0.9706252884056602 -1.1748274971771135 -1.1267014600528082 -0.9375583972654334 -1.1213758641206684 
215 -1 0.2632884455955141 0.16744228704959938 0.09726287096681008 0.42772272128846706 0.46244135943736014 0.9762758660216301 0.37415398081314316 
216 -1 3.8464241917188287 2.946416651099904 2.440684109589731 1.660453658569683 1.122546838302507 0.2927636291333931 0.9661345444327768 
217 1 -0.9853800719929137 -1.135201946098981 -1.148606648301072 -1.273445972159611 -1.2244948643291265 -1.3476657393983758 -1.1213758641206684 
218 -1 1.7291167053732337 1.6871938923896097 1.8770764699209272 0.7235781462359588 1.122546838302507 1.7964905502875146 1.5892719798218649 
219 -1 0.5890280588794518 0.6884999803090315 1.1651510303392805 0.9454697149465777 0.8536149765426324 0.7028709712663354 0.37415398081314316 
220 1 -0.9853800719929137 -1.222044894975553 -1.1782702082836405 -1.2487913534139865 -1.2000465132600469 -1.2109632920207283 -1.0902189923512138 
221 1 0.6433179944267747 0.6016570314324595 0.7498611905833197 0.25514039006909683 0.5113380615755192 0.7028709712663354 0.7791933138160504 
222 1 -0.9853800719929137 -0.9615160483458369 -1.0299524083707974 -1.2241367346683623 -1.2000465132600469 -1.0742608446430808 -1.0902189923512138 
223 1 -0.8225102653509448 -1.135201946098981 -1.0596159683533661 -1.2241367346683623 -1.2244948643291265 -1.2109632920207283 -1.1213758641206684 
224 -1 1.403377092089296 1.3398220968833217 2.1143849497814764 0.9701243336922021 1.5381688064768588 0.9762758660216301 1.7762132104385913 
225 -1 -0.1167411032357465 0.12402081261131336 0.36423491080992765 0.5756504337622129 0.6824765190590758 0.4294660765110405 0.6857226985076872 
226 1 -0.4967706520670071 -0.0930865595801167 -0.14004560889373888 1.0687428086746993 0.3646479551610421 0.5661685238886879 -0.030885352189764098 
227 -1 0.8061878010687435 0.8187644036238896 0.6905340706181825 0.3784134837972184 0.7802699233353939 1.7964905502875146 1.0284482879716856 
228 1 -0.8768002008982677 -1.091780471660695 -1.0892795283359347 -1.2487913534139865 -1.2000465132600469 -1.2109632920207283 -1.1213758641206684 
229 -1 5.203672580401903 4.335903833125056 3.627226508892476 1.4139074711134398 1.024753434026189 0.9762758660216301 1.3088601338967754 
230 -1 0.9690576077107124 1.1227147246918916 1.2541417102869863 0.8221966212184562 1.3425819979242228 0.8395734186439827 1.0907620315105944 
231 -1 1.7291167053732337 1.5569294690747517 1.580440870095241 0.6989235274903346 0.6824765190590758 1.3863832081545724 0.8415070573549592 
232 1 -0.9310901364455907 -0.8746730994692649 -0.911298168440523 -1.051554403448992 -1.1267014600528082 -0.9375583972654334 -1.1213758641206684 
233 1 -0.8768002008982677 -1.0049375227841228 -1.0892795283359347 -1.2241367346683623 -1.1755981621909675 -1.3476657393983758 -1.1525327358901227 
234 1 -1.0939599430875595 -1.135201946098981 -1.1189430883185034 -1.2487913534139865 -1.1755981621909675 -1.2109632920207283 -1.183689607659577 
235 -1 0.2632884455955141 0.25428523592617136 0.36423491080992765 1.6111444210784343 1.2203402425788252 0.9762758660216301 1.05960515974114 
236 -1 1.1862173499000042 1.1661361991301775 1.0168332304264374 0.7975420024728318 0.7069248701281553 0.8395734186439827 0.8726639291244136 
237 1 -0.8225102653509448 -1.048358997222409 -1.0892795283359347 -1.2487913534139865 -1.1755981621909675 -1.2109632920207283 -1.0590621205817594 
238 -1 0.42615825223748294 0.4713926081176014 0.5125527107227708 0.30444962756034544 0.7069248701281553 0.01935873437809831 0.8415070573549592 
239 1 -1.0396700075402365 -1.048358997222409 -1.0299524083707974 -1.2241367346683623 -1.2000465132600469 -1.2109632920207283 -1.1525327358901227 
240 1 -0.8768002008982677 -0.8312516250309789 -1.0299524083707974 -1.1501728784314893 -1.1755981621909675 -0.5274510551324912 -1.0590621205817594 
241 1 -0.5510605876143301 -0.04966508514183069 -0.19937272885887614 1.3152889961309424 0.5846831147827577 0.2927636291333931 0.06258526311859912 
242 1 -0.8768002008982677 -0.9180945739075509 -1.0596159683533661 -1.1748274971771135 -1.1755981621909675 -0.3907486077548439 -1.1213758641206684 
243 -1 1.0233475432580355 0.9490288269387476 1.0168332304264374 0.4770319587797157 0.8536149765426324 1.1129783133992774 1.0907620315105944 
244 1 -0.8768002008982677 -0.5707227784012628 -0.7926439285102486 1.2906343773853182 0.217957848746565 -0.2540461603771965 -0.3736109416537626 
245 1 -0.8225102653509448 -1.0049375227841228 -1.0892795283359347 -1.2241367346683623 -1.1755981621909675 -1.2109632920207283 -1.1213758641206684 
246 1 -1.0396700075402365 -1.048358997222409 -1.0299524083707974 -1.2487913534139865 -1.2244948643291265 -1.3476657393983758 -1.1525327358901227 
247 1 -0.8768002008982677 -1.0049375227841228 -1.0299524083707974 -1.2241367346683623 -1.2000465132600469 -1.2109632920207283 -1.027905248812305 
248 -1 0.6976079299740977 0.7319214547473175 0.6015433906704766 0.42772272128846706 0.7313732211972348 0.7028709712663354 0.9661345444327768 
249 1 -0.8768002008982677 -1.0049375227841228 -1.0892795283359347 -1.1748274971771135 -1.2000465132600469 -0.9375583972654334 -1.1213758641206684 
250 1 -0.9310901364455907 -1.091780471660695 -1.0892795283359347 -1.2487913534139865 -1.2000465132600469 -1.2109632920207283 -1.1525327358901227 
251 1 -0.9310901364455907 -0.9615160483458369 -1.0892795283359347 -1.199482115922738 -1.1755981621909675 -1.2109632920207283 -1.1525327358901227 
252 1 -1.1482498786348825 -1.091780471660695 -0.9409617284230917 -0.8789720722296218 -0.7844245450856951 -1.2109632920207283 -0.9344346335039418 
253 -1 1.9462764475625254 1.6003509435130376 1.5507773101126725 0.7235781462359588 1.1714435404406662 1.1129783133992774 1.3088601338967754 
254 -1 0.15470857450086822 0.6450785058707454 0.6015433906704766 1.192015902402821 1.1469951893715866 0.5661685238886879 1.1530757750495033 
255 -1 0.5890280588794518 0.6016570314324595 0.6608705106356139 0.03324882135847796 0.217957848746565 1.3863832081545724 0.4053108525825976 
256 1 -0.9310901364455907 -1.135201946098981 -1.0596159683533661 -1.2487913534139865 -1.2244948643291265 -1.2109632920207283 -1.0590621205817594 
257 -1 0.9147676721633895 1.0792932502536057 1.1651510303392805 0.3537588650515941 0.6335798169209168 1.9331929976651618 0.9038208008938681 
258 -1 0.6976079299740977 0.7319214547473175 0.9575061104613001 0.18117653383222387 0.9514083808189505 1.249680760776925 1.1842326468189577 
259 -1 0.15470857450086822 0.7753429291856035 0.8981789904961628 0.9208150962009534 0.38909630623012165 -0.11734371299954909 0.28068336550477996 
260 1 -0.7682203298036219 -1.091780471660695 -1.0299524083707974 -1.2487913534139865 -1.1755981621909675 -1.3476657393983758 -1.1525327358901227 
261 -1 0.37186831669016 0.2977067103644574 0.09726287096681008 0.8961604774553291 0.41354465729920115 0.7028709712663354 0.28068336550477996 
262 -1 -0.5510605876143301 -0.04966508514183069 -0.11038204891117026 1.4632167086046883 0.8047182744044734 -0.11734371299954909 0.3118402372742344 
263 -1 0.37186831669016 0.5148140825558875 0.4235620307750649 0.4770319587797157 0.29130290195380354 0.7028709712663354 0.34299710904368874 
264 1 -0.8768002008982677 -1.048358997222409 -1.0892795283359347 -1.2487913534139865 -1.2244948643291265 -1.3476657393983758 -1.1525327358901227 
265 1 0.4804481877848059 0.34112818480274343 0.24558067087965318 -0.1886427473521409 1.4648237532696202 0.2927636291333931 1.5269582362829561 
266 1 0.5347381233321289 0.16744228704959938 0.06759931098424145 -0.509152791045257 -0.588837736533059 0.2927636291333931 -0.6851796593483066 
267 1 -0.8768002008982677 -0.9615160483458369 -0.911298168440523 -1.125518259685865 -1.0533564068455699 -0.9375583972654334 -1.0902189923512138 
268 1 -0.9853800719929137 -1.091780471660695 -1.1189430883185034 -1.273445972159611 -1.2244948643291265 -1.2109632920207283 -1.1525327358901227 
269 -1 0.10041863895354528 0.5148140825558875 0.3049077908447904 1.6111444210784343 1.0492017850952686 0.8395734186439827 0.5610952114298696 
270 -1 0.046128703406222334 0.12402081261131336 0.1269264309493787 0.3291042463059698 0.4868897105064397 0.5661685238886879 0.4053108525825976 
271 1 -1.0396700075402365 -1.091780471660695 -1.0299524083707974 -1.273445972159611 -1.2489432153982059 -1.2109632920207283 -1.0902189923512138 
272 1 -0.062451167688423556 0.25428523592617136 0.2752442308622218 1.2413251398940695 0.7069248701281553 0.5661685238886879 0.46762459612150636 
273 -1 0.7518978655214207 0.7319214547473175 1.3727959502172606 0.7975420024728318 1.5137204554077794 0.9762758660216301 1.7138994668996825 
274 1 -0.9310901364455907 -1.091780471660695 -1.0596159683533661 -1.2241367346683623 -1.2244948643291265 -1.2109632920207283 -1.1213758641206684 
275 1 -0.9853800719929137 -0.6141442528395489 -0.6443261285974055 1.0687428086746993 0.24240619981564454 0.7028709712663354 -0.31129719811485373 
276 1 -1.0396700075402365 -1.091780471660695 -1.148606648301072 -1.273445972159611 -1.2244948643291265 -1.2109632920207283 -1.1525327358901227 
277 -1 -0.062451167688423556 0.21086376148788538 0.334571350827359 0.40306810254284275 0.07126774233208792 0.8395734186439827 0.03142839134914471 
278 1 -0.9853800719929137 -1.135201946098981 -1.0596159683533661 -1.273445972159611 -1.2244948643291265 -1.2109632920207283 -1.183689607659577 
279 -1 0.6433179944267747 0.6450785058707454 0.7498611905833197 0.40306810254284275 0.12016444447024695 0.2927636291333931 0.03142839134914471 
280 -1 0.5347381233321289 0.7753429291856035 0.6608705106356139 0.8221966212184562 0.7313732211972348 1.7964905502875146 0.3118402372742344 
281 1 -0.3339008454250383 -0.13650803401840272 -0.14004560889373888 1.265979758639694 0.217957848746565 0.1560611817557457 -0.1866697110370361 
282 1 -0.4967706520670071 -0.4838798295246908 -0.5553354486496995 -0.8789720722296218 -1.0289080557764902 0.8395734186439827 -0.9655915052733962 
283 -1 0.2632884455955141 0.42797113367931544 0.7498611905833197 0.3291042463059698 0.8047182744044734 0.2927636291333931 1.0284482879716856 
284 -1 0.31757838114283704 0.42797113367931544 0.571879830687908 0.5263411962709643 0.5602347637136782 0.8395734186439827 0.5610952114298696 
285 1 -0.9310901364455907 -1.135201946098981 -1.0892795283359347 -1.2487913534139865 -1.2000465132600469 -1.2109632920207283 -1.1213758641206684 
286 -1 0.7518978655214207 0.9924503013770336 1.0761603503915744 1.1427066649115722 0.38909630623012165 0.5661685238886879 0.21836962196587115 
287 1 -0.8768002008982677 -1.091780471660695 -1.148606648301072 -1.2241367346683623 -1.2000465132600469 -1.2109632920207283 -1.1525327358901227 
288 -1 0.20899851004819117 0.7319214547473175 0.5125527107227708 0.9208150962009534 0.97585673188803 0.8395734186439827 0.4053108525825976 
289 -1 1.0776374788053582 1.0358717758153195 0.9278425504787314 0.7728873837272076 1.1958918915097456 0.7028709712663354 1.2465463903578664 
290 1 -0.9853800719929137 -1.048358997222409 -1.148606648301072 -1.2487913534139865 -1.2244948643291265 -1.2109632920207283 -1.1213758641206684 
291 -1 2.2720160608464632 2.164830111210756 1.966067149868633 1.2906343773853182 1.8559973703748927 0.8395734186439827 1.994311312824772 
292 -1 0.6433179944267747 0.8187644036238896 0.8685154305135941 0.9208150962009534 1.3181336468551432 0.7028709712663354 0.9038208008938681 
293 1 -0.8225102653509448 -1.048358997222409 -1.148606648301072 -1.2487913534139865 -1.2244948643291265 -1.2109632920207283 -1.183689607659577 
294 -1 0.2632884455955141 0.2977067103644574 0.21591711089708454 1.5618351835871858 0.7313732211972348 0.9762758660216301 0.18721275019641673 
295 1 -0.6596404587089759 -0.8746730994692649 -0.9409617284230917 -1.125518259685865 -1.1511498111218879 -1.0742608446430808 -1.1213758641206684 
296 1 -0.9310901364455907 -1.178623420537267 -1.0892795283359347 -1.2487913534139865 -1.2244948643291265 -1.3476657393983758 -1.1525327358901227 
297 -1 1.6205368342785877 1.4700865201981796 0.6608705106356139 0.42772272128846706 1.2692369447169842 1.5230856555322196 1.5892719798218649 
298 -1 0.046128703406222334 0.21086376148788538 0.3049077908447904 0.2304857713234725 0.5602347637136782 1.1129783133992774 0.6857226985076872 
299 -1 1.2405072854473271 0.9056073525004615 0.8981789904961628 0.3291042463059698 0.7558215722663144 0.9762758660216301 0.8726639291244136 
300 -1 -0.008161232141100613 0.3845496592410294 0.24558067087965318 0.4770319587797157 0.926960029749871 0.8395734186439827 0.748036442046596 
301 -1 -0.3339008454250383 0.08059933817302734 -0.05105492894603302 0.9947789524378263 0.926960029749871 0.7028709712663354 0.28068336550477996 
302 1 -0.8225102653509448 -1.222044894975553 -1.1189430883185034 -1.2487913534139865 -1.2244948643291265 -1.2109632920207283 -1.1525327358901227 
303 -1 0.6976079299740977 0.6450785058707454 0.7498611905833197 0.0825580588497266 0.29130290195380354 0.8395734186439827 0.43646772435205194 
304 -1 1.1862173499000042 1.2529791480067496 1.3727959502172606 0.45237734003409136 0.7069248701281553 0.8395734186439827 0.8726639291244136 
305 -1 0.42615825223748294 0.5148140825558875 0.809188310548457 0.6249596712534616 0.9514083808189505 0.7028709712663354 0.8726639291244136 
306 -1 0.37186831669016 0.6450785058707454 0.6015433906704766 1.0687428086746993 1.024753434026189 0.8395734186439827 0.592252083199324 
307 1 -0.8225102653509448 -1.048358997222409 -1.0002888483882288 -1.2241367346683623 -1.2000465132600469 -1.2109632920207283 -1.0902189923512138 
308 -1 0.37186831669016 0.5582355569941735 0.571879830687908 0.2058311525778482 0.3401996040919626 1.1129783133992774 0.5299383396604151 
309 -1 1.5662468987312648 1.6003509435130376 1.4617866301649667 0.7975420024728318 1.1714435404406662 0.8395734186439827 1.3088601338967754 
310 1 -0.8768002008982677 -1.091780471660695 -1.0299524083707974 -1.2241367346683623 -1.2000465132600469 -1.2109632920207283 -1.1213758641206684 
311 1 -0.8768002008982677 -0.3536154062098328 -0.34769052877171924 1.0194335711834508 0.6580281679899963 0.2927636291333931 0.12489900665750793 
312 1 -0.9853800719929137 -1.135201946098981 -1.0596159683533661 -1.2241367346683623 -1.2244948643291265 -1.2109632920207283 -1.1213758641206684 
313 1 -0.605350523161653 -0.8746730994692649 -0.911298168440523 -1.0022451659577434 -0.686631140809377 -0.8008559498877861 -0.6228659158093978 
314 -1 -0.2253209743303924 -0.04966508514183069 -0.021391368963464406 0.7235781462359588 0.41354465729920115 -0.11734371299954909 0.43646772435205194 
315 1 -0.8225102653509448 -0.5707227784012628 -0.7629803685276799 0.8468512399640804 -0.02652566194423014 -0.11734371299954909 -0.5917090440399434 
316 -1 0.2632884455955141 0.34112818480274343 0.334571350827359 0.8468512399640804 0.7313732211972348 1.1129783133992774 0.6234089549687784 
317 -1 0.9147676721633895 0.9490288269387476 0.8981789904961628 0.40306810254284275 1.1958918915097456 0.7028709712663354 1.277703262127321 
318 -1 0.6976079299740977 0.6884999803090315 0.720197630600751 0.42772272128846706 0.5357864126445987 0.4294660765110405 0.46762459612150636 
319 -1 0.5347381233321289 0.7753429291856035 0.8685154305135941 1.1673612836571965 0.926960029749871 0.9762758660216301 0.7791933138160504 
320 1 -0.6596404587089759 -0.6575657272778348 -0.8519710484753857 -1.1008636409402406 -1.1755981621909675 -1.0742608446430808 -1.0902189923512138 
321 -1 1.349087156541973 1.3398220968833217 1.432123070182398 0.9454697149465777 1.024753434026189 0.8395734186439827 1.215389518588412 
322 1 0.15470857450086822 0.34112818480274343 0.2752442308622218 0.6496142899990859 0.41354465729920115 0.7028709712663354 0.12489900665750793 
323 -1 -0.062451167688423556 0.03717786373474133 0.06759931098424145 0.9947789524378263 0.7069248701281553 0.5661685238886879 0.24952649373532554 
324 -1 0.8061878010687435 0.7319214547473175 0.7498611905833197 0.15652191508659954 0.43799300836828065 1.5230856555322196 0.7168795702771417 
325 -1 1.5662468987312648 1.4266650457598937 1.432123070182398 0.5756504337622129 0.97585673188803 1.249680760776925 0.9038208008938681 
326 -1 1.457667027636619 1.1227147246918916 1.1354874703567117 0.15652191508659954 0.7313732211972348 1.1129783133992774 1.05960515974114 
327 1 -0.7682203298036219 -0.4838798295246908 -0.6146625686148368 1.3152889961309424 0.26685455088472404 -0.2540461603771965 -0.34245406988430815 
328 -1 1.0233475432580355 1.0792932502536057 1.2244781503044175 0.5509958150165887 0.7313732211972348 0.5661685238886879 0.748036442046596 
329 1 -0.9310901364455907 -1.135201946098981 -1.0596159683533661 -1.2487913534139865 -1.2489432153982059 -1.3476657393983758 -1.2148464794290315 
330 -1 0.6976079299740977 0.8187644036238896 1.1354874703567117 0.8715058587097048 1.4403754022005408 0.9762758660216301 1.8073700822080458 
331 1 -0.7139303942562989 -0.5707227784012628 -0.673989688579974 -1.051554403448992 -1.0778047579146492 -0.8008559498877861 -1.027905248812305 
332 -1 1.1319274143526812 1.1227147246918916 1.0168332304264374 0.7975420024728318 0.926960029749871 0.8395734186439827 0.8415070573549592 
333 -1 0.8061878010687435 0.8621858780621755 0.7795247505658883 0.8468512399640804 0.5846831147827577 0.8395734186439827 0.4987814678909608 
334 -1 -0.4967706520670071 -0.17992950845668873 -0.25869984882401337 1.4878713273503128 0.6091314658518373 0.4294660765110405 0.03142839134914471 
335 -1 1.6748267698259107 1.4266650457598937 1.5507773101126725 0.6003050525078373 1.2692369447169842 1.1129783133992774 1.5269582362829561 
336 1 -0.9853800719929137 -1.0049375227841228 -1.0596159683533661 -1.2487913534139865 -1.2244948643291265 -1.3476657393983758 -1.1525327358901227 
337 -1 0.5890280588794518 0.5582355569941735 0.4532255907576335 0.50168657752534 0.7069248701281553 0.9762758660216301 0.592252083199324 
338 1 -0.9310901364455907 -1.048358997222409 -1.0596159683533661 -1.2241367346683623 -1.2000465132600469 -1.2109632920207283 -1.1525327358901227 
339 1 -0.9853800719929137 -0.7878301505926929 -0.8519710484753857 0.15652191508659954 -0.4421476301185819 -0.11734371299954909 -0.6851796593483066 
340 1 -1.0396700075402365 -1.048358997222409 -1.1189430883185034 -1.2241367346683623 -1.2000465132600469 -1.2109632920207283 -1.1213758641206684 
341 1 -1.0396700075402365 -1.091780471660695 -1.0299524083707974 -1.199482115922738 -1.1755981621909675 -1.484368186776023 -1.1525327358901227 
342 -1 0.42615825223748294 0.42797113367931544 0.5125527107227708 0.6989235274903346 0.8291666254735529 0.8395734186439827 0.4053108525825976 
343 -1 0.2632884455955141 0.21086376148788538 0.7795247505658883 0.2058311525778482 0.0468193912630084 1.5230856555322196 0.03142839134914471 
344 1 -0.4967706520670071 -0.3536154062098328 -0.34769052877171924 0.5263411962709643 0.12016444447024695 0.1560611817557457 -0.15551283926758172 
345 1 -0.8225102653509448 -0.39703688064811876 -0.6443261285974055 1.265979758639694 0.38909630623012165 0.8395734186439827 -0.43592468519267136 
346 -1 1.2405072854473271 1.5135079946364658 1.343132390234692 1.3892528523678154 1.3425819979242228 0.5661685238886879 1.3088601338967754 
347 -1 -0.17103103878306944 0.6884999803090315 0.809188310548457 0.3784134837972184 0.41354465729920115 -0.3907486077548439 0.46762459612150636 
348 -1 0.7518978655214207 0.7753429291856035 0.5125527107227708 0.50168657752534 0.5113380615755192 0.2927636291333931 0.34299710904368874 
349 -1 0.42615825223748294 0.6450785058707454 0.8981789904961628 0.27979500881472114 0.8291666254735529 0.5661685238886879 1.05960515974114 
350 1 -0.8225102653509448 -1.178623420537267 -1.0892795283359347 -1.2241367346683623 -1.2244948643291265 -1.0742608446430808 -1.1213758641206684 
351 1 -0.2253209743303924 -0.00624361070354468 -0.14004560889373888 1.58648980233281 0.8536149765426324 0.7028709712663354 0.21836962196587115 
352 -1 -0.008161232141100613 0.34112818480274343 0.3049077908447904 0.9208150962009534 0.9025116786807914 0.4294660765110405 0.7168795702771417 
353 -1 0.10041863895354528 0.25428523592617136 0.36423491080992765 -0.13933350986089227 -0.0020773108751506266 0.8395734186439827 -0.1866697110370361 
354 -1 0.5890280588794518 0.7319214547473175 0.720197630600751 0.42772272128846706 0.6335798169209168 0.9762758660216301 0.8103501855855049 
355 -1 0.10041863895354528 0.16744228704959938 0.09726287096681008 1.3645982336221911 0.3157512530228831 0.4294660765110405 -0.24898345457594492 
356 -1 0.9690576077107124 0.9056073525004615 0.9278425504787314 1.512525946095937 2.2716193385492445 0.2927636291333931 2.6486056199833143 
357 1 -1.0396700075402365 -1.178623420537267 -1.0299524083707974 -1.2487913534139865 -1.2244948643291265 -1.2109632920207283 -1.1213758641206684 
358 -1 0.6433179944267747 0.6450785058707454 0.9278425504787314 0.8221966212184562 1.2447885936479046 0.4294660765110405 1.5581151080524105 
359 1 -0.7139303942562989 -0.5707227784012628 -0.7926439285102486 -0.977590547212119 -1.1022531089837289 0.5661685238886879 -1.0902189923512138 
360 -1 1.403377092089296 1.0792932502536057 1.0168332304264374 0.2058311525778482 0.5357864126445987 0.8395734186439827 0.6234089549687784 
361 1 -0.9853800719929137 -1.091780471660695 -1.0892795283359347 -1.2487913534139865 -1.2244948643291265 -1.2109632920207283 -1.1213758641206684 
362 -1 0.5347381233321289 0.4713926081176014 0.5125527107227708 0.18117653383222387 0.217957848746565 0.9762758660216301 0.18721275019641673 
363 1 -0.9853800719929137 -1.048358997222409 -1.148606648301072 -1.2487913534139865 -1.2244948643291265 -1.2109632920207283 -1.183689607659577 
364 1 -0.8768002008982677 -1.048358997222409 -1.148606648301072 -1.2241367346683623 -1.1755981621909675 -1.2109632920207283 -1.1525327358901227 
365 1 -0.8225102653509448 -0.9180945739075509 -0.911298168440523 -1.1501728784314893 -1.1755981621909675 -1.0742608446430808 -1.0590621205817594 
366 1 -0.8225102653509448 -0.6141442528395489 -0.7036532485625426 0.6742689087447102 0.14461279553932646 -0.3907486077548439 -0.4670815569621258 
367 -1 1.403377092089296 1.0792932502536057 0.9871696704438687 0.3291042463059698 1.0003050829571094 1.1129783133992774 1.2465463903578664 
368 -1 0.9690576077107124 1.2529791480067496 1.9067400299034958 1.3152889961309424 0.6824765190590758 0.2927636291333931 1.4646444927440474 
369 -1 1.7291167053732337 1.3832435713216076 1.9364035898860645 0.8468512399640804 1.4403754022005408 1.9331929976651618 1.371173877435684 
370 -1 1.6748267698259107 1.6003509435130376 1.4914501901475352 0.7728873837272076 0.97585673188803 0.7028709712663354 1.215389518588412 
371 1 -0.8768002008982677 -1.135201946098981 -1.0892795283359347 -1.273445972159611 -1.2244948643291265 -1.3476657393983758 -1.1213758641206684 
372 1 -0.8768002008982677 -1.091780471660695 -1.0299524083707974 -1.2487913534139865 -1.2244948643291265 -1.2109632920207283 -1.1213758641206684 
373 -1 0.8061878010687435 0.8621858780621755 0.809188310548457 0.13186729634097524 0.5602347637136782 -1.2109632920207283 0.6545658267382328 
374 1 -0.8768002008982677 -1.135201946098981 -1.1189430883185034 -1.2981005909052352 -1.2489432153982059 -1.2109632920207283 -1.1525327358901227 
375 -1 0.31757838114283704 0.5582355569941735 0.4828891507402021 0.3291042463059698 0.1935094976774855 0.7028709712663354 0.4053108525825976 
376 1 -0.9853800719929137 -1.091780471660695 -1.0299524083707974 -1.2487913534139865 -1.2000465132600469 -1.2109632920207283 -1.183689607659577 
377 -1 0.6433179944267747 0.6016570314324595 0.6312069506530452 0.8961604774553291 0.5846831147827577 0.8395734186439827 0.8415070573549592 
378 1 -0.9310901364455907 -1.135201946098981 -1.0596159683533661 -1.2487913534139865 -1.2244948643291265 -1.2109632920207283 -1.1525327358901227 
379 -1 -0.3339008454250383 -0.13650803401840272 0.06759931098424145 1.1673612836571965 0.6824765190590758 -0.11734371299954909 0.3118402372742344 
380 1 -0.9310901364455907 -0.6141442528395489 -0.7333168085451113 1.3892528523678154 0.41354465729920115 -0.3907486077548439 -0.3736109416537626 
381 1 -0.9310901364455907 -1.222044894975553 -1.1189430883185034 -1.2487913534139865 -1.2244948643291265 -1.2109632920207283 -1.0902189923512138 
382 1 -0.8768002008982677 -1.091780471660695 -1.0299524083707974 -1.2241367346683623 -1.2000465132600469 -1.2109632920207283 -1.183689607659577 
383 -1 0.9147676721633895 0.8621858780621755 0.809188310548457 0.45237734003409136 1.1469951893715866 0.8395734186439827 1.371173877435684 
384 1 -0.9310901364455907 -1.048358997222409 -1.0892795283359347 -1.2241367346683623 -1.1755981621909675 -1.3476657393983758 -1.0902189923512138 
385 1 -0.4424807165196842 -0.22335098289497474 -0.22903628884144475 1.438562089859064 0.8291666254735529 -0.11734371299954909 0.18721275019641673 
386 -1 0.046128703406222334 0.34112818480274343 0.1565899909319473 1.3152889961309424 0.7558215722663144 0.7028709712663354 0.37415398081314316 
387 1 -0.8768002008982677 -1.178623420537267 -1.0892795283359347 -1.2487913534139865 -1.2489432153982059 -1.2109632920207283 -1.1213758641206684 
388 1 -0.8768002008982677 -1.222044894975553 -1.0892795283359347 -1.273445972159611 -1.2244948643291265 -1.2109632920207283 -1.1213758641206684 
389 -1 0.5890280588794518 0.6450785058707454 0.4532255907576335 0.5756504337622129 0.1935094976774855 0.7028709712663354 0.06258526311859912 
390 1 -0.8768002008982677 -1.091780471660695 -1.0596159683533661 -1.2487913534139865 -1.2244948643291265 -1.2109632920207283 -1.0590621205817594 
391 -1 0.8061878010687435 0.7319214547473175 0.8981789904961628 0.7235781462359588 1.0492017850952686 0.5661685238886879 1.215389518588412 
392 -1 0.6976079299740977 0.8621858780621755 0.9575061104613001 0.27979500881472114 0.7313732211972348 -0.8008559498877861 0.9661345444327768 
393 -1 0.15470857450086822 0.2977067103644574 0.4532255907576335 0.0825580588497266 0.7558215722663144 0.7028709712663354 1.0907620315105944 
394 1 -0.8768002008982677 -1.091780471660695 -1.0596159683533661 -1.2487913534139865 -1.1755981621909675 -1.2109632920207283 -1.1525327358901227 
395 -1 0.20899851004819117 0.16744228704959938 0.1269264309493787 0.30444962756034544 0.14461279553932646 0.5661685238886879 0.06258526311859912 
396 1 -1.0396700075402365 -1.222044894975553 -1.148606648301072 -1.2241367346683623 -1.2244948643291265 -1.2109632920207283 -1.183689607659577 
397 -1 1.5662468987312648 1.3398220968833217 1.194814590321849 0.5756504337622129 0.8047182744044734 0.7028709712663354 0.9661345444327768 
398 1 -0.9310901364455907 -1.135201946098981 -1.1189430883185034 -1.273445972159611 -1.2244948643291265 -1.2109632920207283 -1.1525327358901227 
399 1 -0.9853800719929137 -1.135201946098981 -1.0596159683533661 -1.199482115922738 -1.2244948643291265 -1.2109632920207283 -1.1525327358901227 
400 1 -0.9853800719929137 -0.9180945739075509 -1.0596159683533661 -1.1501728784314893 -1.2000465132600469 -0.9375583972654334 -1.0902189923512138 
401 -1 1.5119569631839418 1.6003509435130376 1.2541417102869863 1.3152889961309424 1.5870655086150178 0.7028709712663354 1.6204288515913194 
402 -1 0.15470857450086822 0.21086376148788538 0.334571350827359 1.1427066649115722 1.2203402425788252 0.8395734186439827 0.7791933138160504 
403 -1 0.6433179944267747 0.7319214547473175 0.6015433906704766 0.8468512399640804 0.3401996040919626 1.249680760776925 0.34299710904368874 
404 -1 0.9147676721633895 0.2977067103644574 0.6312069506530452 0.6249596712534616 0.5602347637136782 0.7028709712663354 0.748036442046596 
405 1 -0.4967706520670071 -0.26677245733326077 -0.4070176487368565 1.4878713273503128 0.6091314658518373 -0.5274510551324912 -0.12435596749812731 
406 -1 0.4804481877848059 0.8187644036238896 1.046496790409006 0.6989235274903346 0.7802699233353939 0.5661685238886879 0.8415070573549592 
407 1 -0.27961090987771536 -0.5273013039629768 -0.4070176487368565 -0.8050082159927489 -0.6132860876021385 -0.6641535025101387 -0.4670815569621258 
408 1 -0.8768002008982677 -0.9615160483458369 -0.911298168440523 -1.199482115922738 -1.1755981621909675 -1.2109632920207283 -1.0902189923512138 
409 1 -0.9310901364455907 -1.135201946098981 -1.0596159683533661 -1.2487913534139865 -1.2244948643291265 -1.3476657393983758 -1.1213758641206684 
410 -1 1.1319274143526812 1.2095576735684637 1.1354874703567117 1.044088189929075 0.9514083808189505 0.2927636291333931 0.9038208008938681 
411 -1 -0.38819078097236126 -0.0930865595801167 -0.288363408806582 0.9947789524378263 0.4868897105064397 0.2927636291333931 -0.062042223959218504 
412 -1 -0.008161232141100613 0.4713926081176014 0.4828891507402021 0.9701243336922021 1.4648237532696202 1.249680760776925 1.0907620315105944 
413 -1 2.5977556741304006 2.468780432278758 2.351693429642025 1.192015902402821 1.6115138596840974 1.3863832081545724 1.8073700822080458 
414 1 -0.8225102653509448 -1.0049375227841228 -1.0299524083707974 -1.199482115922738 -1.2000465132600469 -1.3476657393983758 -1.1213758641206684 
415 -1 0.4804481877848059 0.5148140825558875 0.5422162707053394 0.50168657752534 0.6580281679899963 0.8395734186439827 0.7168795702771417 
416 -1 0.42615825223748294 0.9490288269387476 1.2541417102869863 0.8715058587097048 0.97585673188803 1.3863832081545724 1.0907620315105944 
417 1 -0.9853800719929137 -1.091780471660695 -1.2079337682662092 -1.2487913534139865 -1.2244948643291265 -1.2109632920207283 -1.0590621205817594 
418 1 0.20899851004819117 0.6016570314324595 0.3049077908447904 0.8468512399640804 0.12016444447024695 0.5661685238886879 0.3118402372742344 
419 1 -0.9310901364455907 -1.091780471660695 -1.1189430883185034 -1.199482115922738 -1.2244948643291265 -1.2109632920207283 -1.0902189923512138 
420 1 -1.0396700075402365 -1.135201946098981 -1.148606648301072 -1.2487913534139865 -1.2000465132600469 -1.2109632920207283 -1.0902189923512138 
421 -1 1.7291167053732337 1.4700865201981796 1.3727959502172606 0.9701243336922021 0.8780633276117119 1.249680760776925 0.8726639291244136 
422 -1 0.8061878010687435 0.8621858780621755 0.9278425504787314 1.265979758639694 0.5846831147827577 0.9762758660216301 1.3088601338967754 
423 1 -0.9310901364455907 -1.135201946098981 -1.0892795283359347 -1.273445972159611 -1.2244948643291265 -1.2109632920207283 -1.0902189923512138 
424 -1 0.7518978655214207 0.8621858780621755 1.0168332304264374 0.7975420024728318 0.9025116786807914 0.7028709712663354 0.9972914162022313 
425 1 -1.0939599430875595 -1.178623420537267 -1.148606648301072 -1.273445972159611 -1.2244948643291265 -1.2109632920207283 -1.1213758641206684 
426 -1 0.8604777366160665 0.8187644036238896 1.1058239103741432 0.42772272128846706 0.926960029749871 1.3863832081545724 1.0284482879716856 
427 -1 0.5347381233321289 0.5582355569941735 0.8685154305135941 0.42772272128846706 0.8291666254735529 -0.11734371299954909 1.05960515974114 
428 -1 4.932222902665288 4.162217935371912 3.2712637891016523 1.4139074711134398 1.3181336468551432 1.3863832081545724 1.6515857233607738 
429 1 -0.3339008454250383 -0.31019393177154675 -0.22903628884144475 -0.509152791045257 -0.5154926833258204 0.4294660765110405 -0.3736109416537626 
430 -1 1.1862173499000042 0.9056073525004615 0.9871696704438687 0.30444962756034544 1.2692369447169842 1.1129783133992774 1.05960515974114 
431 1 -0.7682203298036219 -0.3536154062098328 -0.49600832868456235 1.265979758639694 0.38909630623012165 -0.11734371299954909 -0.21782658280649053 
432 -1 -0.008161232141100613 0.12402081261131336 0.06759931098424145 0.5756504337622129 0.6091314658518373 0.9762758660216301 0.4987814678909608 
433 1 -0.9310901364455907 -1.135201946098981 -1.1189430883185034 -1.2487913534139865 -1.2489432153982059 -1.0742608446430808 -1.1213758641206684 
434 1 -0.9853800719929137 -1.091780471660695 -1.1189430883185034 -1.2487913534139865 -1.2244948643291265 -1.0742608446430808 -1.1213758641206684 
435 1 -0.9853800719929137 -1.048358997222409 -1.0892795283359347 -1.2241367346683623 -1.2000465132600469 -1.2109632920207283 -1.0590621205817594 
436 1 -0.8768002008982677 -0.8746730994692649 -1.0892795283359347 -1.1748274971771135 -1.1511498111218879 -1.0742608446430808 -1.0902189923512138 
437 -1 0.2632884455955141 0.3845496592410294 0.5422162707053394 0.10721267759535091 0.41354465729920115 0.8395734186439827 0.592252083199324 
438 1 -0.8225102653509448 -0.9180945739075509 -1.0892795283359347 -1.2241367346683623 -1.1755981621909675 -1.0742608446430808 -1.183689607659577 
439 1 -1.0396700075402365 -1.135201946098981 -1.0892795283359347 -1.2487913534139865 -1.2244948643291265 -1.3476657393983758 -1.1213758641206684 
440 -1 0.046128703406222334 0.12402081261131336 0.06759931098424145 0.8221966212184562 0.5113380615755192 0.7028709712663354 0.3118402372742344 
441 1 -0.27961090987771536 0.25428523592617136 0.1565899909319473 1.1673612836571965 1.0003050829571094 0.4294660765110405 0.7791933138160504 
442 -1 0.20899851004819117 0.34112818480274343 0.571879830687908 0.6989235274903346 -0.12431906622054821 0.4294660765110405 -0.34245406988430815 
443 1 -1.1482498786348825 -1.048358997222409 -1.0596159683533661 -1.2487913534139865 -1.2244948643291265 -1.2109632920207283 -1.1213758641206684 
444 1 -0.9853800719929137 -0.7444086761544069 -0.8223074884928171 0.7482327649815832 -0.14876741728962772 0.1560611817557457 -0.5605521722704889 
445 -1 1.5119569631839418 1.5569294690747517 1.7584222299906527 0.7482327649815832 1.3914787000623818 0.8395734186439827 1.6515857233607738 
446 -1 0.046128703406222334 0.16744228704959938 0.06759931098424145 1.2413251398940695 0.6091314658518373 0.5661685238886879 0.12489900665750793 
447 -1 0.6976079299740977 0.5582355569941735 0.5125527107227708 -0.04071503487839499 0.3157512530228831 0.01935873437809831 0.4053108525825976 
448 -1 1.7291167053732337 1.4700865201981796 1.3727959502172606 0.8468512399640804 0.7313732211972348 0.7028709712663354 0.7168795702771417 
449 1 -0.9310901364455907 -1.135201946098981 -1.0892795283359347 -1.2487913534139865 -1.2244948643291265 -1.2109632920207283 -1.1213758641206684 
450 1 -0.9853800719929137 -1.178623420537267 -1.1782702082836405 -1.273445972159611 -1.2489432153982059 -1.2109632920207283 -1.2148464794290315 
451 -1 1.0233475432580355 0.9924503013770336 1.0761603503915744 1.044088189929075 1.3670303489933022 0.5661685238886879 1.277703262127321 
452 -1 0.20899851004819117 0.4713926081176014 0.4828891507402021 0.7482327649815832 1.1714435404406662 0.8395734186439827 0.8103501855855049 
453 -1 0.31757838114283704 0.5148140825558875 0.4235620307750649 0.8961604774553291 0.29130290195380354 0.5661685238886879 0.09374213488805352 
454 1 -0.9310901364455907 -1.135201946098981 -1.0892795283359347 -1.273445972159611 -1.1755981621909675 -1.3476657393983758 -1.1213758641206684 
455 1 -0.9853800719929137 -1.135201946098981 -1.0892795283359347 -1.273445972159611 -1.2244948643291265 -1.2109632920207283 -1.1213758641206684 
456 -1 0.15470857450086822 0.3845496592410294 0.24558067087965318 0.42772272128846706 0.5846831147827577 0.9762758660216301 0.6857226985076872 
457 -1 1.403377092089296 1.4266650457598937 1.2541417102869863 1.4632167086046883 1.782652317167654 0.9762758660216301 1.8385269539775002 
458 -1 0.8061878010687435 0.8621858780621755 0.8388518705310256 0.8715058587097048 0.5846831147827577 0.9762758660216301 1.05960515974114 
