id label data 
0 -1 -0.17230337921793892 -0.7737011777570644 -0.8123499950484561 -1.5419209975286068 -1.3329964521852247 -0.788331348101129 -1.173057311876213 
1 1 -0.9763858155683168 -1.1361039599034963 -0.29244599821744416 -2.2420364774875416 -1.18360125274085 1.430374404802048 -0.449231546467776 
2 1 -0.9763858155683168 -1.1361039599034963 -1.1372899930678384 -0.7542910825748049 -0.7727644542688193 -0.27632232820039593 -0.78701690365838 
3 1 0.09572409956552036 0.6759099508286638 0.7473619954445796 1.171026487312266 2.0283955353132073 1.089035058201559 1.5292255456486183 
4 -1 0.7657927965241685 0.3135071686822317 0.42242199742519715 -0.4042333425953375 -0.7727644542688193 -0.788331348101129 -0.20795629133163035 
5 1 0.4977653177407093 0.6759099508286638 1.3972419914833445 -0.5792622125850713 0.08625794253633544 2.2837227713032697 0.22633916791343187 
6 1 -1.5124407731352354 -0.5320993229927764 -0.7473619954445796 0.5584254423481979 0.609141140591647 -0.27632232820039593 -0.25621134235885945 
7 -1 1.703888972266276 1.2799145877393838 1.332253991879468 -0.4042333425953375 -0.3245788559356951 -0.27632232820039593 0.274594218940661 
8 -1 0.7657927965241685 0.9175118055929518 1.072301993463962 0.12085326737386365 0.9079315394803965 1.089035058201559 1.4809704946213893 
9 1 0.4977653177407093 0.6759099508286638 0.5523979966329501 0.4709110073533311 1.0573267389247714 0.577026038300826 0.8536548312674106 
10 1 -2.5845506882690725 -2.827316943253513 -2.7619899831647508 -0.2292044726056038 -1.1089036530186624 -2.3243584078033286 -1.8003729752301918 
11 -1 0.4977653177407093 0.3135071686822317 0.8773379946523325 -0.4917477775902044 0.497094741008366 -1.129670694701618 1.5774805966758476 
12 1 -1.5124407731352354 -1.2569048872856405 -1.2022779926717149 1.3460553573019998 -0.5860204549633509 0.06501701840009287 -1.3178224649579005 
13 -1 -0.5743445973931278 -0.7737011777570644 -0.6823739958407031 -1.6294354325234737 -1.0342060532964752 -0.6176616748008847 -0.40097649544054687 
14 1 0.36375157834897964 0.7967108782108078 0.8123499950484561 -0.14169003761073695 0.4597459411472723 1.7717137514025367 0.9019098822946398 
15 -1 1.1678340146993575 1.0383127329750959 0.8123499950484561 -0.05417560261587008 -0.3245788559356951 -0.788331348101129 0.22633916791343187 
16 1 0.4977653177407093 0.7967108782108078 1.072301993463962 0.2083677023687305 1.4681635373968018 1.6010440781022923 1.0949300864035563 
17 1 -1.3784270337435058 -1.3777058146677845 -1.8521579887104798 2.9213151872096033 -0.47397405538006987 -1.4710100413021066 -1.4625876180395878 
18 1 0.631779057132439 0.6759099508286638 1.0073139938600855 0.7334543123379317 2.2151395346186757 1.7717137514025367 1.8670109028392223 
19 -1 0.36375157834897964 0.07190531391794368 0.03249399980193824 -0.2292044726056038 -0.7354156544077256 0.577026038300826 -0.25621134235885945 
20 -1 0.36375157834897964 0.3135071686822317 0.2274579986135677 -0.8418055175696718 0.2356531419807102 0.06501701840009287 0.37110432099511925 
21 1 -0.3063171186096686 0.1927062413000877 0.16246999900969122 1.4335697922968667 1.4681635373968018 0.40635636500058164 0.8053997802401814 
22 1 -2.1825094700938834 -2.7065160158713684 -2.5670259843531213 0.6459398773430648 -1.0342060532964752 -0.9590010214013734 -1.8486280262574208 
23 1 -0.3063171186096686 0.3135071686822317 0.4874099970290736 -0.31671890760047067 -0.47397405538006987 0.06501701840009287 -0.4974865974950051 
24 1 -1.646454512526965 -1.6193076694320725 -1.3972419914833445 1.783627532276334 -0.5486716551022572 -0.9590010214013734 -1.4143325670123588 
25 1 0.4977653177407093 0.7967108782108078 0.8773379946523325 0.12085326737386365 1.6922563365633638 1.089035058201559 1.4327154435941603 
26 1 1.9719164510497353 -1.0153030325213523 -0.942325994256209 0.4709110073533311 0.1983043421196165 -0.4469920015006403 -0.20795629133163035 
27 -1 0.631779057132439 1.0383127329750959 0.8123499950484561 0.4709110073533311 0.38504834142508493 -0.27632232820039593 0.08157401483174445 
28 -1 0.09572409956552036 0.3135071686822317 0.2274579986135677 -0.6667766475799382 0.048909142675241754 -0.10565265490015152 0.37110432099511925 
29 -1 0.22973783895725 -0.41129839561063236 -0.03249399980193824 -1.2793776925440061 -1.1462524528797562 -0.10565265490015152 -0.7387618526311508 
30 -1 0.36375157834897964 0.1927062413000877 0.03249399980193824 -0.7542910825748049 -0.13783485663022668 -0.4469920015006403 -0.15970124030440122 
31 1 -0.4403308580013982 0.07190531391794368 0.4874099970290736 -1.45440656253374 -1.1462524528797562 0.9183653849013148 -0.4974865974950051 
32 -1 -0.03828963982620929 -0.41129839561063236 -0.4874099970290736 -0.7542910825748049 -1.407694051907412 -0.27632232820039593 -1.0282921587945255 
33 1 -1.1103995549600465 -0.16969654084634433 -0.8123499950484561 1.2585409223071329 1.0199779390636776 -0.10565265490015152 1.1431851374307853 
34 -1 -0.3063171186096686 -0.2904974682284884 -0.29244599821744416 -0.4042333425953375 -0.4366252555189762 0.06501701840009287 -0.449231546467776 
35 -1 1.0338202753076278 0.9175118055929518 0.42242199742519715 -0.6667766475799382 -0.3245788559356951 -0.788331348101129 -0.014936087222713812 
36 -1 1.4358614934828169 1.7631182972679598 1.2022779926717149 1.2585409223071329 1.0573267389247714 -0.10565265490015152 0.8053997802401814 
37 -1 -0.03828963982620929 -0.16969654084634433 -0.3574339978213207 -0.2292044726056038 0.12360674239742912 -1.129670694701618 0.6606346271584941 
38 -1 -0.4403308580013982 0.07190531391794368 -0.42242199742519715 0.9959976173225322 -1.0715548531575687 -1.3003403680018621 -1.2695674139306712 
39 1 0.09572409956552036 0.4343080960643757 0.7473619954445796 -0.4917477775902044 0.12360674239742912 0.9183653849013148 0.12982906585897358 
40 -1 1.301847754091087 0.9175118055929518 -0.16246999900969122 0.29588213736359736 -1.18360125274085 -1.129670694701618 -1.2213123629034421 
41 1 0.631779057132439 1.0383127329750959 1.1372899930678384 0.29588213736359736 1.8790003358688323 1.089035058201559 1.6257356477030767 
